0 0.0578125 0.46328125 0.0625 0.1671875
0 0.1859375 0.425 0.09375 0.13125
0 0.246875 0.409375 0.071875 0.10234375
0 0.4234375 0.43984375 0.059375 0.13671875
0 0.47265625 0.4796875 0.05703125 0.11328125
0 0.490625 0.80703125 0.07109375 0.12578125
0 0.48984375 0.9515625 0.07421875 0.09375
0 0.81328125 0.5828125 0.0515625 0.12734375
0 0.9703125 0.91015625 0.05 0.13046875
0 0.7359375 0.4 0.04765625 0.11484375
0 0.79765625 0.353125 0.0515625 0.128125
0 0.96953125 0.26953125 0.0609375 0.1109375
0 0.8875 0.3234375 0.05234375 0.128125
0 0.8453125 0.26484375 0.078125 0.07890625
0 0.5984375 0.74453125 0.06015625 0.10390625
0 0.34609375 0.346875 0.05859375 0.12890625
0 0.678125 0.35859375 0.06640625 0.1015625