0 0.4078125 0.48515625 0.0828125 0.10546875
0 0.75 0.6578125 0.06328125 0.0921875
0 0.63671875 0.67109375 0.0703125 0.1359375
0 0.27578125 0.421875 0.06171875 0.1515625
0 0.04921875 0.96796875 0.09140625 0.0640625
0 0.94453125 0.22265625 0.07109375 0.0984375
0 0.43671875 0.8203125 0.10859375 0.10859375
0 0.4578125 0.153125 0.065625 0.0734375
0 0.71484375 0.928125 0.07578125 0.134375
0 0.22421875 0.86015625 0.08046875 0.15
0 0.57421875 0.85625 0.0828125 0.115625
0 0.47109375 0.7234375 0.06875 0.14453125
0 0.3265625 0.50625 0.059375 0.13125
0 0.19921875 0.22109375 0.08125 0.09453125
0 0.6671875 0.25078125 0.08515625 0.09296875
0 0.67578125 0.175 0.090625 0.08203125
0 0.40390625 0.26796875 0.0484375 0.15625
0 0.46015625 0.2359375 0.07265625 0.103125
0 0.7515625 0.29140625 0.07421875 0.09296875
0 0.628125 0.39140625 0.0890625 0.10859375
0 0.9421875 0.94375 0.0921875 0.08203125
0 0.9734375 0.61640625 0.053125 0.09921875
0 0.97265625 0.0890625 0.04453125 0.04375
0 0.80703125 0.34921875 0.053125 0.1328125
0 0.88046875 0.4765625 0.0625 0.0859375
0 0.86953125 0.553125 0.08046875 0.08125
0 0.26875 0.175 0.0359375 0.07421875
0 0.28671875 0.2171875 0.04453125 0.10625
0 0.34375 0.2546875 0.07734375 0.08984375
0 0.559375 0.1546875 0.06875 0.0703125
0 0.7578125 0.19375 0.059375 0.0984375
0 0.85 0.275 0.090625 0.06796875
0 0.7921875 0.96015625 0.09453125 0.0796875