0 0.08515625 0.28046875 0.06953125 0.16171875
0 0.32890625 0.2140625 0.07109375 0.16171875
0 0.125 0.2421875 0.07578125 0.12421875
0 0.54609375 0.6859375 0.07421875 0.16796875
0 0.40546875 0.31796875 0.0703125 0.1859375
0 0.45859375 0.68515625 0.08203125 0.15625
0 0.4265625 0.903125 0.065625 0.17578125
0 0.809375 0.7546875 0.07421875 0.17109375
0 0.21640625 0.6734375 0.08671875 0.13671875
0 0.5484375 0.87578125 0.0578125 0.15625
0 0.83671875 0.475 0.0890625 0.14765625
0 0.2296875 0.23515625 0.1 0.121875
0 0.4875 0.8875 0.07421875 0.1484375
0 0.4765625 0.07890625 0.06875 0.1578125
0 0.4046875 0.05078125 0.06796875 0.10078125
0 0.50625 0.503125 0.0875 0.12265625
0 0.9390625 0.8078125 0.1171875 0.11875
0 0.04375 0.4734375 0.08671875 0.10390625
0 0.28203125 0.92265625 0.0921875 0.12265625
0 0.6765625 0.8953125 0.10078125 0.11328125
0 0.95390625 0.5265625 0.0921875 0.09609375
0 0.15234375 0.940625 0.09765625 0.10390625
0 0.94453125 0.6046875 0.09609375 0.109375
0 0.83515625 0.9609375 0.13046875 0.078125