0 0.184375 0.20234375 0.05625 0.16328125
0 0.1265625 0.2234375 0.0625 0.15546875
0 0.08203125 0.61171875 0.071875 0.15703125
0 0.44375 0.5203125 0.0609375 0.17109375
0 0.378125 0.54609375 0.0859375 0.1796875
0 0.628125 0.5828125 0.09296875 0.1859375
0 0.5015625 0.66875 0.071875 0.16484375
0 0.821875 0.6515625 0.0625 0.2140625
0 0.26171875 0.71015625 0.06875 0.16484375
0 0.1625 0.803125 0.06953125 0.16015625
0 0.92890625 0.26015625 0.06328125 0.18125
0 0.0609375 0.80859375 0.05546875 0.13671875
0 0.98046875 0.3453125 0.0390625 0.1984375
0 0.65859375 0.7671875 0.0953125 0.09375
0 0.67421875 0.36484375 0.0515625 0.19140625
0 0.9546875 0.521875 0.08515625 0.17265625
0 0.33828125 0.85234375 0.07578125 0.1328125
0 0.440625 0.78203125 0.08515625 0.13125
0 0.28984375 0.92890625 0.08046875 0.13828125
0 0.84296875 0.46796875 0.10625 0.11328125
0 0.71171875 0.49375 0.1046875 0.19609375
0 0.8671875 0.75859375 0.078125 0.11328125
0 0.82421875 0.89453125 0.10546875 0.115625
0 0.546875 0.92890625 0.09921875 0.10625