0 0.7046875 0.79609375 0.09765625 0.11796875
0 0.23046875 0.8078125 0.09921875 0.09296875
0 0.11796875 0.7109375 0.08359375 0.1171875
0 0.0359375 0.3703125 0.071875 0.06640625
0 0.1296875 0.30859375 0.040625 0.109375
0 0.02421875 0.3796875 0.0484375 0.084375
0 0.6375 0.73515625 0.10078125 0.1
0 0.359375 0.7140625 0.096875 0.10390625
0 0.4625 0.9453125 0.1 0.09453125
0 0.6296875 0.9078125 0.1 0.14296875
0 0.44453125 0.7703125 0.096875 0.1296875
0 0.19609375 0.6296875 0.0796875 0.12109375
0 0.259375 0.5359375 0.0671875 0.12890625
0 0.5890625 0.6203125 0.06875 0.121875
0 0.93125 0.8296875 0.08984375 0.15625
0 0.46953125 0.59375 0.078125 0.14921875
0 0.57109375 0.16171875 0.09921875 0.10546875
0 0.42734375 0.86015625 0.1 0.0890625
0 0.93125 0.9265625 0.1 0.11015625
0 0.36328125 0.5765625 0.0953125 0.1515625
0 0.665625 0.23046875 0.0609375 0.10859375
0 0.971875 0.27734375 0.05625 0.1015625
0 0.321875 0.59296875 0.0671875 0.109375
0 0.79609375 0.94375 0.07421875 0.10703125
0 0.48203125 0.39140625 0.05234375 0.15625
0 0.6890625 0.0890625 0.05546875 0.15
0 0.7734375 0.06875 0.078125 0.11328125
0 0.728125 0.603125 0.059375 0.1546875
0 0.0359375 0.83046875 0.06484375 0.12109375
0 0.1421875 0.5109375 0.0515625 0.13203125
0 0.9640625 0.04609375 0.06953125 0.08984375
0 0.07265625 0.94921875 0.05546875 0.096875
0 0.5640625 0.43125 0.06875 0.18515625
0 0.2296875 0.3296875 0.04296875 0.09296875
0 0.646875 0.5046875 0.053125 0.15390625
0 0.240625 0.1671875 0.05625 0.128125
0 0.49921875 0.03671875 0.053125 0.06640625
0 0.53828125 0.53359375 0.0796875 0.140625
0 0.271875 0.3234375 0.05703125 0.10703125
0 0.684375 0.5046875 0.0625 0.146875
0 0.6296875 0.3765625 0.07890625 0.10546875
0 0.3890625 0.9453125 0.10390625 0.10390625
0 0.9578125 0.55390625 0.08046875 0.2484375
0 0.18515625 0.41015625 0.06875 0.18515625
0 0.29453125 0.98515625 0.0640625 0.0296875
0 0.51015625 0.3296875 0.09609375 0.06171875
0 0.22421875 0.9859375 0.0546875 0.028125
0 0.12734375 0.453125 0.0828125 0.07734375