0 0.35 0.2421875 0.0875 0.1375
0 0.25703125 0.353125 0.10625 0.125
0 0.50859375 0.1609375 0.096875 0.1234375
0 0.9234375 0.36171875 0.0796875 0.14140625
0 0.5296875 0.08515625 0.10234375 0.11640625
0 0.48984375 0.29375 0.06484375 0.175
0 0.7328125 0.2890625 0.0640625 0.17109375
0 0.14140625 0.5671875 0.10234375 0.11796875
0 0.94453125 0.59921875 0.0765625 0.10859375
0 0.4328125 0.69375 0.0859375 0.1203125
0 0.8328125 0.41015625 0.09453125 0.12265625
0 0.6171875 0.39375 0.07890625 0.15703125
0 0.86796875 0.5171875 0.09765625 0.134375
0 0.07109375 0.93125 0.0765625 0.13125
0 0.36875 0.49609375 0.09140625 0.10859375
0 0.81171875 0.8484375 0.09453125 0.1265625
0 0.30625 0.77421875 0.075 0.1390625
0 0.9359375 0.49375 0.07265625 0.13046875
0 0.0484375 0.61953125 0.0953125 0.1234375
0 0.93671875 0.8546875 0.06328125 0.17734375
0 0.65859375 0.95546875 0.0921875 0.0890625
0 0.75 0.78203125 0.0609375 0.17890625
0 0.71328125 0.4359375 0.0640625 0.146875
0 0.16484375 0.69609375 0.0796875 0.1453125
0 0.79375 0.9546875 0.10703125 0.0890625
0 0.36875 0.59765625 0.07578125 0.11171875
0 0.29921875 0.57890625 0.0734375 0.17890625
0 0.45703125 0.47421875 0.09453125 0.12734375
0 0.6046875 0.8375 0.08203125 0.1421875
0 0.7984375 0.61953125 0.0875 0.12890625
0 0.49453125 0.54296875 0.06953125 0.12265625
0 0.6734375 0.85 0.09453125 0.12890625
0 0.671875 0.546875 0.08203125 0.178125
0 0.4328125 0.80390625 0.06640625 0.14296875
0 0.78203125 0.5234375 0.078125 0.121875
0 0.359375 0.85078125 0.06015625 0.17421875
0 0.55625 0.509375 0.06796875 0.16015625
0 0.52890625 0.78984375 0.0625 0.1703125
0 0.228125 0.69453125 0.07421875 0.2734375
0 0.5984375 0.64921875 0.09609375 0.22421875
0 0.40390625 0.85234375 0.0640625 0.14609375
0 0.49140625 0.846875 0.05703125 0.165625
0 0.06328125 0.5203125 0.0703125 0.140625
0 0.125 0.45234375 0.10625 0.1609375