0 0.31875 0.38828125 0.09375 0.09921875
0 0.278125 0.0546875 0.0953125 0.109375
0 0.628125 0.7609375 0.06875 0.134375
0 0.1625 0.578125 0.09375 0.09609375
0 0.334375 0.896875 0.09765625 0.1265625
0 0.20703125 0.9328125 0.078125 0.12890625
0 0.659375 0.8390625 0.05625 0.15234375
0 0.771875 0.7953125 0.06796875 0.11171875
0 0.8125 0.75078125 0.0546875 0.0953125
0 0.9140625 0.7359375 0.04921875 0.134375
0 0.7828125 0.90234375 0.0640625 0.1015625
0 0.7359375 0.9328125 0.05078125 0.11875
0 0.5203125 0.9171875 0.04296875 0.165625