0 0.48828125 0.63359375 0.0609375 0.12578125
0 0.56640625 0.33125 0.0625 0.13203125
0 0.803125 0.3890625 0.06328125 0.1625
0 0.50234375 0.128125 0.08515625 0.0984375
0 0.60625 0.4296875 0.0578125 0.1453125
0 0.96953125 0.5296875 0.0609375 0.125
0 0.321875 0.4609375 0.05625 0.0953125
0 0.7171875 0.56015625 0.0875 0.11640625
0 0.696875 0.13671875 0.065625 0.1046875
0 0.2296875 0.77265625 0.0921875 0.14921875
0 0.80390625 0.890625 0.08515625 0.13515625
0 0.0265625 0.4453125 0.05234375 0.13203125
0 0.696875 0.68828125 0.08984375 0.1328125
0 0.16015625 0.3140625 0.05703125 0.06875
0 0.346875 0.58046875 0.09140625 0.128125
0 0.85 0.95546875 0.0875 0.0890625
0 0.87109375 0.12421875 0.0703125 0.09765625
0 0.27421875 0.32578125 0.0859375 0.09921875
0 0.0796875 0.51953125 0.071875 0.11328125
0 0.2765625 0.92265625 0.11953125 0.15234375
0 0.3671875 0.3703125 0.0671875 0.13046875
0 0.91328125 0.43359375 0.0828125 0.08984375
0 0.6484375 0.5296875 0.065625 0.09375