0 0.33515625 0.48671875 0.05390625 0.13125
0 0.66328125 0.871875 0.07421875 0.16953125
0 0.64765625 0.52265625 0.05625 0.1671875
0 0.65234375 0.3546875 0.07890625 0.13671875
0 0.54296875 0.9359375 0.0859375 0.121875
0 0.1203125 0.26796875 0.06015625 0.13984375
0 0.7796875 0.33046875 0.059375 0.14140625
0 0.03828125 0.4046875 0.07578125 0.10390625
0 0.946875 0.23046875 0.0796875 0.0953125
0 0.509375 0.1765625 0.084375 0.1015625
0 0.66875 0.2203125 0.0796875 0.11328125
0 0.73828125 0.4609375 0.10703125 0.109375
0 0.5171875 0.27421875 0.078125 0.12421875
0 0.85859375 0.275 0.08359375 0.08671875
0 0.34296875 0.26484375 0.0796875 0.08359375
0 0.41875 0.3109375 0.08359375 0.14140625
0 0.75625 0.19609375 0.0671875 0.1359375
0 0.20546875 0.2875 0.0703125 0.16640625
0 0.8359375 0.340625 0.06796875 0.165625