0 0.0921875 0.771875 0.0828125 0.125
0 0.28984375 0.33125 0.0578125 0.109375
0 0.41171875 0.1171875 0.0546875 0.1125
0 0.921875 0.440625 0.065625 0.0828125
0 0.12421875 0.42890625 0.06015625 0.1328125
0 0.5203125 0.4328125 0.06640625 0.1140625
0 0.2390625 0.3140625 0.059375 0.10390625
0 0.1921875 0.59453125 0.0640625 0.12890625
0 0.4515625 0.47578125 0.06328125 0.1578125
0 0.30625 0.6125 0.05703125 0.16015625
0 0.14453125 0.58671875 0.05234375 0.1390625
0 0.2578125 0.5015625 0.0625 0.14375
0 0.8078125 0.4375 0.0640625 0.12734375
0 0.56796875 0.39765625 0.0671875 0.128125
0 0.18359375 0.10234375 0.06796875 0.15546875
0 0.075 0.48828125 0.0671875 0.13203125
0 0.4 0.45859375 0.0546875 0.146875
0 0.209375 0.7125 0.11015625 0.14296875
0 0.08203125 0.58671875 0.07734375 0.1546875
0 0.18046875 0.4234375 0.06484375 0.1015625
0 0.0265625 0.43671875 0.05 0.12421875
0 0.35078125 0.45546875 0.05 0.11640625
0 0.19765625 0.4875 0.07109375 0.1046875
0 0.315625 0.0640625 0.07890625 0.1046875
0 0.775 0.35703125 0.07890625 0.09921875
0 0.35859375 0.540625 0.090625 0.1296875
0 0.46171875 0.13125 0.05625 0.09296875
0 0.771875 0.05859375 0.05625 0.1171875
0 0.625 0.3890625 0.0828125 0.13671875
0 0.26484375 0.1375 0.08515625 0.09140625
0 0.97734375 0.4859375 0.0453125 0.10859375
0 0.48984375 0.346875 0.05078125 0.09296875
0 0.9125 0.83125 0.0953125 0.09921875
0 0.05390625 0.3125 0.09453125 0.12890625
0 0.640625 0.978125 0.09453125 0.04296875
0 0.3359375 0.15078125 0.05859375 0.059375
0 0.9609375 0.1703125 0.053125 0.09453125
0 0.659375 0.32109375 0.05390625 0.08046875
0 0.3421875 0.3328125 0.04921875 0.08984375
0 0.7140625 0.32109375 0.0515625 0.07890625
0 0.859375 0.41796875 0.0484375 0.096875
0 0.56796875 0.30859375 0.07265625 0.05546875
0 0.01796875 0.49453125 0.0359375 0.1265625
0 0.5109375 0.16328125 0.06328125 0.0328125
0 0.83125 0.17734375 0.06484375 0.0359375
0 0.9171875 0.16484375 0.03828125 0.07421875
0 0.834375 0.3453125 0.0375 0.0671875
0 0.5375 0.3671875 0.0453125 0.06328125
0 0.50859375 0.2 0.0765625 0.10625
0 0.2109375 0.23046875 0.05625 0.13515625
0 0.9109375 0.9359375 0.09296875 0.1203125
0 0.0828125 0.2015625 0.0734375 0.1359375