0 0.8171875 0.96640625 0.090625 0.0671875
0 0.10390625 0.72265625 0.059375 0.1375
0 0.16953125 0.559375 0.06875 0.1046875
0 0.32578125 0.6140625 0.0484375 0.07890625
0 0.740625 0.63828125 0.06875 0.0984375
0 0.08203125 0.9265625 0.08203125 0.1453125
0 0.89375 0.6515625 0.07421875 0.14453125
0 0.72421875 0.76953125 0.0515625 0.09453125
0 0.671875 0.62578125 0.05625 0.09375
0 0.265625 0.4859375 0.0578125 0.0671875
0 0.4625 0.6671875 0.07109375 0.084375
0 0.8015625 0.76015625 0.08125 0.0859375
0 0.44296875 0.4625 0.059375 0.0890625
0 0.8859375 0.7546875 0.1 0.07265625
0 0.38984375 0.5359375 0.04765625 0.0671875
0 0.06875 0.346875 0.0796875 0.134375