0 0.38359375 0.54609375 0.05625 0.090625
0 0.734375 0.1609375 0.05546875 0.08515625
0 0.35 0.275 0.04375 0.08828125
0 0.40703125 0.21796875 0.03984375 0.06796875
0 0.49453125 0.225 0.04921875 0.07890625
0 0.44375 0.23203125 0.04375 0.08515625
0 0.6765625 0.08359375 0.06875 0.10703125
0 0.57265625 0.10078125 0.040625 0.0734375
0 0.86796875 0.121875 0.05859375 0.09296875
0 0.5375 0.165625 0.05703125 0.10703125
0 0.77578125 0.0765625 0.04765625 0.08671875
0 0.31015625 0.1359375 0.0390625 0.07109375
0 0.22421875 0.23046875 0.0453125 0.0625
0 0.45 0.1515625 0.0546875 0.0671875
0 0.62578125 0.0484375 0.065625 0.09296875
0 0.275 0.19921875 0.0578125 0.06953125
0 0.4046875 0.0671875 0.04921875 0.09765625
0 0.91171875 0.1671875 0.0734375 0.06953125
0 0.3546875 0.11640625 0.05546875 0.06640625
0 0.303125 0.9265625 0.04765625 0.1109375
0 0.5375 0.290625 0.053125 0.0625
0 0.02421875 0.92421875 0.04609375 0.0796875
0 0.4171875 0.9484375 0.040625 0.1015625
0 0.53984375 0.6625 0.04453125 0.12421875
0 0.4984375 0.93515625 0.05 0.11171875
0 0.38359375 0.84296875 0.05390625 0.0859375
0 0.26640625 0.14296875 0.05546875 0.07109375
0 0.0328125 0.8171875 0.0625 0.11953125
0 0.55078125 0.05234375 0.04609375 0.1
0 0.35625 0.040625 0.046875 0.07265625
0 0.1078125 0.784375 0.04296875 0.084375
0 0.55859375 0.9609375 0.04453125 0.078125
0 0.98359375 0.11640625 0.0328125 0.0765625
0 0.51796875 0.04765625 0.0390625 0.08984375
0 0.82421875 0.80546875 0.05390625 0.10234375
0 0.825 0.0375 0.0421875 0.0734375
0 0.77578125 0.80859375 0.0671875 0.09140625
0 0.51171875 0.74375 0.0578125 0.0796875
0 0.3234375 0.04765625 0.0484375 0.06875
0 0.49140625 0.7015625 0.05546875 0.10859375
0 0.696875 0.96171875 0.0609375 0.071875
0 0.31796875 0.975 0.06015625 0.0484375
0 0.2875 0.090625 0.04453125 0.0609375
0 0.49921875 0.134375 0.04375 0.065625