0 0.50078125 0.190625 0.1109375 0.08828125
0 0.2171875 0.41953125 0.090625 0.10390625
0 0.4125 0.4578125 0.103125 0.09765625
0 0.578125 0.446875 0.115625 0.1046875
0 0.1125 0.3703125 0.08984375 0.1015625
0 0.70546875 0.3015625 0.07421875 0.140625
0 0.9265625 0.37109375 0.0765625 0.13984375
0 0.4703125 0.72421875 0.08984375 0.1140625
0 0.790625 0.7609375 0.08359375 0.10390625
0 0.03125 0.05546875 0.06015625 0.09453125
0 0.8859375 0.88203125 0.09296875 0.11328125
0 0.0515625 0.28515625 0.05859375 0.07890625
0 0.38203125 0.621875 0.08046875 0.15625
0 0.14765625 0.86796875 0.06796875 0.1078125
0 0.04140625 0.46484375 0.05625 0.09609375
0 0.04765625 0.1796875 0.04296875 0.1484375
0 0.03515625 0.921875 0.06953125 0.1046875
0 0.70625 0.69609375 0.065625 0.13984375
0 0.6140625 0.725 0.06796875 0.17890625
0 0.0953125 0.61796875 0.0640625 0.10859375
0 0.18828125 0.73125 0.084375 0.1078125
0 0.45234375 0.559375 0.07421875 0.1265625
0 0.31640625 0.88046875 0.0859375 0.1140625
0 0.11328125 0.74453125 0.05859375 0.10078125
0 0.46015625 0.95859375 0.09765625 0.0765625
0 0.3453125 0.53984375 0.0546875 0.12109375
0 0.54609375 0.91796875 0.096875 0.1296875
0 0.5203125 0.8328125 0.065625 0.0953125
0 0.234375 0.58515625 0.053125 0.12578125
0 0.2375 0.878125 0.05 0.1078125