0 0.05625 0.86171875 0.0609375 0.109375
0 0.78671875 0.77109375 0.09140625 0.11875
0 0.871875 0.89765625 0.07890625 0.1625
0 0.85859375 0.5953125 0.0921875 0.10390625
0 0.7359375 0.5390625 0.05234375 0.125
0 0.503125 0.63671875 0.075 0.121875
0 0.271875 0.6296875 0.06015625 0.12421875
0 0.31640625 0.60546875 0.08359375 0.0828125
0 0.10390625 0.5984375 0.0765625 0.14140625
0 0.05703125 0.6375 0.04375 0.1453125
0 0.090625 0.43125 0.0765625 0.14453125
0 0.2875 0.5 0.06015625 0.1015625
0 0.34296875 0.4875 0.04609375 0.115625
0 0.45859375 0.49375 0.0625 0.134375
0 0.57734375 0.58125 0.06953125 0.084375
0 0.84375 0.10078125 0.065625 0.1390625
0 0.6859375 0.06875 0.07421875 0.1328125
0 0.63828125 0.20703125 0.09140625 0.10078125
0 0.69296875 0.21328125 0.0484375 0.14921875
0 0.95 0.1484375 0.0671875 0.18671875
0 0.78671875 0.19375 0.0734375 0.08203125
0 0.87578125 0.31484375 0.0421875 0.1609375
0 0.68984375 0.4625 0.06875 0.11484375
0 0.78046875 0.4703125 0.08515625 0.10546875
0 0.521875 0.49453125 0.05859375 0.09140625
0 0.48984375 0.396875 0.078125 0.09375
0 0.57890625 0.44453125 0.08984375 0.0859375
0 0.59609375 0.5328125 0.07109375 0.08984375
0 0.3015625 0.3421875 0.06484375 0.07421875
0 0.309375 0.4078125 0.07421875 0.09765625
0 0.3859375 0.4234375 0.06875 0.06953125
0 0.4421875 0.3640625 0.04921875 0.08671875
0 0.5546875 0.03984375 0.05390625 0.0796875
0 0.47265625 0.0765625 0.09375 0.1453125
0 0.35703125 0.0484375 0.06171875 0.09609375
0 0.32265625 0.15234375 0.05625 0.14609375
0 0.1859375 0.165625 0.05703125 0.12578125
0 0.14609375 0.29296875 0.0609375 0.08359375
0 0.10078125 0.32578125 0.06875 0.09765625
0 0.4203125 0.15703125 0.071875 0.09296875