0 0.75234375 0.69296875 0.08046875 0.09375
0 0.4671875 0.13984375 0.05859375 0.08671875
0 0.70234375 0.803125 0.07265625 0.07578125
0 0.4125 0.640625 0.04296875 0.10234375
0 0.184375 0.54609375 0.06796875 0.09453125
0 0.29375 0.90859375 0.06171875 0.11484375
0 0.478125 0.51171875 0.0484375 0.1203125
0 0.6953125 0.459375 0.04453125 0.0796875
0 0.678125 0.62578125 0.06953125 0.1046875
0 0.46015625 0.903125 0.05625 0.1046875
0 0.60625 0.56328125 0.06484375 0.07578125
0 0.6359375 0.4671875 0.04453125 0.08046875
0 0.4140625 0.846875 0.05625 0.09140625
0 0.475 0.796875 0.05234375 0.1109375
0 0.6265625 0.91328125 0.04921875 0.1171875
0 0.746875 0.11015625 0.0625 0.078125
0 0.69140625 0.1609375 0.04765625 0.07265625
0 0.13125 0.9 0.04375 0.0890625
0 0.53828125 0.93671875 0.09453125 0.12578125
0 0.67265625 0.96796875 0.046875 0.0578125
0 0.60625 0.215625 0.078125 0.11640625
0 0.28125 0.275 0.034375 0.078125
0 0.3640625 0.06796875 0.05390625 0.103125
0 0.50859375 0.08984375 0.04140625 0.05625
0 0.228125 0.209375 0.0453125 0.06953125
0 0.3515625 0.89609375 0.04140625 0.12734375
0 0.45703125 0.0375 0.03359375 0.07421875
0 0.56015625 0.06328125 0.0546875 0.08203125
0 0.59765625 0.10390625 0.0625 0.06796875
0 0.5171875 0.1859375 0.065625 0.0921875
0 0.3265625 0.11328125 0.0375 0.065625
0 0.57421875 0.18359375 0.04453125 0.08359375
0 0.32109375 0.028125 0.046875 0.0546875
0 0.26640625 0.03515625 0.04375 0.06484375
0 0.3765625 0.02578125 0.04375 0.0515625
0 0.2515625 0.15 0.04296875 0.06796875
0 0.19296875 0.31171875 0.0390625 0.0921875
0 0.55078125 0.2875 0.034375 0.0765625