0 0.65390625 0.071875 0.08125 0.09921875
0 0.69765625 0.1625 0.06875 0.08046875
0 0.67421875 0.21796875 0.07109375 0.09765625
0 0.609375 0.2125 0.07265625 0.1109375
0 0.8203125 0.225 0.06796875 0.11640625
0 0.94140625 0.2484375 0.08046875 0.0796875
0 0.7375 0.3265625 0.04609375 0.14375
0 0.64609375 0.4015625 0.0546875 0.1203125
0 0.5453125 0.45546875 0.05546875 0.0921875
0 0.61953125 0.503125 0.075 0.1
0 0.61796875 0.6015625 0.06640625 0.103125
0 0.70859375 0.55625 0.06875 0.146875
0 0.7515625 0.59609375 0.0546875 0.1140625
0 0.83125 0.59140625 0.0921875 0.0859375
0 0.81875 0.7453125 0.08203125 0.13203125
0 0.8265625 0.896875 0.07578125 0.0921875
0 0.89765625 0.878125 0.0734375 0.1171875
0 0.47265625 0.78125 0.0921875 0.1015625
0 0.50703125 0.734375 0.075 0.10625
0 0.48125 0.54375 0.05546875 0.13125
0 0.428125 0.5578125 0.0765625 0.12421875
0 0.43515625 0.65625 0.08203125 0.0828125
0 0.3109375 0.615625 0.06015625 0.13828125
0 0.246875 0.5875 0.06171875 0.140625
0 0.028125 0.67421875 0.05625 0.1171875
0 0.82734375 0.30234375 0.059375 0.09140625
0 0.03984375 0.41796875 0.07265625 0.09140625
0 0.19140625 0.19609375 0.0703125 0.06953125
0 0.35078125 0.2171875 0.06796875 0.0671875
0 0.01953125 0.54609375 0.0390625 0.1046875
0 0.74140625 0.47890625 0.0421875 0.07890625
0 0.290625 0.1640625 0.059375 0.09921875
0 0.984375 0.47109375 0.03125 0.0890625
0 0.34921875 0.1484375 0.08359375 0.09140625
0 0.30390625 0.3984375 0.0390625 0.08984375
0 0.0203125 0.2265625 0.0390625 0.1
0 0.74609375 0.5203125 0.0453125 0.07265625
0 0.43203125 0.446875 0.0578125 0.1203125
0 0.4125 0.521875 0.0484375 0.1
0 0.28046875 0.25390625 0.08203125 0.1203125