0 0.4265625 0.49921875 0.0875 0.1421875
0 0.6828125 0.4109375 0.08828125 0.1359375
0 0.81015625 0.3453125 0.11875 0.13046875
0 0.8890625 0.5609375 0.0671875 0.175
0 0.365625 0.59921875 0.07578125 0.16875
0 0.6015625 0.634375 0.07890625 0.13671875
0 0.5 0.62890625 0.0796875 0.1546875
0 0.7109375 0.15546875 0.06171875 0.15625
0 0.5609375 0.6859375 0.07265625 0.1296875
0 0.678125 0.084375 0.08359375 0.1640625
0 0.66484375 0.815625 0.07578125 0.20546875
0 0.31953125 0.771875 0.10390625 0.1
0 0.7203125 0.88125 0.06796875 0.14921875
0 0.421875 0.06953125 0.06640625 0.13828125
0 0.44609375 0.8609375 0.08984375 0.10859375
0 0.146875 0.15234375 0.0953125 0.121875
0 0.9546875 0.85625 0.08515625 0.121875