0 0.7984375 0.73203125 0.06796875 0.1703125
0 0.515625 0.76953125 0.0921875 0.11328125
0 0.3203125 0.50859375 0.046875 0.09765625
0 0.20234375 0.50390625 0.05 0.121875
0 0.3703125 0.4890625 0.0484375 0.096875
0 0.24609375 0.8859375 0.05 0.13984375
0 0.0875 0.615625 0.0640625 0.0953125
0 0.2453125 0.76875 0.05703125 0.10703125
0 0.425 0.928125 0.05859375 0.09140625
0 0.290625 0.825 0.046875 0.0953125
0 0.2421875 0.56171875 0.06484375 0.07578125
0 0.34375 0.72578125 0.040625 0.0671875
0 0.9609375 0.64765625 0.06328125 0.12578125
0 0.025 0.5375 0.04765625 0.0765625
0 0.85078125 0.34921875 0.059375 0.0796875
0 0.31484375 0.90546875 0.0875 0.1078125
0 0.33046875 0.8015625 0.0484375 0.09609375
0 0.20234375 0.75625 0.0609375 0.125
0 0.64375 0.415625 0.04453125 0.05703125
0 0.63046875 0.64765625 0.06328125 0.08125
0 0.73671875 0.36875 0.0609375 0.08984375
0 0.7171875 0.615625 0.06484375 0.15625
0 0.93203125 0.56328125 0.04921875 0.09375
0 0.7515625 0.54765625 0.0734375 0.09453125
0 0.07578125 0.53984375 0.0578125 0.0765625
0 0.56015625 0.59296875 0.05625 0.071875
0 0.15859375 0.7234375 0.07578125 0.06796875
0 0.409375 0.68984375 0.08515625 0.090625
0 0.65 0.725 0.04765625 0.109375
0 0.04609375 0.86953125 0.04921875 0.10234375
0 0.046875 0.0984375 0.03125 0.059375
0 0.01015625 0.13203125 0.0203125 0.0703125
0 0.6140625 0.7390625 0.053125 0.12109375