0 0.4703125 0.64453125 0.09140625 0.109375
0 0.07109375 0.7265625 0.08203125 0.0984375
0 0.20546875 0.52890625 0.06640625 0.1140625
0 0.575 0.44609375 0.059375 0.13359375
0 0.69453125 0.36796875 0.06484375 0.10703125
0 0.87265625 0.6609375 0.0890625 0.10546875
0 0.65546875 0.4578125 0.10390625 0.096875
0 0.49765625 0.96015625 0.0765625 0.07890625
0 0.94765625 0.88828125 0.0703125 0.1359375
0 0.3171875 0.1328125 0.0515625 0.1
0 0.77734375 0.05703125 0.06484375 0.11328125
0 0.83671875 0.115625 0.06484375 0.1359375
0 0.5609375 0.33515625 0.09453125 0.10390625
0 0.8875 0.5203125 0.05703125 0.1546875
0 0.321875 0.41328125 0.05703125 0.12421875
0 0.97734375 0.72109375 0.0453125 0.13359375
0 0.4609375 0.13046875 0.05078125 0.10546875
0 0.4265625 0.08125 0.0890625 0.103125
0 0.9390625 0.11640625 0.1 0.1421875
0 0.93125 0.4421875 0.0875 0.08125
0 0.30390625 0.35859375 0.09765625 0.0953125
0 0.5140625 0.12109375 0.07265625 0.10546875
0 0.55625 0.2484375 0.09375 0.05
0 0.35546875 0.984375 0.078125 0.03046875
0 0.61953125 0.0609375 0.0609375 0.12109375
0 0.01875 0.153125 0.0375 0.1
0 0.6765625 0.1671875 0.09296875 0.05234375
0 0.575 0.06953125 0.05703125 0.1390625
0 0.2609375 0.19765625 0.059375 0.1296875
0 0.8515625 0.3953125 0.05703125 0.10390625
0 0.7703125 0.29140625 0.0890625 0.10546875
0 0.4765625 0.40390625 0.0359375 0.07578125
0 0.65546875 0.33046875 0.065625 0.06875
0 0.09140625 0.30546875 0.06015625 0.09765625
0 0.12109375 0.3640625 0.09140625 0.12265625
0 0.0171875 0.04921875 0.034375 0.0984375
0 0.10625 0.05859375 0.071875 0.0703125
0 0.0546875 0.05078125 0.04609375 0.1015625
0 0.684375 0.253125 0.090625 0.05078125
0 0.3984375 0.41015625 0.04375 0.0859375
0 0.4375 0.41484375 0.04453125 0.0953125