0 0.27890625 0.40859375 0.07421875 0.18359375
0 0.46875 0.37578125 0.0796875 0.1171875
0 0.5765625 0.496875 0.0671875 0.16484375
0 0.3625 0.51875 0.08828125 0.11484375
0 0.4125 0.590625 0.0921875 0.13515625
0 0.3171875 0.93359375 0.08203125 0.125
0 0.659375 0.7671875 0.08828125 0.14609375
0 0.34453125 0.41328125 0.06640625 0.171875
0 0.4125 0.41015625 0.0734375 0.18984375
0 0.196875 0.89453125 0.109375 0.1296875
0 0.64609375 0.48828125 0.09921875 0.12734375
0 0.1375 0.81171875 0.09375 0.13515625
0 0.91171875 0.71640625 0.1078125 0.12734375