0 0.6546875 0.78515625 0.06484375 0.1796875
0 0.43984375 0.6546875 0.0703125 0.171875
0 0.82109375 0.78515625 0.05859375 0.15859375
0 0.86796875 0.91796875 0.065625 0.1421875
0 0.2703125 0.86640625 0.07265625 0.23671875
0 0.3296875 0.8609375 0.06484375 0.17890625
0 0.16328125 0.86640625 0.07890625 0.13671875
0 0.44609375 0.07109375 0.11484375 0.13828125
0 0.778125 0.83515625 0.07109375 0.11484375
0 0.93125 0.94140625 0.08515625 0.115625
0 0.546875 0.2875 0.0796875 0.10234375
0 0.9640625 0.52265625 0.07109375 0.13046875
0 0.26328125 0.046875 0.1140625 0.09375
0 0.08515625 0.91875 0.109375 0.12578125
0 0.9578125 0.840625 0.08359375 0.11484375
0 0.93515625 0.23125 0.0734375 0.13125
0 0.0953125 0.8109375 0.1015625 0.109375
0 0.43671875 0.2078125 0.109375 0.1296875
0 0.65859375 0.478125 0.06796875 0.17421875
0 0.878125 0.22734375 0.0703125 0.13203125
0 0.83515625 0.08203125 0.10390625 0.12265625
0 0.11953125 0.5125 0.0828125 0.1390625
0 0.65859375 0.275 0.08828125 0.0921875
0 0.93125 0.1078125 0.08203125 0.1359375
0 0.046875 0.253125 0.0859375 0.1125
0 0.10859375 0.2921875 0.07734375 0.10625
0 0.9515625 0.18125 0.06875 0.12578125
0 0.2796875 0.38515625 0.065625 0.1796875
0 0.25078125 0.4640625 0.06015625 0.15546875
0 0.19375 0.42265625 0.090625 0.1484375
0 0.88828125 0.08359375 0.0546875 0.13203125