0 0.95859375 0.49453125 0.0828125 0.1703125
0 0.55390625 0.434375 0.1109375 0.11484375
0 0.67890625 0.384375 0.115625 0.09140625
0 0.54296875 0.17109375 0.09453125 0.146875
0 0.1609375 0.16796875 0.05703125 0.153125
0 0.234375 0.340625 0.08515625 0.1171875
0 0.0671875 0.35625 0.0921875 0.12109375
0 0.22265625 0.49921875 0.1265625 0.134375
0 0.40625 0.390625 0.11015625 0.171875
0 0.11640625 0.684375 0.090625 0.1296875
0 0.44375 0.921875 0.13828125 0.15546875
0 0.38203125 0.97578125 0.1421875 0.0484375