0 0.5078125 0.7640625 0.05078125 0.10390625
0 0.58203125 0.775 0.04453125 0.12421875
0 0.2515625 0.83046875 0.0640625 0.1
0 0.18671875 0.75625 0.05625 0.08203125
0 0.9625 0.85390625 0.0640625 0.11875
0 0.26171875 0.409375 0.04296875 0.07265625
0 0.4609375 0.946875 0.06640625 0.10390625
0 0.6953125 0.71796875 0.059375 0.08515625
0 0.14765625 0.8734375 0.04140625 0.08359375
0 0.0859375 0.9421875 0.040625 0.090625
0 0.6421875 0.73046875 0.0453125 0.1171875
0 0.78828125 0.665625 0.05 0.09453125
0 0.76171875 0.57890625 0.06328125 0.0765625
0 0.4078125 0.4984375 0.0515625 0.06328125
0 0.7484375 0.67421875 0.0484375 0.11484375
0 0.40703125 0.59296875 0.0515625 0.06953125
0 0.11484375 0.5109375 0.0515625 0.075
0 0.09296875 0.60625 0.0390625 0.08125
0 0.7171875 0.36796875 0.0625 0.11171875
0 0.26640625 0.515625 0.0453125 0.11015625
0 0.93125 0.565625 0.053125 0.10390625
0 0.33125 0.51484375 0.0515625 0.084375
0 0.92890625 0.4265625 0.05390625 0.0578125
0 0.1265625 0.5890625 0.03359375 0.08828125
0 0.3015625 0.5171875 0.0421875 0.0875
0 0.61015625 0.65390625 0.04453125 0.08125
0 0.59453125 0.45 0.034375 0.0453125
0 0.33203125 0.75859375 0.05703125 0.07421875
0 0.68828125 0.60625 0.0484375 0.12421875
0 0.37890625 0.69453125 0.0328125 0.078125
0 0.984375 0.559375 0.03125 0.078125
0 0.91484375 0.515625 0.05390625 0.12421875
0 0.70390625 0.5015625 0.05390625 0.09296875