0 0.35859375 0.46171875 0.06796875 0.1375
0 0.29453125 0.496875 0.07109375 0.16640625
0 0.51796875 0.590625 0.08515625 0.15703125
0 0.48359375 0.77734375 0.096875 0.13125
0 0.7390625 0.75859375 0.1390625 0.1390625
0 0.7828125 0.5875 0.059375 0.16953125
0 0.07265625 0.8 0.08515625 0.14453125
0 0.3171875 0.75703125 0.075 0.14140625
0 0.8734375 0.6203125 0.06328125 0.1671875
0 0.36484375 0.81484375 0.075 0.1828125
0 0.675 0.63984375 0.06328125 0.1625
0 0.60078125 0.6515625 0.065625 0.20703125
0 0.259375 0.259375 0.08984375 0.1265625
0 0.328125 0.18671875 0.065625 0.184375
0 0.39140625 0.14453125 0.07734375 0.16171875
0 0.93046875 0.66953125 0.06015625 0.1984375
0 0.75078125 0.421875 0.0671875 0.1109375
0 0.2046875 0.415625 0.0875 0.165625
0 0.76796875 0.18046875 0.06640625 0.16953125
0 0.88515625 0.48125 0.1109375 0.13359375
0 0.27421875 0.13203125 0.0640625 0.14609375
0 0.52265625 0.17578125 0.07734375 0.17734375
0 0.1171875 0.52734375 0.075 0.15546875
0 0.8171875 0.31953125 0.06484375 0.18046875
0 0.69609375 0.95703125 0.08203125 0.0859375
0 0.71484375 0.24453125 0.06796875 0.14375
0 0.18515625 0.0796875 0.08046875 0.14375
0 0.134375 0.203125 0.06953125 0.215625
0 0.7390625 0.06875 0.0984375 0.128125
0 0.3859375 0.059375 0.0828125 0.11640625
0 0.934375 0.090625 0.065625 0.18125
0 0.521875 0.3765625 0.0640625 0.1703125