0 0.39140625 0.803125 0.0875 0.12734375
0 0.11796875 0.890625 0.1 0.14296875
0 0.61484375 0.64375 0.06484375 0.14453125
0 0.809375 0.5921875 0.05625 0.125
0 0.8828125 0.54140625 0.0546875 0.09609375
0 0.6203125 0.3359375 0.053125 0.0859375
0 0.390625 0.33828125 0.07578125 0.1015625
0 0.6125 0.5015625 0.053125 0.1234375
0 0.728125 0.53828125 0.04765625 0.1515625
0 0.3328125 0.61171875 0.059375 0.15390625
0 0.2890625 0.384375 0.0671875 0.11484375
0 0.45390625 0.63359375 0.059375 0.14453125
0 0.390625 0.62109375 0.05078125 0.16328125
0 0.215625 0.75859375 0.08984375 0.1125
0 0.7515625 0.43046875 0.05546875 0.10078125
0 0.9203125 0.3140625 0.05234375 0.1078125
0 0.703125 0.30078125 0.05 0.1296875
0 0.58125 0.3078125 0.0453125 0.1125
0 0.8703125 0.76875 0.06953125 0.1015625
0 0.41796875 0.94453125 0.06171875 0.1046875
0 0.25859375 0.7171875 0.06328125 0.1359375
0 0.97734375 0.615625 0.04375 0.14140625
0 0.4625 0.46796875 0.05625 0.13046875
0 0.86875 0.321875 0.04375 0.13984375
0 0.6796875 0.534375 0.053125 0.12578125
0 0.684375 0.4390625 0.0671875 0.0921875
0 0.47421875 0.74609375 0.0796875 0.10390625
0 0.51640625 0.4859375 0.05078125 0.14296875
0 0.5421875 0.10703125 0.05546875 0.11015625
0 0.5109375 0.68203125 0.0765625 0.1015625
0 0.8453125 0.88984375 0.06640625 0.134375
0 0.128125 0.44140625 0.05859375 0.1171875
0 0.0453125 0.46328125 0.05859375 0.1
0 0.7609375 0.28671875 0.0453125 0.09765625
0 0.0609375 0.19453125 0.0859375 0.08203125
0 0.7640625 0.13359375 0.04921875 0.103125
0 0.8703125 0.1359375 0.046875 0.0953125
0 0.503125 0.9640625 0.059375 0.07109375
0 0.915625 0.115625 0.05234375 0.078125
0 0.175 0.4703125 0.06015625 0.12109375
0 0.46640625 0.14296875 0.08359375 0.09140625
0 0.11484375 0.0796875 0.06015625 0.140625