0 0.14453125 0.32109375 0.0796875 0.13046875
0 0.284375 0.4 0.06328125 0.13984375
0 0.40546875 0.35546875 0.0578125 0.12578125
0 0.375 0.5453125 0.0640625 0.109375
0 0.91953125 0.915625 0.0875 0.075
0 0.84453125 0.79765625 0.0765625 0.1609375
0 0.34453125 0.3328125 0.05703125 0.13125
0 0.6140625 0.296875 0.06328125 0.1421875
0 0.6296875 0.4015625 0.0625 0.1015625
0 0.1796875 0.48203125 0.0796875 0.1046875
0 0.73125 0.17578125 0.05859375 0.11875
0 0.83046875 0.41484375 0.05 0.11484375
0 0.6203125 0.14140625 0.0546875 0.121875
0 0.90546875 0.22578125 0.0671875 0.1375
0 0.25078125 0.509375 0.07890625 0.0984375
0 0.70546875 0.34921875 0.06875 0.1203125
0 0.3375 0.23671875 0.0859375 0.10078125
0 0.2359375 0.60078125 0.08046875 0.1015625
0 0.57890625 0.1265625 0.06484375 0.11328125
0 0.7703125 0.39375 0.0640625 0.1078125
0 0.65703125 0.17109375 0.04921875 0.12421875
0 0.92890625 0.3296875 0.04375 0.14609375
0 0.58046875 0.2515625 0.065625 0.1078125
0 0.32578125 0.05546875 0.09453125 0.1109375
0 0.95078125 0.38125 0.05078125 0.11328125
0 0.68828125 0.75625 0.0671875 0.16328125
0 0.5140625 0.54609375 0.05625 0.1359375
0 0.6390625 0.9578125 0.071875 0.08046875
0 0.54921875 0.434375 0.08125 0.121875
0 0.4328125 0.56484375 0.05 0.140625
0 0.8765625 0.63359375 0.065625 0.11875
0 0.4734375 0.56953125 0.04921875 0.14453125
0 0.49765625 0.07109375 0.07578125 0.10546875
0 0.92109375 0.5515625 0.04375 0.0890625
0 0.503125 0.65546875 0.0625 0.0875
0 0.68046875 0.559375 0.06328125 0.10234375
0 0.4359375 0.090625 0.0765625 0.0984375
0 0.325 0.728125 0.06953125 0.103125
0 0.61640625 0.6265625 0.05703125 0.07578125
0 0.86875 0.4671875 0.05546875 0.10546875
0 0.06953125 0.77734375 0.05625 0.11328125
0 0.03046875 0.73046875 0.06015625 0.14921875
0 0.22265625 0.78203125 0.08671875 0.0953125
0 0.31484375 0.86796875 0.08203125 0.11875
0 0.55546875 0.33203125 0.0765625 0.08984375
0 0.43984375 0.2125 0.06875 0.10625
0 0.47890625 0.19375 0.05703125 0.13671875
0 0.16015625 0.921875 0.07734375 0.0640625
0 0.50703125 0.878125 0.05625 0.10859375
0 0.378125 0.684375 0.0828125 0.1125
0 0.7328125 0.5125 0.06875 0.11015625