0 0.28984375 0.2609375 0.0421875 0.13828125
0 0.35 0.2140625 0.053125 0.08671875
0 0.61640625 0.24296875 0.0484375 0.09296875
0 0.04453125 0.27890625 0.0484375 0.12578125
0 0.75625 0.06953125 0.0421875 0.07734375
0 0.871875 0.3375 0.059375 0.0921875
0 0.13828125 0.38203125 0.04921875 0.14296875
0 0.6078125 0.334375 0.0515625 0.09453125
0 0.915625 0.31640625 0.0421875 0.09375
0 0.521875 0.21328125 0.04921875 0.0828125
0 0.85625 0.06015625 0.034375 0.06640625
0 0.5125 0.31640625 0.04296875 0.09609375
0 0.0234375 0.353125 0.046875 0.1109375
0 0.0875 0.35390625 0.046875 0.153125
0 0.5875 0.4296875 0.04296875 0.0828125
0 0.20078125 0.03359375 0.0421875 0.0671875
0 0.2046875 0.203125 0.06484375 0.08828125
0 0.61875 0.52578125 0.05390625 0.090625
0 0.8796875 0.12109375 0.0421875 0.115625
0 0.76640625 0.659375 0.0421875 0.12734375
0 0.8515625 0.75390625 0.0484375 0.08984375
0 0.66484375 0.2828125 0.03984375 0.1359375
0 0.325 0.14921875 0.053125 0.06015625
0 0.6984375 0.315625 0.03671875 0.12109375
0 0.15078125 0.26796875 0.03671875 0.09921875
0 0.46015625 0.2921875 0.0390625 0.08203125
0 0.3796875 0.29296875 0.04375 0.1109375
0 0.41484375 0.34765625 0.05078125 0.1015625
0 0.44765625 0.4234375 0.05078125 0.10859375
0 0.0984375 0.28046875 0.046875 0.0953125