0 0.428125 0.0453125 0.075 0.08828125
0 0.2296875 0.259375 0.06875 0.075
0 0.6484375 0.30546875 0.0640625 0.0859375
0 0.3296875 0.35859375 0.05390625 0.0875
0 0.41953125 0.18515625 0.09609375 0.1578125
0 0.5296875 0.1625 0.090625 0.08984375
0 0.73671875 0.4984375 0.07265625 0.0921875
0 0.85625 0.175 0.0609375 0.059375
0 0.621875 0.16484375 0.07734375 0.08359375
0 0.7015625 0.92109375 0.06484375 0.14765625
0 0.13125 0.6828125 0.0671875 0.11875
0 0.80078125 0.4015625 0.06640625 0.10625
0 0.1375 0.28046875 0.04921875 0.08046875
0 0.7765625 0.30703125 0.0671875 0.10859375
0 0.76484375 0.19375 0.06484375 0.04765625
0 0.2015625 0.45078125 0.071875 0.10859375
0 0.065625 0.7546875 0.05703125 0.1421875
0 0.190625 0.59296875 0.05234375 0.14453125
0 0.496875 0.8453125 0.08203125 0.1875
0 0.62890625 0.60859375 0.071875 0.13046875
0 0.74140625 0.6109375 0.08359375 0.1234375
0 0.709375 0.64765625 0.06875 0.1015625
0 0.4734375 0.4828125 0.06796875 0.08671875
0 0.86640625 0.66171875 0.0875 0.10703125
0 0.853125 0.5421875 0.059375 0.12734375
0 0.3921875 0.55625 0.08203125 0.12890625
0 0.9578125 0.11640625 0.0640625 0.153125
0 0.86875 0.75234375 0.0953125 0.1453125
0 0.915625 0.13984375 0.0453125 0.12109375
0 0.02734375 0.55625 0.05078125 0.0796875
0 0.98359375 0.378125 0.0328125 0.1328125
0 0.978125 0.4984375 0.04375 0.14765625
0 0.8484375 0.3734375 0.0390625 0.115625
0 0.40234375 0.4484375 0.0609375 0.125
0 0.07421875 0.50625 0.05234375 0.1375
0 0.0875 0.39375 0.053125 0.12265625
0 0.79609375 0.69375 0.07421875 0.13125
0 0.90546875 0.4390625 0.09765625 0.08828125
0 0.52109375 0.3265625 0.05546875 0.109375