0 0.7140625 0.92578125 0.05703125 0.08203125
0 0.025 0.75546875 0.021875 0.0921875
0 0.0546875 0.75859375 0.025 0.08671875
0 0.08046875 0.74140625 0.01953125 0.1015625
0 0.11796875 0.7359375 0.03671875 0.0625
0 0.12421875 0.79921875 0.07265625 0.071875
0 0.1640625 0.725 0.05 0.06015625
0 0.1890625 0.73671875 0.04296875 0.07265625
0 0.20078125 0.78515625 0.0375 0.05859375
0 0.2328125 0.72421875 0.03046875 0.07265625
0 0.26328125 0.71015625 0.05390625 0.08671875
0 0.2453125 0.8015625 0.0515625 0.06015625
0 0.18515625 0.8703125 0.04765625 0.08515625
0 0.20625 0.934375 0.09609375 0.0875
0 0.03671875 0.84765625 0.05390625 0.08203125
0 0.2828125 0.88671875 0.07421875 0.06796875
0 0.3203125 0.796875 0.046875 0.06328125
0 0.28984375 0.828125 0.0359375 0.053125
0 0.4296875 0.6984375 0.05546875 0.06015625
0 0.46953125 0.84609375 0.046875 0.05390625
0 0.5 0.91484375 0.065625 0.07109375
0 0.3359375 0.70390625 0.05546875 0.05625
0 0.35546875 0.7328125 0.05234375 0.059375
0 0.38046875 0.7671875 0.07265625 0.06953125
0 0.33828125 0.909375 0.046875 0.0890625
0 0.346875 0.8625 0.0375 0.07421875
0 0.3734375 0.840625 0.0328125 0.06328125
0 0.44765625 0.90234375 0.04609375 0.075
0 0.4375 0.82265625 0.046875 0.0671875
0 0.39296875 0.909375 0.046875 0.07109375
0 0.40546875 0.85390625 0.0390625 0.0796875
0 0.4671875 0.74609375 0.075 0.05703125
0 0.515625 0.77890625 0.04296875 0.0703125
0 0.50625 0.7140625 0.0625 0.05234375
0 0.6375 0.80859375 0.06171875 0.0640625
0 0.5703125 0.7890625 0.0421875 0.0671875
0 0.58671875 0.85625 0.0765625 0.06875
0 0.59375 0.903125 0.071875 0.10703125
0 0.52421875 0.68359375 0.06015625 0.0484375
0 0.56796875 0.73828125 0.0421875 0.0703125
0 0.6109375 0.77578125 0.03671875 0.07265625
0 0.653125 0.71875 0.0828125 0.103125
0 0.5796875 0.66953125 0.05 0.07109375
0 0.61640625 0.690625 0.06171875 0.08984375
0 0.6890625 0.65546875 0.05625 0.06640625
0 0.72109375 0.7140625 0.0390625 0.0875
0 0.73671875 0.6546875 0.0453125 0.08515625
0 0.7796875 0.6921875 0.07265625 0.12109375
0 0.82890625 0.80078125 0.07578125 0.11171875
0 0.83203125 0.96875 0.0828125 0.0625