0 0.23203125 0.28828125 0.08515625 0.1203125
0 0.534375 0.075 0.0828125 0.09609375
0 0.81015625 0.18671875 0.0890625 0.1453125
0 0.925 0.30703125 0.06015625 0.08671875
0 0.121875 0.0890625 0.0546875 0.11328125
0 0.0328125 0.24296875 0.065625 0.09375
0 0.8703125 0.54609375 0.05390625 0.1
0 0.0765625 0.1453125 0.05546875 0.1125
0 0.715625 0.70546875 0.05390625 0.11171875
0 0.05546875 0.35390625 0.05625 0.11953125
0 0.47265625 0.80859375 0.0546875 0.109375
0 0.8703125 0.66328125 0.05546875 0.10546875
0 0.16484375 0.17265625 0.06875 0.103125
0 0.10703125 0.25703125 0.08359375 0.09375
0 0.95 0.40078125 0.05078125 0.12578125
0 0.79609375 0.86171875 0.0671875 0.09375
0 0.1734375 0.2671875 0.0484375 0.121875
0 0.11484375 0.46953125 0.10078125 0.12265625
0 0.1640625 0.90390625 0.06015625 0.13046875
0 0.10625 0.3625 0.06015625 0.1140625
0 0.6375 0.9296875 0.08203125 0.09765625
0 0.3109375 0.89921875 0.07265625 0.13515625
0 0.07890625 0.67734375 0.10078125 0.1453125
0 0.94609375 0.70625 0.05390625 0.1671875