0 0.37578125 0.46171875 0.05234375 0.1109375
0 0.2015625 0.44140625 0.0671875 0.10703125
0 0.68359375 0.4390625 0.0515625 0.121875
0 0.02734375 0.390625 0.05390625 0.11015625
0 0.29296875 0.640625 0.09140625 0.096875
0 0.2859375 0.76640625 0.05703125 0.14375
0 0.428125 0.7359375 0.078125 0.08359375
0 0.6515625 0.646875 0.078125 0.11171875
0 0.228125 0.7296875 0.07890625 0.09609375
0 0.05625 0.9390625 0.06015625 0.1203125
0 0.88046875 0.653125 0.06640625 0.0953125
0 0.39921875 0.9109375 0.071875 0.090625
0 0.9640625 0.69296875 0.05234375 0.1375
0 0.5609375 0.95 0.0546875 0.1
0 0.5578125 0.66484375 0.06015625 0.10625
0 0.5734375 0.85390625 0.06484375 0.1046875
0 0.80390625 0.0390625 0.07578125 0.078125
0 0.51953125 0.790625 0.05 0.13046875
0 0.559375 0.746875 0.05546875 0.14375
0 0.98125 0.9015625 0.0375 0.11875
0 0.84296875 0.90234375 0.0484375 0.18125
0 0.47265625 0.66015625 0.0609375 0.12265625
0 0.49453125 0.86015625 0.07265625 0.11953125
0 0.95078125 0.8671875 0.0640625 0.1125