0 0.4796875 0.23125 0.053125 0.1515625
0 0.46640625 0.41640625 0.07421875 0.08828125
0 0.4484375 0.56484375 0.071875 0.17578125
0 0.1109375 0.46015625 0.05234375 0.11796875
0 0.04609375 0.7140625 0.06015625 0.128125
0 0.11875 0.8 0.06328125 0.1359375
0 0.73359375 0.46953125 0.0640625 0.15703125
0 0.184375 0.76484375 0.0640625 0.1078125
0 0.66484375 0.44296875 0.05859375 0.16796875
0 0.0875 0.29375 0.05078125 0.16015625
0 0.7828125 0.5546875 0.08203125 0.1234375
0 0.1875 0.34765625 0.07265625 0.1
0 0.21484375 0.28359375 0.0546875 0.09296875
0 0.24296875 0.5828125 0.04765625 0.1125
0 0.52265625 0.5609375 0.06171875 0.1625
0 0.2828125 0.309375 0.06015625 0.140625
0 0.36953125 0.48671875 0.0640625 0.1109375
0 0.059375 0.16953125 0.0625 0.09765625
0 0.33984375 0.56171875 0.05625 0.1140625
0 0.32265625 0.38984375 0.0640625 0.15234375
0 0.01796875 0.09921875 0.0359375 0.1421875
0 0.5890625 0.60234375 0.08125 0.09765625
0 0.27265625 0.4375 0.06328125 0.10625
0 0.19453125 0.50859375 0.07890625 0.1
0 0.21796875 0.89609375 0.0625 0.14140625
0 0.2703125 0.928125 0.05625 0.14140625
0 0.4265625 0.88203125 0.0828125 0.0890625
0 0.54609375 0.70078125 0.07734375 0.09296875
0 0.51640625 0.7609375 0.0953125 0.09453125