0 0.6578125 0.6578125 0.06328125 0.06015625
0 0.7203125 0.65859375 0.0625 0.0703125
0 0.73671875 0.72109375 0.06640625 0.07421875
0 0.76484375 0.69609375 0.0640625 0.06796875
0 0.4890625 0.75625 0.05625 0.08984375
0 0.790625 0.74453125 0.0484375 0.07734375
0 0.59140625 0.66875 0.06953125 0.08671875
0 0.4390625 0.77890625 0.0515625 0.09375
0 0.74453125 0.80390625 0.06328125 0.0796875
0 0.440625 0.8765625 0.04609375 0.1
0 0.590625 0.85703125 0.05625 0.08984375
0 0.48046875 0.6515625 0.06171875 0.096875
0 0.8203125 0.66328125 0.046875 0.05859375
0 0.5453125 0.84609375 0.046875 0.08984375
0 0.6296875 0.85078125 0.0484375 0.1
0 0.7703125 0.903125 0.05546875 0.11171875
0 0.8734375 0.72578125 0.0578125 0.06796875
0 0.8625 0.7796875 0.0453125 0.08828125
0 0.65390625 0.75 0.04140625 0.0859375
0 0.88671875 0.80390625 0.05 0.08203125
0 0.934375 0.93828125 0.05859375 0.1015625
0 0.5171875 0.659375 0.05390625 0.090625
0 0.6984375 0.81953125 0.04609375 0.09453125
0 0.49609375 0.83515625 0.04765625 0.09453125
0 0.89921875 0.66484375 0.05546875 0.07890625
0 0.7328125 0.8765625 0.0359375 0.08984375
0 0.93359375 0.8640625 0.05625 0.09140625
0 0.94453125 0.6640625 0.046875 0.08515625
0 0.86328125 0.865625 0.05625 0.09296875
0 0.978125 0.69765625 0.0328125 0.09375
0 0.628125 0.9421875 0.0421875 0.08046875
0 0.5203125 0.9359375 0.06875 0.1203125
0 0.58203125 0.95 0.05078125 0.090625
0 0.9515625 0.7578125 0.09609375 0.090625
0 0.87421875 0.93671875 0.07265625 0.084375
0 0.8265625 0.88515625 0.0328125 0.07578125
0 0.69921875 0.9609375 0.0796875 0.078125
0 0.98203125 0.9609375 0.0359375 0.07734375
0 0.3578125 0.92734375 0.05625 0.0953125
0 0.30078125 0.946875 0.06640625 0.08828125
0 0.3875 0.796875 0.065625 0.115625
0 0.39609375 0.89609375 0.05859375 0.08125
0 0.940625 0.81015625 0.084375 0.0828125
0 0.575 0.6546875 0.07578125 0.09296875
0 0.425 0.6609375 0.034375 0.103125
0 0.56796875 0.73359375 0.06796875 0.1109375
0 0.6125 0.77578125 0.071875 0.0671875
0 0.62421875 0.6921875 0.05234375 0.090625