0 0.34921875 0.24140625 0.11640625 0.11015625
0 0.22421875 0.428125 0.0953125 0.13203125
0 0.03984375 0.3875 0.0734375 0.134375
0 0.1703125 0.5734375 0.10546875 0.12578125
0 0.453125 0.6640625 0.10078125 0.13828125
0 0.82890625 0.40234375 0.1140625 0.11640625
0 0.91640625 0.22734375 0.08515625 0.1296875
0 0.790625 0.6734375 0.08671875 0.10703125
0 0.821875 0.82109375 0.11015625 0.1171875
0 0.84609375 0.2421875 0.065625 0.1046875
0 0.6515625 0.73359375 0.08046875 0.13515625
0 0.34765625 0.93125 0.0671875 0.1265625
0 0.97421875 0.37890625 0.05078125 0.121875
0 0.75234375 0.9453125 0.07421875 0.10859375
0 0.5296875 0.85234375 0.0703125 0.115625
0 0.634375 0.84765625 0.09375 0.140625
0 0.44609375 0.9703125 0.07578125 0.05859375
0 0.1296875 0.975 0.11484375 0.05
0 0.8453125 0.9578125 0.078125 0.084375
0 0.9015625 0.92578125 0.06796875 0.1484375
0 0.58984375 0.94375 0.0859375 0.1125
0 0.9703125 0.96328125 0.059375 0.0734375
0 0.6625 0.95 0.0765625 0.09921875