0 0.58984375 0.70546875 0.0625 0.07109375
0 0.475 0.22734375 0.0484375 0.096875
0 0.35625 0.19140625 0.04375 0.075
0 0.67265625 0.146875 0.053125 0.0625
0 0.5984375 0.0890625 0.06484375 0.0625
0 0.2140625 0.84140625 0.05546875 0.075
0 0.36875 0.29453125 0.06796875 0.09453125
0 0.5453125 0.78984375 0.05 0.0828125
0 0.7203125 0.11328125 0.040625 0.071875
0 0.35625 0.1125 0.053125 0.0875
0 0.42578125 0.09453125 0.05703125 0.07421875
0 0.71015625 0.1921875 0.04765625 0.08515625
0 0.74296875 0.20703125 0.0421875 0.08125
0 0.2859375 0.71796875 0.0390625 0.1015625
0 0.76953125 0.19140625 0.0515625 0.08046875
0 0.87734375 0.1109375 0.04921875 0.096875
0 0.5453125 0.60078125 0.04453125 0.1
0 0.31875 0.2109375 0.04609375 0.09140625
0 0.9703125 0.665625 0.05 0.09453125
0 0.265625 0.14921875 0.0421875 0.090625
0 0.2875 0.23671875 0.040625 0.0875
0 0.765625 0.10546875 0.03671875 0.08671875
0 0.32109375 0.1515625 0.0375 0.08671875
0 0.6828125 0.21484375 0.040625 0.07421875
0 0.31015625 0.075 0.05 0.0875
0 0.2703125 0.2703125 0.04296875 0.09453125
0 0.63515625 0.91171875 0.053125 0.075
0 0.23515625 0.096875 0.04375 0.1125
0 0.6578125 0.0328125 0.04140625 0.065625
0 0.27890625 0.03515625 0.04375 0.06953125
0 0.1265625 0.7921875 0.0625 0.1125
0 0.496875 0.03671875 0.04921875 0.071875
0 0.5453125 0.97421875 0.07109375 0.0515625
0 0.67890625 0.90390625 0.0453125 0.0984375
0 0.47265625 0.11328125 0.046875 0.1046875
0 0.2984375 0.9203125 0.0515625 0.08125
0 0.109375 0.9328125 0.06796875 0.07890625
0 0.17578125 0.93359375 0.0484375 0.09453125