0 0.11953125 0.24453125 0.0734375 0.1328125
0 0.99921875 0.0859375 0.0015625 0.171875
0 0.559375 0.21875 0.065625 0.11171875
0 0.27734375 0.43984375 0.09296875 0.1421875
0 0.19609375 0.2171875 0.08359375 0.1078125
0 0.44921875 0.22734375 0.05390625 0.1140625
0 0.76875 0.3578125 0.0515625 0.11640625
0 0.828125 0.45078125 0.065625 0.09375
0 0.246875 0.29921875 0.05 0.1171875
0 0.40546875 0.25078125 0.0578125 0.1125
0 0.29921875 0.328125 0.05703125 0.13046875
0 0.81328125 0.29453125 0.06796875 0.0921875
0 0.80625 0.8328125 0.06328125 0.12890625
0 0.0703125 0.8734375 0.06953125 0.1453125
0 0.646875 0.03359375 0.07578125 0.0640625
0 0.97421875 0.92578125 0.0515625 0.1328125
0 0.83125 0.19375 0.05625 0.0828125
0 0.8390625 0.03125 0.053125 0.06015625
0 0.73046875 0.028125 0.05625 0.05390625
0 0.8875 0.12578125 0.05859375 0.05625
0 0.33046875 0.27890625 0.05078125 0.08046875
0 0.709375 0.31484375 0.06328125 0.140625
0 0.678125 0.7296875 0.08828125 0.08828125
0 0.059375 0.7609375 0.07734375 0.11875
0 0.68046875 0.26953125 0.0515625 0.1015625
0 0.41328125 0.1109375 0.10234375 0.09140625