0 0.2828125 0.82421875 0.05546875 0.08984375
0 0.590625 0.90859375 0.053125 0.1203125
0 0.38046875 0.8890625 0.05546875 0.09765625
0 0.29375 0.90078125 0.075 0.05546875
0 0.17734375 0.94296875 0.06171875 0.0734375
0 0.08984375 0.7875 0.05078125 0.0796875
0 0.803125 0.69375 0.05625 0.06875
0 0.1953125 0.8578125 0.06015625 0.0671875
0 0.2453125 0.72109375 0.05390625 0.09140625
0 0.3625 0.71953125 0.04453125 0.08125
0 0.06328125 0.89140625 0.046875 0.07734375
0 0.6390625 0.915625 0.06640625 0.0890625
0 0.14453125 0.77890625 0.046875 0.08671875
0 0.1203125 0.89140625 0.04765625 0.09453125
0 0.3796875 0.82421875 0.08359375 0.0765625
0 0.55859375 0.77421875 0.05703125 0.06796875
0 0.63984375 0.8046875 0.0609375 0.0890625
0 0.09296875 0.94375 0.04921875 0.0859375
0 0.53828125 0.68125 0.05546875 0.0828125
0 0.29375 0.9578125 0.0734375 0.08203125
0 0.72578125 0.925 0.08515625 0.0890625
0 0.4515625 0.740625 0.06640625 0.071875
0 0.04453125 0.95859375 0.0609375 0.0703125
0 0.47890625 0.7921875 0.07578125 0.075
0 0.65234375 0.6890625 0.046875 0.09453125
0 0.2140625 0.8109375 0.05703125 0.065625
0 0.4046875 0.7875 0.065625 0.07734375
0 0.4171875 0.70390625 0.06875 0.06875
0 0.70703125 0.78203125 0.05625 0.0953125
0 0.71796875 0.86640625 0.0515625 0.0859375
0 0.9078125 0.9375 0.059375 0.10234375
0 0.50625 0.74140625 0.075 0.0609375
0 0.7796875 0.6671875 0.05625 0.0546875
0 0.79375 0.9625 0.04453125 0.075
0 0.49375 0.6890625 0.05859375 0.06640625
0 0.584375 0.6890625 0.04453125 0.0734375
0 0.87421875 0.89921875 0.0703125 0.07265625
0 0.32109375 0.73203125 0.04609375 0.1015625
0 0.296875 0.73125 0.053125 0.07578125
0 0.62265625 0.696875 0.04765625 0.1109375
0 0.09296875 0.72109375 0.0515625 0.065625
0 0.6296875 0.75390625 0.05234375 0.06328125
0 0.678125 0.66015625 0.05625 0.05