0 0.415625 0.4640625 0.1078125 0.16875
0 0.57734375 0.2421875 0.08125 0.1015625
0 0.67890625 0.1390625 0.09453125 0.1234375
0 0.59140625 0.3953125 0.0625 0.1546875
0 0.46171875 0.0328125 0.0890625 0.065625
0 0.0546875 0.040625 0.0734375 0.08046875
0 0.8296875 0.634375 0.078125 0.16015625
0 0.865625 0.53828125 0.07890625 0.1765625
0 0.9640625 0.65390625 0.06875 0.17421875
0 0.87265625 0.80234375 0.0890625 0.13046875
0 0.9390625 0.89296875 0.07421875 0.09140625
0 0.71796875 0.86328125 0.0765625 0.15390625
0 0.515625 0.83125 0.0828125 0.14453125
0 0.28828125 0.890625 0.10546875 0.1171875
0 0.17890625 0.953125 0.07890625 0.09375
0 0.46015625 0.95625 0.0890625 0.084375
0 0.56875 0.9734375 0.090625 0.053125