0 0.31171875 0.66328125 0.08984375 0.11640625
0 0.6625 0.61875 0.109375 0.15859375
0 0.61015625 0.53203125 0.0921875 0.103125
0 0.72109375 0.7859375 0.0890625 0.12109375
0 0.5265625 0.59765625 0.0671875 0.1734375
0 0.15546875 0.6453125 0.07421875 0.2015625
0 0.253125 0.46640625 0.096875 0.1265625
0 0.6421875 0.86953125 0.08203125 0.18828125
0 0.0375 0.6765625 0.07109375 0.19609375
0 0.521875 0.828125 0.0640625 0.196875
0 0.7484375 0.45234375 0.06875 0.14296875
0 0.178125 0.9453125 0.08984375 0.10703125
0 0.834375 0.3484375 0.0625 0.1546875
0 0.84453125 0.9078125 0.10546875 0.109375
0 0.30546875 0.221875 0.06875 0.1765625
0 0.5109375 0.1921875 0.08984375 0.14609375
0 0.69765625 0.44140625 0.04375 0.10625
0 0.4453125 0.12578125 0.09453125 0.13203125
0 0.07578125 0.57734375 0.084375 0.1328125
0 0.53515625 0.31171875 0.05546875 0.08515625
0 0.6734375 0.296875 0.0453125 0.10546875
0 0.465625 0.459375 0.07421875 0.13671875
0 0.15078125 0.21796875 0.08828125 0.13515625
0 0.728125 0.2140625 0.09296875 0.109375
0 0.78984375 0.13125 0.0640625 0.18359375
0 0.24921875 0.31015625 0.11640625 0.0921875
0 0.09375 0.9625 0.08125 0.075
0 0.59140625 0.13671875 0.06015625 0.15546875
0 0.64453125 0.165625 0.06953125 0.13828125
0 0.1421875 0.48046875 0.0515625 0.10390625
0 0.97734375 0.15625 0.04296875 0.11171875
0 0.97421875 0.96015625 0.0515625 0.0765625
0 0.02890625 0.2421875 0.05703125 0.15625
0 0.7484375 0.29375 0.0875 0.0703125