0 0.5859375 0.31875 0.04375 0.16328125
0 0.6265625 0.33125 0.0484375 0.1484375
0 0.6875 0.4703125 0.0484375 0.15703125
0 0.08203125 0.65 0.06953125 0.1515625
0 0.89140625 0.221875 0.05 0.1375
0 0.8453125 0.1140625 0.04453125 0.140625
0 0.38359375 0.8484375 0.059375 0.16328125
0 0.234375 0.78203125 0.05546875 0.16640625
0 0.9171875 0.3859375 0.04453125 0.103125
0 0.82890625 0.23671875 0.04765625 0.1453125
0 0.97109375 0.1515625 0.0453125 0.1375
0 0.7734375 0.3265625 0.04140625 0.11953125
0 0.69453125 0.746875 0.0546875 0.10546875
0 0.321875 0.92109375 0.075 0.10703125
0 0.9734375 0.29765625 0.04453125 0.13359375
0 0.0671875 0.7296875 0.075 0.18046875
0 0.50625 0.95 0.06484375 0.09921875
0 0.68046875 0.33359375 0.05859375 0.1171875
0 0.64765625 0.81953125 0.0484375 0.1296875
0 0.11171875 0.40234375 0.08125 0.13984375
0 0.77734375 0.54375 0.059375 0.0921875
0 0.89140625 0.95 0.0515625 0.09453125
0 0.96171875 0.4421875 0.03984375 0.12578125
0 0.959375 0.74296875 0.040625 0.13671875
0 0.7953125 0.7625 0.05 0.11796875
0 0.5890625 0.9359375 0.0546875 0.1265625
0 0.72578125 0.32265625 0.06796875 0.17265625
0 0.753125 0.7890625 0.046875 0.14375
0 0.77578125 0.8640625 0.04140625 0.140625
0 0.9125 0.528125 0.06328125 0.125
0 0.98046875 0.61796875 0.03828125 0.10546875
0 0.64140625 0.9375 0.05546875 0.121875
0 0.828125 0.64921875 0.03671875 0.1203125
0 0.84375 0.83515625 0.05859375 0.0921875
0 0.88671875 0.8015625 0.05546875 0.115625
0 0.771875 0.46328125 0.06328125 0.090625
0 0.91640625 0.69296875 0.05234375 0.11015625