0 0.58203125 0.3375 0.09140625 0.10703125
0 0.33828125 0.2734375 0.0515625 0.0984375
0 0.56796875 0.7078125 0.078125 0.11328125
0 0.790625 0.68046875 0.08125 0.090625
0 0.03125 0.74296875 0.0625 0.1109375
0 0.73671875 0.5703125 0.0671875 0.0609375
0 0.6453125 0.72265625 0.09453125 0.140625
0 0.93671875 0.73046875 0.08125 0.15703125
0 0.35546875 0.69453125 0.096875 0.071875
0 0.2921875 0.0609375 0.1015625 0.121875
0 0.07421875 0.7546875 0.04921875 0.12890625
0 0.11640625 0.16015625 0.0578125 0.1484375
0 0.77890625 0.7625 0.06484375 0.1921875
0 0.8625 0.746875 0.07265625 0.17109375
0 0.76484375 0.09921875 0.07421875 0.1578125
0 0.340625 0.80625 0.06171875 0.171875
0 0.21875 0.7765625 0.05625 0.17734375
0 0.13671875 0.7640625 0.0671875 0.1234375
0 0.5078125 0.03828125 0.10546875 0.0734375
0 0.44375 0.928125 0.103125 0.11015625
0 0.9140625 0.51875 0.0578125 0.0953125
0 0.7078125 0.8625 0.06171875 0.228125
0 0.4046875 0.97890625 0.08046875 0.0421875
0 0.6328125 0.60234375 0.08046875 0.0984375
0 0.09609375 0.028125 0.04765625 0.0546875
0 0.12890625 0.65546875 0.078125 0.0859375
0 0.4078125 0.91796875 0.03046875 0.06328125
0 0.6828125 0.69296875 0.078125 0.1015625
0 0.975 0.5703125 0.05 0.1328125