0 0.5640625 0.66875 0.04921875 0.1265625
0 0.44375 0.49375 0.06875 0.09375
0 0.69375 0.61484375 0.0640625 0.09609375
0 0.640625 0.70625 0.05703125 0.0875
0 0.8015625 0.6609375 0.0453125 0.1109375
0 0.940625 0.7796875 0.05859375 0.0921875
0 0.73515625 0.7875 0.06640625 0.08828125
0 0.571875 0.7828125 0.0546875 0.0921875
0 0.525 0.7953125 0.046875 0.1328125
0 0.4890625 0.85234375 0.0796875 0.0921875
0 0.3859375 0.86953125 0.08203125 0.11171875
0 0.57109375 0.9328125 0.06875 0.09765625
0 0.68515625 0.928125 0.06484375 0.1
0 0.21640625 0.4390625 0.08359375 0.08984375
0 0.69140625 0.425 0.05234375 0.103125
0 0.39140625 0.446875 0.0484375 0.1171875
0 0.25625 0.365625 0.06015625 0.125
0 0.80703125 0.3546875 0.06015625 0.08203125
0 0.71953125 0.36484375 0.040625 0.125
0 0.77421875 0.3953125 0.053125 0.1078125
0 0.55234375 0.2921875 0.06015625 0.084375
0 0.2734375 0.22109375 0.06484375 0.11171875
0 0.59375 0.22890625 0.06015625 0.11484375
0 0.3625 0.24296875 0.06875 0.0796875
0 0.396875 0.3046875 0.040625 0.109375
0 0.47421875 0.36015625 0.04453125 0.0921875
0 0.4234375 0.37734375 0.06875 0.0859375
0 0.503125 0.3109375 0.053125 0.08828125
0 0.7828125 0.27578125 0.04453125 0.078125
0 0.6796875 0.31875 0.04453125 0.0859375
0 0.86953125 0.27109375 0.04140625 0.09609375