0 0.8640625 0.11171875 0.09765625 0.0890625
0 0.440625 0.63359375 0.0765625 0.11796875
0 0.67734375 0.75 0.07578125 0.121875
0 0.53359375 0.6609375 0.0625 0.11640625
0 0.78984375 0.94296875 0.07578125 0.11328125
0 0.946875 0.54140625 0.08203125 0.10078125
0 0.58125 0.53359375 0.07421875 0.10625
0 0.38671875 0.778125 0.06171875 0.14453125
0 0.34609375 0.715625 0.0640625 0.125
0 0.509375 0.52421875 0.0953125 0.10546875
0 0.53984375 0.440625 0.0796875 0.0921875
0 0.2625 0.82890625 0.09375 0.14140625
0 0.20078125 0.6046875 0.078125 0.15
0 0.246875 0.925 0.0875 0.10546875
0 0.16953125 0.44921875 0.04765625 0.0859375
0 0.87109375 0.8765625 0.06484375 0.16328125
0 0.81640625 0.61875 0.07890625 0.109375
0 0.853125 0.7375 0.05625 0.13671875
0 0.275 0.228125 0.0703125 0.1203125
0 0.27578125 0.046875 0.08515625 0.0890625
0 0.70859375 0.4203125 0.0859375 0.1
0 0.03359375 0.90078125 0.0671875 0.09921875
0 0.32890625 0.496875 0.07734375 0.14609375
0 0.634375 0.13984375 0.06015625 0.121875
0 0.8921875 0.65234375 0.0890625 0.12109375
0 0.66484375 0.3890625 0.0640625 0.11484375
0 0.76640625 0.52578125 0.05859375 0.14921875
0 0.4453125 0.9234375 0.06953125 0.14921875
0 0.05859375 0.6234375 0.0546875 0.1765625
0 0.80078125 0.4 0.06953125 0.15859375
0 0.4578125 0.1734375 0.06640625 0.15
0 0.3625 0.20625 0.04921875 0.1296875
0 0.40390625 0.21484375 0.05078125 0.0953125
0 0.58125 0.7828125 0.0734375 0.18359375
0 0.128125 0.23203125 0.05703125 0.15625
0 0.909375 0.753125 0.05859375 0.128125
0 0.23046875 0.09375 0.0515625 0.1390625
0 0.5640625 0.265625 0.08671875 0.103125
0 0.5609375 0.01484375 0.03984375 0.02890625
0 0.934375 0.43828125 0.0796875 0.078125
0 0.85078125 0.35546875 0.040625 0.09453125
0 0.09296875 0.47890625 0.0421875 0.08984375
0 0.34765625 0.98046875 0.05390625 0.0359375
0 0.0625 0.5359375 0.05078125 0.075
0 0.21171875 0.21640625 0.0484375 0.1015625
0 0.23671875 0.55390625 0.075 0.0828125
0 0.25390625 0.46875 0.071875 0.11796875
0 0.51796875 0.178125 0.07734375 0.11171875
0 0.53984375 0.1390625 0.08203125 0.09375