0 0.33671875 0.7015625 0.06953125 0.11953125
0 0.39375 0.7625 0.06796875 0.0765625
0 0.57734375 0.9375 0.059375 0.125
0 0.49296875 0.92734375 0.08359375 0.103125
0 0.7015625 0.18671875 0.059375 0.10390625
0 0.62265625 0.1515625 0.05546875 0.09375
0 0.26484375 0.9046875 0.0546875 0.13515625
0 0.41875 0.84921875 0.05625 0.1171875
0 0.8375 0.09453125 0.0609375 0.09453125
0 0.72578125 0.11796875 0.05625 0.10859375
0 0.58125 0.1078125 0.04765625 0.10234375
0 0.0421875 0.91875 0.075 0.115625
0 0.3453125 0.8375 0.08515625 0.09453125
0 0.1234375 0.85703125 0.0734375 0.115625
0 0.16015625 0.95234375 0.0859375 0.08671875
0 0.8 0.13046875 0.05625 0.06796875
0 0.82734375 0.21015625 0.07109375 0.11171875
0 0.7796875 0.2203125 0.046875 0.08515625
0 0.29921875 0.0875 0.06015625 0.0984375
0 0.94453125 0.07265625 0.04921875 0.10703125
0 0.915625 0.86015625 0.06328125 0.075
0 0.61875 0.05546875 0.0578125 0.0953125
0 0.66796875 0.0625 0.046875 0.1
0 0.20234375 0.1046875 0.065625 0.0921875
0 0.95234375 0.2171875 0.034375 0.0796875
0 0.753125 0.0625 0.046875 0.08359375
0 0.7625 0.81953125 0.0765625 0.175
0 0.18515625 0.0421875 0.07421875 0.08125
0 0.78984375 0.040625 0.05 0.08046875
0 0.25625 0.0390625 0.04375 0.0765625