0 0.45234375 0.225 0.11953125 0.1
0 0.3609375 0.25703125 0.06875 0.16328125
0 0.1078125 0.2515625 0.06640625 0.1453125
0 0.08671875 0.4859375 0.1203125 0.1265625
0 0.2171875 0.59453125 0.0953125 0.15
0 0.575 0.57109375 0.1140625 0.14609375
0 0.72109375 0.5 0.11328125 0.11796875
0 0.5359375 0.74140625 0.09375 0.12578125
0 0.27421875 0.89296875 0.075 0.17890625
0 0.19765625 0.8734375 0.0828125 0.19765625
0 0.7546875 0.8171875 0.08671875 0.15625
0 0.76640625 0.625 0.06640625 0.1796875
0 0.0921875 0.64140625 0.06171875 0.15
0 0.4046875 0.740625 0.0640625 0.1609375
0 0.46484375 0.7046875 0.0671875 0.15
0 0.0765625 0.87421875 0.08359375 0.15
0 0.140625 0.73125 0.065625 0.1375
0 0.6859375 0.2796875 0.0765625 0.18125
0 0.6046875 0.30390625 0.06875 0.12109375
0 0.534375 0.471875 0.05703125 0.1265625
0 0.48046875 0.31875 0.11875 0.096875
0 0.071875 0.775 0.08046875 0.1015625
0 0.8609375 0.26015625 0.10625 0.0984375
0 0.2953125 0.5375 0.084375 0.1171875
0 0.884375 0.5734375 0.0953125 0.109375