0 0.4796875 0.23125 0.11171875 0.13203125
0 0.4015625 0.5546875 0.1203125 0.1046875
0 0.65546875 0.24296875 0.08828125 0.15703125
0 0.503125 0.10625 0.0984375 0.11015625
0 0.6390625 0.47734375 0.084375 0.11953125
0 0.93046875 0.2015625 0.12109375 0.12421875
0 0.22265625 0.115625 0.078125 0.1265625
0 0.05390625 0.45546875 0.09765625 0.11171875
0 0.36796875 0.47109375 0.0703125 0.11640625
0 0.81875 0.14453125 0.07578125 0.15
0 0.765625 0.5921875 0.0875 0.12421875
0 0.1640625 0.5015625 0.08203125 0.15234375
0 0.56875 0.26953125 0.0609375 0.13984375
0 0.70625 0.62421875 0.08203125 0.16171875
0 0.23515625 0.771875 0.11171875 0.121875
0 0.375 0.3015625 0.07109375 0.09375
0 0.23203125 0.2953125 0.0734375 0.0875
0 0.81953125 0.28515625 0.06875 0.109375
0 0.75 0.24921875 0.07109375 0.1984375
0 0.64765625 0.69453125 0.07109375 0.19609375
0 0.36171875 0.67421875 0.0625 0.19375
0 0.31328125 0.634375 0.0515625 0.1953125
0 0.04765625 0.5828125 0.07109375 0.16640625
0 0.1125 0.7265625 0.07109375 0.14296875
0 0.8109375 0.671875 0.0671875 0.18828125
0 0.24765625 0.6359375 0.06953125 0.165625