0 0.221875 0.39140625 0.059375 0.12109375
0 0.5453125 0.459375 0.05625 0.10546875
0 0.43125 0.7375 0.05078125 0.084375
0 0.60859375 0.49609375 0.05625 0.075
0 0.36484375 0.4546875 0.05625 0.10859375
0 0.665625 0.521875 0.05078125 0.0765625
0 0.4234375 0.44296875 0.03984375 0.1046875
0 0.871875 0.62421875 0.0375 0.09296875
0 0.8015625 0.6265625 0.03984375 0.1078125
0 0.6875 0.61796875 0.0578125 0.0671875
0 0.10859375 0.3796875 0.04609375 0.08046875
0 0.47109375 0.50234375 0.0671875 0.0640625
0 0.36171875 0.6359375 0.0328125 0.0609375
0 0.1875 0.66328125 0.0609375 0.075
0 0.7703125 0.63359375 0.0484375 0.08125
0 0.0734375 0.6859375 0.05390625 0.13359375
0 0.03125 0.7328125 0.0625 0.14375
0 0.42578125 0.88125 0.071875 0.08984375
0 0.77421875 0.90078125 0.03828125 0.09765625
0 0.3078125 0.8078125 0.059375 0.09375
0 0.3703125 0.759375 0.05390625 0.07578125
0 0.4234375 0.6703125 0.065625 0.1015625
0 0.56640625 0.83125 0.05859375 0.09140625
0 0.840625 0.31171875 0.03046875 0.0765625
0 0.259375 0.9 0.08671875 0.1
0 0.58203125 0.753125 0.05234375 0.07109375
0 0.1453125 0.68671875 0.05 0.146875
0 0.82890625 0.903125 0.04375 0.1015625
0 0.8625 0.3328125 0.0390625 0.075
0 0.7234375 0.86875 0.04453125 0.0703125
0 0.33359375 0.9078125 0.03984375 0.07734375
0 0.75078125 0.82890625 0.0390625 0.05703125
0 0.7484375 0.9546875 0.04921875 0.08515625
0 0.96796875 0.896875 0.04453125 0.08671875
0 0.79375 0.8484375 0.04453125 0.08671875
0 0.38125 0.1953125 0.05625 0.11484375
0 0.48515625 0.7515625 0.0484375 0.08203125
0 0.525 0.74375 0.0421875 0.090625