0 0.39765625 0.16328125 0.0703125 0.1078125
0 0.315625 0.1171875 0.04296875 0.075
0 0.40546875 0.08984375 0.0578125 0.08125
0 0.61484375 0.13828125 0.07421875 0.09921875
0 0.94453125 0.2 0.0484375 0.115625
0 0.73125 0.96953125 0.0546875 0.059375
0 0.7546875 0.54765625 0.06796875 0.1
0 0.8546875 0.95 0.078125 0.09296875
0 0.54140625 0.87421875 0.0890625 0.10859375
0 0.93671875 0.709375 0.07421875 0.08828125
0 0.1171875 0.68515625 0.06875 0.1296875
0 0.34296875 0.80703125 0.0953125 0.15703125
0 0.02421875 0.57890625 0.0453125 0.11171875