0 0.1859375 0.65546875 0.06484375 0.08984375
0 0.11484375 0.4546875 0.08359375 0.10546875
0 0.55 0.83828125 0.0609375 0.13515625
0 0.06796875 0.890625 0.0859375 0.11953125
0 0.11328125 0.6046875 0.06484375 0.12109375
0 0.2296875 0.9484375 0.06015625 0.090625
0 0.3078125 0.58671875 0.053125 0.0921875
0 0.596875 0.36171875 0.0609375 0.11015625
0 0.71953125 0.71953125 0.05546875 0.10078125
0 0.165625 0.9125 0.0890625 0.1265625
0 0.75859375 0.93046875 0.0671875 0.13125
0 0.5125 0.553125 0.0515625 0.09375
0 0.71328125 0.5890625 0.07421875 0.14453125
0 0.37265625 0.68125 0.0578125 0.1578125
0 0.53984375 0.62734375 0.06796875 0.0921875
0 0.815625 0.85703125 0.0609375 0.125
0 0.3578125 0.6 0.08671875 0.13984375
0 0.4234375 0.70078125 0.05859375 0.15234375
0 0.6578125 0.73046875 0.06171875 0.12890625
0 0.9484375 0.61796875 0.07890625 0.15
0 0.7078125 0.45625 0.05078125 0.13046875
0 0.89765625 0.8375 0.0796875 0.121875
0 0.8375 0.740625 0.059375 0.12109375
0 0.959375 0.478125 0.05859375 0.1328125
0 0.95546875 0.35546875 0.0640625 0.1234375
0 0.63359375 0.66875 0.05234375 0.11171875
0 0.8640625 0.44140625 0.071875 0.13125
0 0.9484375 0.91796875 0.07109375 0.12578125
0 0.8984375 0.49140625 0.08125 0.13125
0 0.3875 0.82109375 0.0609375 0.1734375
0 0.7875 0.565625 0.0859375 0.1421875
0 0.74375 0.340625 0.053125 0.12890625
0 0.95625 0.75859375 0.0765625 0.0953125