0 0.3859375 0.684375 0.09609375 0.11875
0 0.8328125 0.3859375 0.0546875 0.0625
0 0.22265625 0.953125 0.0875 0.09296875
0 0.8265625 0.5 0.0609375 0.11796875
0 0.89921875 0.88359375 0.0734375 0.090625
0 0.41171875 0.959375 0.07578125 0.08125
0 0.2875 0.82109375 0.07734375 0.08828125
0 0.3328125 0.87109375 0.09140625 0.08671875
0 0.3453125 0.9578125 0.05625 0.084375
0 0.95859375 0.85703125 0.0515625 0.1515625
0 0.78203125 0.965625 0.05546875 0.06875
0 0.28203125 0.97578125 0.05 0.0484375
0 0.0421875 0.9796875 0.04453125 0.040625
0 0.7328125 0.98046875 0.053125 0.0390625
0 0.971875 0.02109375 0.05625 0.04140625
0 0.77734375 0.1359375 0.078125 0.0640625
0 0.484375 0.97890625 0.07578125 0.040625
0 0.29921875 0.87578125 0.0515625 0.06640625
0 0.25390625 0.0609375 0.06953125 0.08359375
0 0.26640625 0.8421875 0.0359375 0.05390625
0 0.4078125 0.025 0.065625 0.05