0 0.7375 0.57109375 0.103125 0.16796875
0 0.60546875 0.525 0.11953125 0.1453125
0 0.321875 0.49921875 0.121875 0.1140625
0 0.603125 0.8171875 0.1078125 0.125
0 0.59453125 0.2703125 0.10546875 0.15078125
0 0.51640625 0.11875 0.09140625 0.13515625
0 0.28984375 0.75234375 0.0703125 0.171875
0 0.915625 0.29375 0.09453125 0.1375
0 0.46171875 0.71015625 0.09609375 0.15859375
0 0.91484375 0.50234375 0.08671875 0.14609375
0 0.04765625 0.9046875 0.0953125 0.153125
0 0.36875 0.69375 0.0984375 0.15078125
0 0.40078125 0.92890625 0.10390625 0.1140625
0 0.5359375 0.63984375 0.065625 0.190625
0 0.78828125 0.1046875 0.10859375 0.10390625
0 0.3453125 0.86015625 0.065625 0.15
0 0.490625 0.9203125 0.06328125 0.15859375
0 0.9765625 0.2359375 0.046875 0.1640625
0 0.284375 0.14921875 0.09453125 0.1765625
0 0.4265625 0.5796875 0.103125 0.12421875
0 0.51328125 0.29609375 0.08125 0.13359375
0 0.971875 0.4890625 0.05546875 0.1328125