0 0.05234375 0.44140625 0.08515625 0.1296875
0 0.084375 0.8046875 0.10234375 0.1109375
0 0.2890625 0.62890625 0.0578125 0.1734375
0 0.37578125 0.62890625 0.07734375 0.1453125
0 0.24375 0.496875 0.0890625 0.1296875
0 0.353125 0.51640625 0.0765625 0.1140625
0 0.37109375 0.3546875 0.06328125 0.146875
0 0.328125 0.19296875 0.075 0.1609375
0 0.52421875 0.13828125 0.103125 0.1203125
0 0.90546875 0.55859375 0.096875 0.13984375
0 0.8234375 0.66484375 0.059375 0.1859375
0 0.7765625 0.14375 0.0875 0.14140625
0 0.7765625 0.49765625 0.0609375 0.13203125
0 0.77890625 0.91484375 0.10078125 0.15546875
0 0.92109375 0.696875 0.10859375 0.146875
0 0.5015625 0.2859375 0.06875 0.1421875
0 0.884375 0.28125 0.10625 0.121875
0 0.74296875 0.28984375 0.0984375 0.13828125
0 0.8453125 0.2546875 0.02890625 0.046875