0 0.5265625 0.225 0.11484375 0.128125
0 0.096875 0.37421875 0.090625 0.07578125
0 0.32734375 0.53046875 0.0921875 0.103125
0 0.946875 0.253125 0.05703125 0.16328125
0 0.55546875 0.80078125 0.06953125 0.15
0 0.77421875 0.6640625 0.0640625 0.1890625
0 0.96171875 0.62578125 0.07109375 0.1140625
0 0.021875 0.51171875 0.04375 0.125
0 0.96953125 0.5640625 0.0609375 0.0828125
0 0.39140625 0.08125 0.0859375 0.140625
0 0.06328125 0.56875 0.08046875 0.1359375
0 0.1234375 0.53203125 0.06953125 0.1421875
0 0.2 0.55390625 0.08671875 0.13671875
0 0.23828125 0.50859375 0.07265625 0.09375
0 0.97734375 0.85390625 0.0453125 0.1296875