0 0.5078125 0.49921875 0.07578125 0.11875
0 0.8921875 0.7171875 0.10703125 0.1875
0 0.78046875 0.4625 0.1109375 0.10703125
0 0.5921875 0.42578125 0.09375 0.11171875
0 0.3625 0.32578125 0.0796875 0.08359375
0 0.3078125 0.31640625 0.0375 0.10703125
0 0.2640625 0.3125 0.0453125 0.10703125
0 0.0453125 0.303125 0.0390625 0.09609375
0 0.77890625 0.296875 0.06796875 0.16953125
0 0.7140625 0.31953125 0.06640625 0.08984375
0 0.6390625 0.28828125 0.0625 0.146875
0 0.56171875 0.28984375 0.05859375 0.13125
0 0.884375 0.1625 0.05703125 0.11328125
0 0.95546875 0.31875 0.0625 0.13046875
0 0.9046875 0.2765625 0.06015625 0.1
0 0.4234375 0.1921875 0.046875 0.1390625
0 0.1625 0.2078125 0.0546875 0.11875
0 0.375 0.228125 0.04921875 0.08984375
0 0.32734375 0.22890625 0.0609375 0.0703125
0 0.27734375 0.23125 0.04453125 0.06640625