0 0.3078125 0.22421875 0.08203125 0.20859375
0 0.1625 0.053125 0.1 0.10234375
0 0.36484375 0.04609375 0.08203125 0.08984375
0 0.06328125 0.0640625 0.08984375 0.1234375
0 0.95625 0.14296875 0.0875 0.15078125
0 0.8125 0.3578125 0.07890625 0.190625
0 0.68046875 0.72578125 0.10859375 0.15390625
0 0.946875 0.6703125 0.09765625 0.1625
0 0.6203125 0.415625 0.08125 0.11015625
0 0.8890625 0.509375 0.0828125 0.153125
0 0.63359375 0.6078125 0.0875 0.1765625
0 0.12421875 0.72890625 0.10625 0.1375
0 0.703125 0.18828125 0.10078125 0.12109375
0 0.309375 0.5 0.11875 0.12265625
0 0.3609375 0.771875 0.10703125 0.15
0 0.06875 0.51328125 0.10390625 0.1109375
0 0.125 0.340625 0.1109375 0.0859375
0 0.13984375 0.9 0.140625 0.1296875
0 0.41171875 0.878125 0.09375 0.12578125
0 0.6734375 0.87421875 0.09140625 0.12734375
0 0.915625 0.325 0.09609375 0.09453125
0 0.5390625 0.5140625 0.0671875 0.128125
0 0.37890625 0.3421875 0.0671875 0.08828125
0 0.965625 0.4921875 0.0640625 0.1296875
0 0.41328125 0.56875 0.07890625 0.13359375
0 0.08359375 0.4203125 0.0953125 0.121875
0 0.521875 0.296875 0.05390625 0.103125
0 0.48984375 0.2734375 0.05625 0.10390625