0 0.32734375 0.62578125 0.08671875 0.12265625
0 0.52109375 0.73671875 0.0734375 0.1203125
0 0.62578125 0.49140625 0.0734375 0.0984375
0 0.68984375 0.69609375 0.0578125 0.2140625
0 0.75390625 0.675 0.078125 0.1
0 0.959375 0.8109375 0.05703125 0.10234375
0 0.1734375 0.8484375 0.08046875 0.14765625
0 0.9296875 0.3921875 0.046875 0.11640625
0 0.2421875 0.42265625 0.07734375 0.125
0 0.7359375 0.34921875 0.0515625 0.115625
0 0.1578125 0.96171875 0.07265625 0.075
0 0.934375 0.51484375 0.05625 0.096875
0 0.1328125 0.55078125 0.06953125 0.140625
0 0.8375 0.52890625 0.0578125 0.1140625
0 0.9125 0.10078125 0.05390625 0.10390625
0 0.04609375 0.2265625 0.06953125 0.10078125
0 0.04765625 0.459375 0.07421875 0.109375
0 0.4390625 0.38671875 0.05390625 0.13828125
0 0.496875 0.39609375 0.06484375 0.10078125
0 0.21015625 0.51015625 0.0578125 0.18046875
0 0.46328125 0.13984375 0.078125 0.08671875