0 0.55078125 0.61171875 0.06640625 0.10390625
0 0.2796875 0.5203125 0.05703125 0.08515625
0 0.9203125 0.61640625 0.0703125 0.10625
0 0.92265625 0.7453125 0.0671875 0.10859375
0 0.1859375 0.47109375 0.04765625 0.09609375
0 0.790625 0.428125 0.084375 0.10390625
0 0.39453125 0.259375 0.05390625 0.0796875
0 0.640625 0.4375 0.06640625 0.115625
0 0.5234375 0.30390625 0.05546875 0.109375
0 0.696875 0.43125 0.0609375 0.109375
0 0.346875 0.48125 0.06171875 0.0859375
0 0.853125 0.23359375 0.0625 0.11171875
0 0.97265625 0.8609375 0.0546875 0.10625
0 0.3203125 0.38125 0.05625 0.11484375
0 0.60078125 0.3828125 0.04921875 0.1015625
0 0.91328125 0.353125 0.071875 0.12265625
0 0.36875 0.3921875 0.04921875 0.1078125
0 0.221875 0.3578125 0.06796875 0.0921875
0 0.6265625 0.315625 0.04296875 0.1078125
0 0.534375 0.17890625 0.053125 0.08828125
0 0.2484375 0.2828125 0.05 0.0796875
0 0.70859375 0.25234375 0.05234375 0.11171875
0 0.09140625 0.26015625 0.04140625 0.1046875
0 0.240625 0.1828125 0.0390625 0.09765625
0 0.96171875 0.25 0.0546875 0.07890625
0 0.03828125 0.27890625 0.046875 0.1328125
0 0.97578125 0.4125 0.0484375 0.1171875
0 0.47578125 0.1203125 0.04609375 0.0875
0 0.096875 0.0265625 0.05546875 0.053125
0 0.73046875 0.1125 0.0578125 0.0859375
0 0.24375 0.02421875 0.04921875 0.04765625
0 0.2109375 0.1484375 0.04921875 0.09453125
0 0.65546875 0.23203125 0.03984375 0.08046875
0 0.503125 0.0203125 0.04921875 0.03984375
0 0.54921875 0.015625 0.046875 0.03125
0 0.596875 0.23515625 0.04609375 0.090625
0 0.3515625 0.21875 0.03046875 0.046875
0 0.30234375 0.2484375 0.03828125 0.06328125
0 0.3234375 0.240625 0.09140625 0.09140625
0 0.68828125 0.20078125 0.0375 0.06328125
0 0.1 0.16171875 0.03203125 0.06875
0 0.99921875 0.0828125 0.0015625 0.165625