0 0.16171875 0.4390625 0.0546875 0.1375
0 0.303125 0.4140625 0.065625 0.1140625
0 0.5140625 0.55625 0.05859375 0.1484375
0 0.05703125 0.209375 0.0609375 0.13125
0 0.653125 0.78046875 0.059375 0.12890625
0 0.9625 0.70625 0.0546875 0.13125
0 0.10546875 0.73828125 0.0703125 0.125
0 0.4921875 0.7859375 0.06171875 0.15625
0 0.33046875 0.33984375 0.0546875 0.14375
0 0.86796875 0.7 0.06796875 0.11171875
0 0.921875 0.8234375 0.075 0.1109375
0 0.8484375 0.86796875 0.07578125 0.13515625
0 0.846875 0.3171875 0.0875 0.09765625
0 0.38515625 0.61015625 0.1046875 0.11015625
0 0.55390625 0.75078125 0.0703125 0.1125
0 0.66796875 0.5625 0.06796875 0.0953125
0 0.5984375 0.51328125 0.08125 0.1171875
0 0.81796875 0.82890625 0.06328125 0.11953125
0 0.7046875 0.89375 0.0890625 0.1125
0 0.875 0.5953125 0.0765625 0.11484375
0 0.44296875 0.47890625 0.078125 0.0953125
0 0.25546875 0.95234375 0.078125 0.09375
0 0.68203125 0.47734375 0.0484375 0.125
0 0.0875 0.33046875 0.09296875 0.15234375
0 0.71796875 0.6859375 0.0921875 0.10625
0 0.1390625 0.2421875 0.10390625 0.12109375
0 0.784375 0.47890625 0.0578125 0.1125
0 0.5015625 0.31484375 0.0609375 0.14453125
0 0.378125 0.5125 0.07109375 0.12734375
0 0.70625 0.34296875 0.05078125 0.1078125
0 0.53828125 0.28203125 0.065625 0.1328125
0 0.053125 0.0625 0.08125 0.115625
0 0.5828125 0.20703125 0.05546875 0.11484375
0 0.53515625 0.21953125 0.0796875 0.11875
0 0.85703125 0.4625 0.06796875 0.1109375
0 0.265625 0.271875 0.0875 0.09765625
0 0.2265625 0.153125 0.05625 0.14453125
0 0.36328125 0.221875 0.05546875 0.13203125
0 0.41015625 0.1203125 0.05703125 0.11953125
0 0.565625 0.1109375 0.08046875 0.08046875
0 0.8265625 0.4828125 0.06328125 0.10625
0 0.7515625 0.284375 0.065625 0.08203125
0 0.66796875 0.18203125 0.0296875 0.1796875