0 0.62265625 0.33359375 0.05078125 0.075
0 0.7484375 0.2578125 0.0359375 0.0671875
0 0.6875 0.16328125 0.03828125 0.08203125
0 0.84296875 0.30859375 0.05 0.06875
0 0.48125 0.6234375 0.065625 0.08984375
0 0.34375 0.7515625 0.084375 0.08828125
0 0.67265625 0.79375 0.05234375 0.109375
0 0.76953125 0.21171875 0.0421875 0.078125
0 0.8 0.23125 0.03515625 0.065625
0 0.16328125 0.10078125 0.04375 0.07265625
0 0.71875 0.21484375 0.04453125 0.06953125
0 0.790625 0.15859375 0.0453125 0.08828125
0 0.81171875 0.7984375 0.0546875 0.08125
0 0.4203125 0.81796875 0.05703125 0.090625
0 0.5546875 0.88984375 0.0640625 0.125
0 0.3703125 0.56875 0.04375 0.0875
0 0.8921875 0.29765625 0.0484375 0.08046875
0 0.865625 0.225 0.05 0.0828125
0 0.921875 0.23359375 0.04765625 0.0796875
0 0.28984375 0.8125 0.0453125 0.1171875
0 0.47890625 0.91875 0.05078125 0.10703125
0 0.96953125 0.23671875 0.04765625 0.0859375
0 0.7171875 0.934375 0.05859375 0.1203125
0 0.8234375 0.6578125 0.0359375 0.0828125
0 0.0515625 0.509375 0.0484375 0.0734375
0 0.29296875 0.5375 0.04609375 0.05625
0 0.2203125 0.953125 0.0515625 0.09375
0 0.04375 0.94765625 0.08203125 0.096875
0 0.8296875 0.10625 0.03203125 0.0828125
0 0.87578125 0.90234375 0.0546875 0.05703125
0 0.26953125 0.22578125 0.059375 0.0796875
0 0.66328125 0.159375 0.04921875 0.07734375
0 0.16015625 0.2953125 0.05859375 0.0765625
0 0.73515625 0.03203125 0.07734375 0.0625
0 0.85625 0.66328125 0.04765625 0.07578125
0 0.30625 0.96171875 0.05 0.07578125
0 0.875 0.1015625 0.03828125 0.07421875
0 0.38984375 0.934375 0.05703125 0.10546875
0 0.31640625 0.28359375 0.07109375 0.07421875
0 0.68125 0.0609375 0.05390625 0.1046875
0 0.03359375 0.30390625 0.0671875 0.07265625