0 0.26953125 0.38125 0.04140625 0.08359375
0 0.1640625 0.48828125 0.0765625 0.09921875
0 0.26875 0.72578125 0.05859375 0.12421875
0 0.27265625 0.88671875 0.07109375 0.11875
0 0.19765625 0.3921875 0.053125 0.07890625
0 0.23046875 0.44921875 0.04375 0.10703125
0 0.0671875 0.15703125 0.04296875 0.11328125
0 0.02578125 0.28125 0.04609375 0.09453125
0 0.234375 0.33828125 0.03671875 0.078125
0 0.50546875 0.753125 0.0828125 0.09296875
0 0.0671875 0.33984375 0.0671875 0.0921875
0 0.37578125 0.928125 0.0671875 0.12421875
0 0.0953125 0.928125 0.05625 0.128125
0 0.0390625 0.128125 0.0390625 0.11953125
0 0.08828125 0.80859375 0.06171875 0.11953125
0 0.015625 0.11640625 0.03125 0.10703125
0 0.83125 0.728125 0.05703125 0.05
0 0.7625 0.77265625 0.059375 0.11640625
0 0.26640625 0.0296875 0.06953125 0.0578125
0 0.12578125 0.60625 0.03828125 0.06796875