0 0.63203125 0.42265625 0.1125 0.1265625
0 0.91328125 0.3046875 0.14765625 0.18671875
0 0.7453125 0.609375 0.09765625 0.1484375
0 0.93671875 0.628125 0.10234375 0.1296875
0 0.63515625 0.5625 0.1296875 0.13125
0 0.4984375 0.61875 0.10078125 0.1265625
0 0.5171875 0.86328125 0.10390625 0.171875
0 0.38515625 0.63359375 0.09765625 0.11875
0 0.72265625 0.8375 0.09921875 0.14140625
0 0.23359375 0.62578125 0.08359375 0.17578125
0 0.1421875 0.803125 0.10078125 0.17265625
0 0.346875 0.94921875 0.09375 0.1015625
0 0.78515625 0.75859375 0.1015625 0.11015625
0 0.35703125 0.8421875 0.08671875 0.1296875
0 0.96796875 0.80625 0.0640625 0.14765625
0 0.15234375 0.93203125 0.0796875 0.134375
0 0.7671875 0.94921875 0.0984375 0.10078125
0 0.2546875 0.915625 0.09296875 0.13671875
0 0.19921875 0.7046875 0.1 0.121875
0 0.03515625 0.7328125 0.06796875 0.14453125
0 0.0234375 0.27734375 0.046875 0.1671875
0 0.3671875 0.73359375 0.071875 0.10703125
0 0.9125 0.95546875 0.0859375 0.0890625
0 0.228125 0.8 0.0859375 0.12578125
0 0.659375 0.971875 0.10859375 0.05546875
0 0.30234375 0.65390625 0.07578125 0.1203125
0 0.30234375 0.7640625 0.07109375 0.15703125
0 0.48828125 0.9734375 0.1046875 0.053125
0 0.865625 0.86015625 0.06484375 0.2640625
0 0.80625 0.9015625 0.05625 0.17109375