0 0.0578125 0.9546875 0.05234375 0.0875
0 0.0890625 0.96953125 0.05859375 0.0609375
0 0.06015625 0.86953125 0.0625 0.0953125
0 0.0140625 0.79765625 0.025 0.0890625
0 0.03984375 0.78125 0.028125 0.0796875
0 0.01640625 0.73671875 0.01875 0.04765625
0 0.03828125 0.7171875 0.015625 0.05234375
0 0.07421875 0.78515625 0.03359375 0.06015625
0 0.0609375 0.740625 0.03046875 0.0359375
0 0.08203125 0.73046875 0.0234375 0.05234375
0 0.10625 0.7390625 0.028125 0.04140625
0 0.10546875 0.78125 0.02578125 0.0484375
0 0.1046875 0.8453125 0.02578125 0.08203125
0 0.13359375 0.83671875 0.04609375 0.090625
0 0.134375 0.7328125 0.03515625 0.0640625
0 0.16953125 0.7328125 0.02421875 0.059375
0 0.165625 0.78984375 0.06171875 0.0640625
0 0.18203125 0.84453125 0.05390625 0.0625
0 0.1921875 0.89609375 0.06484375 0.059375
0 0.13984375 0.9328125 0.05390625 0.06328125
0 0.16875 0.9515625 0.05 0.053125
0 0.1625 0.98671875 0.05 0.0265625
0 0.2234375 0.95546875 0.04765625 0.06171875
0 0.2140625 0.99140625 0.0375 0.0171875
0 0.31796875 0.97265625 0.05234375 0.0546875
0 0.25625 0.81875 0.0390625 0.10234375
0 0.215625 0.8140625 0.03671875 0.08203125
0 0.196875 0.71328125 0.03984375 0.05234375
0 0.25546875 0.7234375 0.0421875 0.0859375
0 0.30078125 0.7796875 0.046875 0.09296875
0 0.3625 0.67734375 0.04140625 0.1140625
0 0.309375 0.703125 0.05078125 0.05390625
0 0.33046875 0.7328125 0.0421875 0.05859375
0 0.31953125 0.875 0.0609375 0.078125
0 0.35390625 0.8296875 0.0515625 0.0859375
0 0.3671875 0.9203125 0.05859375 0.05625
0 0.428125 0.896875 0.03984375 0.084375
0 0.396875 0.8609375 0.0671875 0.05546875
0 0.40078125 0.80546875 0.04765625 0.0546875
0 0.403125 0.71015625 0.04296875 0.12421875
0 0.446875 0.7484375 0.04453125 0.0703125
0 0.43984375 0.68359375 0.02578125 0.065625
0 0.47734375 0.65859375 0.0390625 0.10703125
0 0.48515625 0.84609375 0.053125 0.09296875
0 0.55234375 0.92734375 0.04453125 0.10234375
0 0.53515625 0.83125 0.065625 0.08125
0 0.528125 0.78203125 0.05546875 0.06015625
0 0.4984375 0.734375 0.04921875 0.08828125
0 0.51796875 0.68203125 0.03125 0.040625
0 0.54375 0.728125 0.0375 0.059375
0 0.59375 0.92265625 0.0359375 0.07734375
0 0.63671875 0.9390625 0.046875 0.08125
0 0.63203125 0.875 0.04765625 0.06953125
0 0.69453125 0.91015625 0.06328125 0.08046875
0 0.70078125 0.846875 0.071875 0.059375
0 0.590625 0.8 0.0578125 0.10078125
0 0.58203125 0.73515625 0.0546875 0.08046875
0 0.56640625 0.665625 0.0546875 0.0734375
0 0.62890625 0.6703125 0.0328125 0.08125
0 0.590625 0.6703125 0.040625 0.07421875
0 0.6625 0.67421875 0.04140625 0.0578125
0 0.646875 0.7609375 0.0546875 0.0890625
0 0.72578125 0.76875 0.04296875 0.0765625
0 0.69765625 0.73359375 0.04296875 0.08359375
0 0.68203125 0.6421875 0.04609375 0.06796875
0 0.728125 0.67421875 0.0421875 0.06171875
0 0.78046875 0.659375 0.04921875 0.08671875
0 0.82421875 0.8828125 0.06640625 0.0765625
0 0.80234375 0.8140625 0.05859375 0.059375
0 0.81796875 0.771875 0.075 0.05234375
0 0.8234375 0.7234375 0.07734375 0.059375
0 0.84921875 0.64296875 0.0640625 0.09140625