0 0.33046875 0.40390625 0.06015625 0.12734375
0 0.20234375 0.76484375 0.0640625 0.12109375
0 0.415625 0.4265625 0.04921875 0.1390625
0 0.46328125 0.46484375 0.046875 0.12734375
0 0.52578125 0.4640625 0.0390625 0.1234375
0 0.37890625 0.2375 0.08359375 0.084375
0 0.4234375 0.12265625 0.0546875 0.0859375
0 0.5453125 0.23359375 0.07265625 0.08984375
0 0.659375 0.309375 0.06640625 0.084375
0 0.721875 0.459375 0.05625 0.0875
0 0.575 0.3875 0.0640625 0.11875
0 0.74140625 0.36640625 0.0484375 0.1234375
0 0.15703125 0.23359375 0.05859375 0.1625
0 0.16484375 0.8890625 0.0609375 0.11171875
0 0.125 0.959375 0.07578125 0.0796875
0 0.46640625 0.93203125 0.07265625 0.1015625
0 0.5921875 0.8609375 0.06796875 0.11328125
0 0.93359375 0.31875 0.0546875 0.1015625
0 0.88125 0.5125 0.04140625 0.07421875
0 0.834375 0.5625 0.06015625 0.08359375
0 0.73359375 0.60390625 0.05078125 0.078125
0 0.6546875 0.771875 0.05234375 0.109375
0 0.5953125 0.7375 0.0546875 0.12890625
0 0.428125 0.8171875 0.05859375 0.1
0 0.715625 0.93203125 0.0765625 0.11953125
0 0.7015625 0.8078125 0.0640625 0.07421875
0 0.053125 0.790625 0.06640625 0.11953125
0 0.8078125 0.903125 0.05859375 0.11328125
0 0.25703125 0.61796875 0.06640625 0.08984375