0 0.059375 0.21796875 0.078125 0.16171875
0 0.10390625 0.365625 0.1109375 0.16171875
0 0.1109375 0.25703125 0.0796875 0.09609375
0 0.14609375 0.22421875 0.0734375 0.0890625
0 0.1796875 0.44296875 0.10859375 0.13828125
0 0.10390625 0.74296875 0.06875 0.1375
0 0.30625 0.41171875 0.0421875 0.1
0 0.334375 0.359375 0.05546875 0.11640625
0 0.334375 0.23515625 0.04375 0.06640625
0 0.37265625 0.23203125 0.02421875 0.071875
0 0.3890625 0.21171875 0.06015625 0.08203125
0 0.5015625 0.34296875 0.04921875 0.09921875
0 0.5171875 0.29609375 0.11328125 0.1140625
0 0.534375 0.2171875 0.0859375 0.11171875
0 0.575 0.12578125 0.07578125 0.06875
0 0.59375 0.196875 0.07421875 0.10859375
0 0.6671875 0.22265625 0.04765625 0.0890625
0 0.70546875 0.26953125 0.0421875 0.07734375
0 0.74453125 0.284375 0.0453125 0.07734375
0 0.79296875 0.2984375 0.04296875 0.0671875
0 0.709375 0.34921875 0.03828125 0.0921875
0 0.828125 0.3453125 0.0703125 0.0875
0 0.95625 0.1796875 0.0546875 0.0796875
0 0.3640625 0.53359375 0.071875 0.0953125
0 0.39375 0.45625 0.05234375 0.07109375
0 0.4453125 0.47265625 0.06015625 0.10390625
0 0.3875 0.63046875 0.109375 0.115625
0 0.52421875 0.5671875 0.09375 0.15625
0 0.59765625 0.5171875 0.046875 0.13046875
0 0.678125 0.575 0.065625 0.096875
0 0.69765625 0.48203125 0.07109375 0.134375
0 0.79453125 0.4921875 0.0859375 0.1203125
0 0.85625 0.471875 0.0640625 0.1078125
0 0.8640625 0.6 0.0921875 0.1203125
0 0.7140625 0.68984375 0.0875 0.1125
0 0.64375 0.79609375 0.08203125 0.02890625
0 0.4921875 0.778125 0.06328125 0.128125
0 0.64765625 0.78984375 0.090625 0.13046875
0 0.57265625 0.7546875 0.07734375 0.10546875
0 0.27890625 0.95078125 0.1453125 0.0984375
0 0.703125 0.89375 0.07734375 0.10234375
0 0.81171875 0.81875 0.0609375 0.09609375
0 0.8640625 0.8546875 0.040625 0.1296875
0 0.91953125 0.825 0.07734375 0.10390625
0 0.8625 0.70546875 0.05703125 0.09140625
0 0.96875 0.71328125 0.0625 0.14140625