0 0.31953125 0.125 0.1078125 0.140625
0 0.60546875 0.228125 0.0859375 0.1640625
0 0.3953125 0.3046875 0.084375 0.13828125
0 0.3171875 0.2703125 0.07734375 0.17265625
0 0.66953125 0.775 0.0796875 0.16796875
0 0.74140625 0.3046875 0.1078125 0.146875
0 0.74375 0.1265625 0.1 0.12109375
0 0.73984375 0.7140625 0.09609375 0.14765625
0 0.075 0.7234375 0.1140625 0.121875
0 0.62578125 0.896875 0.08046875 0.184375
0 0.48359375 0.87578125 0.0796875 0.17109375
0 0.7453125 0.6171875 0.0671875 0.1234375
0 0.0640625 0.5859375 0.075 0.1640625
0 0.31796875 0.7015625 0.09765625 0.13359375
0 0.915625 0.6953125 0.09140625 0.115625
0 0.9046875 0.3265625 0.08671875 0.09140625
0 0.925 0.82109375 0.07421875 0.1515625
0 0.69921875 0.515625 0.125 0.10703125
0 0.82265625 0.54765625 0.1015625 0.1234375
0 0.84296875 0.6421875 0.1 0.12265625
0 0.2171875 0.8953125 0.12109375 0.12109375
0 0.115625 0.23359375 0.08828125 0.16015625