0 0.2765625 0.78359375 0.0734375 0.1125
0 0.221875 0.903125 0.0671875 0.0984375
0 0.4546875 0.73984375 0.07421875 0.1125
0 0.54375 0.92578125 0.07421875 0.1125
0 0.8078125 0.9171875 0.0921875 0.12109375
0 0.609375 0.37421875 0.0765625 0.1140625
0 0.60859375 0.696875 0.06328125 0.14140625
0 0.8890625 0.953125 0.07734375 0.09140625
0 0.6234375 0.80390625 0.059375 0.13828125
0 0.80234375 0.8078125 0.09296875 0.10546875
0 0.9109375 0.509375 0.07265625 0.175
0 0.68515625 0.5546875 0.05703125 0.11796875
0 0.17109375 0.78984375 0.05546875 0.1265625
0 0.5734375 0.80859375 0.053125 0.1546875
0 0.0296875 0.934375 0.05390625 0.12109375
0 0.11328125 0.88359375 0.0828125 0.0921875
0 0.4296875 0.55390625 0.08125 0.22578125
0 0.809375 0.54609375 0.06640625 0.14140625
0 0.1828125 0.9328125 0.04375 0.128125
0 0.11953125 0.7609375 0.05625 0.1625
0 0.46171875 0.9 0.05390625 0.16875
0 0.35234375 0.93359375 0.05546875 0.128125
0 0.52421875 0.490625 0.07890625 0.18515625
0 0.75625 0.359375 0.08125 0.11015625
0 0.7234375 0.621875 0.06484375 0.15625
0 0.7453125 0.28359375 0.078125 0.08125
0 0.6078125 0.51796875 0.053125 0.175
0 0.978125 0.41484375 0.04296875 0.15390625
0 0.8609375 0.25625 0.0765625 0.17109375
0 0.81953125 0.68125 0.10390625 0.2015625
0 0.834375 0.35 0.07421875 0.12265625
0 0.89296875 0.7046875 0.05546875 0.203125
0 0.43671875 0.875 0.0515625 0.1640625
0 0.7546875 0.53828125 0.06484375 0.121875
0 0.39765625 0.9046875 0.04375 0.15
0 0.0859375 0.93984375 0.0859375 0.11640625
0 0.56875 0.5203125 0.05234375 0.18203125
0 0.34765625 0.68046875 0.04765625 0.1625
0 0.390625 0.68046875 0.0390625 0.146875