0 0.525 0.83359375 0.059375 0.10078125
0 0.578125 0.7546875 0.05234375 0.08671875
0 0.6765625 0.7296875 0.04765625 0.08359375
0 0.40859375 0.8578125 0.04765625 0.08828125
0 0.48359375 0.959375 0.053125 0.071875
0 0.80390625 0.7859375 0.0484375 0.08125
0 0.72734375 0.7859375 0.05546875 0.07734375
0 0.85625 0.77734375 0.06640625 0.06875
0 0.36015625 0.8828125 0.07265625 0.10078125
0 0.5140625 0.74921875 0.06015625 0.07265625
0 0.8765625 0.715625 0.05078125 0.08359375
0 0.7140625 0.659375 0.0640625 0.0703125
0 0.6515625 0.65703125 0.065625 0.07109375
0 0.3015625 0.703125 0.05 0.0765625
0 0.26015625 0.9171875 0.0453125 0.1125
0 0.753125 0.9296875 0.07421875 0.075
0 0.94765625 0.93359375 0.065625 0.0875
0 0.81953125 0.9421875 0.04375 0.084375
0 0.86953125 0.89375 0.06640625 0.071875
0 0.80234375 0.7015625 0.046875 0.0703125
0 0.95703125 0.68125 0.05390625 0.08046875
0 0.26640625 0.81328125 0.0453125 0.090625
0 0.98203125 0.7890625 0.0359375 0.078125
0 0.35546875 0.78984375 0.0671875 0.09921875
0 0.3234375 0.8421875 0.059375 0.07265625
0 0.396875 0.63671875 0.05703125 0.0796875
0 0.40703125 0.67734375 0.0640625 0.0734375
0 0.42421875 0.7359375 0.0734375 0.078125
0 0.4734375 0.6890625 0.06640625 0.0625
0 0.5578125 0.68984375 0.06328125 0.0640625
0 0.5453125 0.659375 0.053125 0.07421875
0 0.7703125 0.653125 0.05 0.071875
0 0.89375 0.95546875 0.05546875 0.0890625
0 0.9140625 0.67734375 0.04140625 0.0734375
0 0.87578125 0.65546875 0.06171875 0.0734375
0 0.4421875 0.6421875 0.034375 0.05546875
0 0.46328125 0.63359375 0.0296875 0.06171875
0 0.49140625 0.64921875 0.02734375 0.0578125