0 0.2125 0.87578125 0.05234375 0.11640625
0 0.165625 0.9140625 0.05546875 0.09375
0 0.17578125 0.715625 0.05078125 0.07890625
0 0.0796875 0.909375 0.06015625 0.1125
0 0.22265625 0.7453125 0.04921875 0.0734375
0 0.1234375 0.77421875 0.0609375 0.09296875
0 0.25 0.878125 0.0546875 0.0875
0 0.30546875 0.75234375 0.0421875 0.08984375
0 0.69921875 0.95390625 0.0578125 0.078125
0 0.47109375 0.959375 0.0515625 0.08125
0 0.71171875 0.81484375 0.0546875 0.09921875
0 0.128125 0.89921875 0.0390625 0.10234375
0 0.4609375 0.7859375 0.0625 0.07265625
0 0.040625 0.921875 0.06875 0.09921875
0 0.60625 0.9671875 0.05625 0.065625
0 0.58984375 0.903125 0.04296875 0.090625
0 0.63828125 0.90078125 0.06328125 0.09453125
0 0.5015625 0.753125 0.06171875 0.09453125
0 0.025 0.8671875 0.04921875 0.0703125
0 0.94609375 0.95703125 0.059375 0.07109375
0 0.7421875 0.9703125 0.053125 0.059375
0 0.4015625 0.79375 0.05859375 0.078125
0 0.87421875 0.95390625 0.07421875 0.08984375
0 0.47890625 0.875 0.0875 0.10234375
0 0.3671875 0.93671875 0.04296875 0.103125
0 0.075 0.8015625 0.0484375 0.1015625
0 0.13984375 0.8484375 0.06796875 0.0796875
0 0.1796875 0.97578125 0.07109375 0.0453125
0 0.74921875 0.81953125 0.04375 0.084375
0 0.28125 0.77734375 0.0390625 0.09453125
0 0.68828125 0.74296875 0.05703125 0.10078125
0 0.8109375 0.9703125 0.06953125 0.05859375
0 0.4125 0.9 0.06328125 0.0671875
0 0.4046875 0.95859375 0.0390625 0.08125
0 0.95703125 0.896875 0.0453125 0.0828125
0 0.09765625 0.85078125 0.03828125 0.07578125
0 0.56875 0.971875 0.040625 0.05625
0 0.63984375 0.8296875 0.06953125 0.071875
0 0.334375 0.8375 0.03203125 0.0734375
0 0.63359375 0.73359375 0.07265625 0.10390625
0 0.60078125 0.8578125 0.05 0.075
0 0.0234375 0.7375 0.04609375 0.06328125
0 0.3421875 0.71875 0.03515625 0.1
0 0.978125 0.91484375 0.03828125 0.06796875
0 0.5359375 0.72578125 0.0328125 0.06640625
0 0.78125 0.97109375 0.04375 0.05390625
0 0.6 0.76640625 0.03125 0.08125
0 0.75546875 0.759375 0.034375 0.07109375
0 0.01875 0.9625 0.0375 0.075
0 0.07109375 0.68203125 0.0484375 0.09296875
0 0.12265625 0.68046875 0.05703125 0.05859375
0 0.8296875 0.87578125 0.0421875 0.09765625
0 0.89140625 0.871875 0.03515625 0.07734375
0 0.85390625 0.8171875 0.0390625 0.07890625
0 0.96015625 0.8515625 0.03515625 0.059375
0 0.7859375 0.8078125 0.02734375 0.08203125
0 0.80703125 0.76171875 0.02890625 0.10859375
0 0.2109375 0.67734375 0.034375 0.06953125
0 0.24296875 0.69375 0.01953125 0.0609375
0 0.27421875 0.6953125 0.02890625 0.0609375
0 0.31328125 0.66953125 0.034375 0.0859375
0 0.478125 0.67890625 0.040625 0.0703125
0 0.41171875 0.72265625 0.03671875 0.065625
0 0.446875 0.703125 0.03671875 0.07265625
0 0.9125 0.79765625 0.034375 0.07109375
0 0.94296875 0.79375 0.0171875 0.0625
0 0.97265625 0.79296875 0.03671875 0.06171875
0 0.84296875 0.77578125 0.03828125 0.07109375