0 0.48125 0.3265625 0.08671875 0.09296875
0 0.534375 0.52734375 0.1 0.09609375
0 0.375 0.48046875 0.0890625 0.090625
0 0.446875 0.49375 0.06015625 0.11640625
0 0.365625 0.3453125 0.07734375 0.1171875
0 0.3296875 0.86484375 0.06484375 0.1390625
0 0.2125 0.39765625 0.04921875 0.11171875
0 0.65078125 0.58046875 0.0765625 0.10546875
0 0.85859375 0.61875 0.0671875 0.12421875
0 0.034375 0.71796875 0.05703125 0.1375
0 0.08984375 0.55 0.06328125 0.11953125
0 0.16328125 0.4109375 0.04765625 0.11171875
0 0.659375 0.76484375 0.05703125 0.1109375
0 0.2609375 0.45390625 0.0515625 0.11953125
0 0.4609375 0.678125 0.075 0.09296875
0 0.23359375 0.5609375 0.0609375 0.10546875
0 0.3375 0.60078125 0.04921875 0.14921875
0 0.571875 0.715625 0.0921875 0.08671875
0 0.0921875 0.42265625 0.06328125 0.0984375
0 0.52421875 0.62109375 0.08203125 0.09765625
0 0.1734375 0.525 0.04765625 0.14765625
0 0.8296875 0.74296875 0.053125 0.13203125
0 0.88828125 0.74296875 0.0703125 0.1484375
0 0.375 0.55625 0.090625 0.1125