0 0.43046875 0.7765625 0.09765625 0.1109375
0 0.3171875 0.36953125 0.06953125 0.13046875
0 0.2546875 0.3859375 0.06328125 0.1171875
0 0.24375 0.296875 0.059375 0.096875
0 0.77265625 0.35703125 0.0625 0.1359375
0 0.96328125 0.57109375 0.071875 0.090625
0 0.8390625 0.23515625 0.04921875 0.1546875
0 0.3890625 0.2203125 0.05703125 0.1015625
0 0.31015625 0.28203125 0.0703125 0.07421875
0 0.45625 0.2359375 0.05625 0.15390625
0 0.72265625 0.32734375 0.059375 0.12578125
0 0.6609375 0.290625 0.04765625 0.15234375
0 0.1671875 0.2953125 0.09375 0.0953125
0 0.1265625 0.85 0.0609375 0.13359375
0 0.23984375 0.19921875 0.0515625 0.11875
0 0.0640625 0.859375 0.06328125 0.14609375
0 0.178125 0.875 0.06640625 0.10078125
0 0.125 0.9546875 0.1421875 0.08515625