0 0.48984375 0.43515625 0.0734375 0.1640625
0 0.2390625 0.528125 0.059375 0.17109375
0 0.128125 0.93203125 0.09453125 0.13515625
0 0.8953125 0.67734375 0.0578125 0.203125
0 0.49609375 0.7578125 0.1125 0.121875
0 0.709375 0.2484375 0.0734375 0.13984375
0 0.39765625 0.76875 0.06875 0.1859375
0 0.64609375 0.521875 0.05234375 0.178125
0 0.7515625 0.2390625 0.0546875 0.17265625
0 0.8046875 0.06875 0.0578125 0.134375
0 0.8859375 0.328125 0.09296875 0.1125
0 0.92734375 0.90859375 0.07109375 0.17734375
0 0.1390625 0.0953125 0.07265625 0.14609375
0 0.2765625 0.06171875 0.0734375 0.11328125
0 0.5859375 0.5546875 0.053125 0.16875
0 0.07265625 0.23828125 0.0828125 0.1703125
0 0.66171875 0.278125 0.0671875 0.15546875
0 0.63203125 0.1703125 0.0703125 0.096875
0 0.7484375 0.0609375 0.06171875 0.10703125