0 0.4390625 0.39921875 0.06796875 0.1109375
0 0.5796875 0.5953125 0.05703125 0.14375
0 0.428125 0.91171875 0.06875 0.09765625
0 0.5375 0.4328125 0.05625 0.09453125
0 0.146875 0.55625 0.0703125 0.12265625
0 0.353125 0.63203125 0.06328125 0.15
0 0.73359375 0.43046875 0.05625 0.13203125
0 0.59921875 0.30078125 0.05078125 0.12109375
0 0.61640625 0.92890625 0.053125 0.12265625
0 0.43125 0.55078125 0.06953125 0.109375
0 0.8046875 0.40078125 0.0515625 0.13203125
0 0.6390625 0.58046875 0.04375 0.10625
0 0.50625 0.64375 0.04921875 0.10703125
0 0.18984375 0.2 0.08828125 0.1046875
0 0.6453125 0.08359375 0.0625 0.13125
0 0.92421875 0.7296875 0.0578125 0.1109375
0 0.5140625 0.15625 0.05234375 0.1125
0 0.76640625 0.13359375 0.06484375 0.115625
0 0.696875 0.94765625 0.05078125 0.096875
0 0.1828125 0.734375 0.06875 0.115625
0 0.715625 0.2265625 0.09296875 0.13515625
0 0.303125 0.9078125 0.0578125 0.14140625
0 0.89140625 0.6546875 0.06328125 0.1
0 0.8828125 0.16640625 0.075 0.12265625
0 0.50703125 0.5453125 0.0703125 0.10703125
0 0.64765625 0.828125 0.06640625 0.1015625
0 0.95703125 0.03984375 0.0484375 0.0796875
0 0.22890625 0.91953125 0.065625 0.12421875
0 0.09296875 0.2578125 0.10078125 0.12265625
0 0.5734375 0.83125 0.07265625 0.10703125
0 0.77109375 0.3875 0.0421875 0.11640625
0 0.6859375 0.5265625 0.0640625 0.08515625
0 0.315625 0.7359375 0.07734375 0.09921875
0 0.9625 0.765625 0.0484375 0.1109375
0 0.6546875 0.378125 0.053125 0.11328125
0 0.85703125 0.8484375 0.05 0.1109375
0 0.3609375 0.87578125 0.05 0.090625
0 0.21484375 0.78203125 0.075 0.096875
0 0.75390625 0.828125 0.06875 0.115625
0 0.93203125 0.575 0.053125 0.1015625
0 0.96484375 0.140625 0.0515625 0.09453125
0 0.86328125 0.27421875 0.07578125 0.10234375
0 0.55625 0.7796875 0.07421875 0.10078125
0 0.77109375 0.9671875 0.0609375 0.065625
0 0.65390625 0.465625 0.059375 0.090625
0 0.9328125 0.28515625 0.05234375 0.11171875
0 0.8796875 0.4671875 0.04453125 0.08984375
0 0.83671875 0.440625 0.06171875 0.115625
0 0.8890625 0.03203125 0.040625 0.0625
0 0.8171875 0.734375 0.03984375 0.11328125
0 0.97734375 0.6359375 0.0453125 0.14375
0 0.48203125 0.95703125 0.05390625 0.08046875
0 0.98203125 0.30625 0.0359375 0.140625
0 0.98203125 0.79765625 0.0359375 0.1109375
0 0.559375 0.9703125 0.05546875 0.059375
0 0.1734375 0.89765625 0.071875 0.06953125
0 0.6734375 0.70078125 0.09375 0.0921875
0 0.115625 0.7046875 0.06015625 0.0984375
0 0.96953125 0.225 0.05078125 0.084375
0 0.03828125 0.91328125 0.07109375 0.1046875
0 0.1859375 0.9703125 0.0546875 0.05703125
0 0.3546875 0.9578125 0.078125 0.07734375
0 0.975 0.5046875 0.046875 0.09296875
0 0.0140625 0.58125 0.0265625 0.109375
0 0.07890625 0.78515625 0.08203125 0.13828125
0 0.91171875 0.32109375 0.0390625 0.1015625