0 0.66015625 0.41328125 0.1125 0.24609375
0 0.246875 0.384375 0.0734375 0.1625
0 0.38046875 0.5578125 0.08671875 0.1875
0 0.28984375 0.5953125 0.10859375 0.1375
0 0.64453125 0.625 0.07265625 0.16015625
0 0.80859375 0.6640625 0.09765625 0.14140625
0 0.87109375 0.8078125 0.09296875 0.14453125
0 0.47421875 0.68203125 0.07578125 0.128125
0 0.534375 0.8171875 0.0765625 0.17421875
0 0.1875 0.70859375 0.10703125 0.10703125
0 0.1828125 0.4671875 0.08046875 0.125
0 0.89140625 0.51328125 0.08359375 0.15546875
0 0.034375 0.49765625 0.06875 0.1140625
0 0.0734375 0.425 0.0703125 0.15
0 0.55625 0.5625 0.078125 0.1546875
0 0.846875 0.58125 0.0921875 0.1265625
0 0.50390625 0.4953125 0.07890625 0.1390625
0 0.83515625 0.9421875 0.10078125 0.1109375
0 0.4 0.79765625 0.06640625 0.17578125
0 0.103125 0.87734375 0.07421875 0.16796875
0 0.7046875 0.92109375 0.11953125 0.12109375
0 0.1484375 0.3265625 0.05390625 0.15390625
0 0.0640625 0.26796875 0.10078125 0.10234375
0 0.09453125 0.33984375 0.07890625 0.1203125
0 0.196875 0.3671875 0.046875 0.12421875
0 0.4421875 0.7625 0.0671875 0.121875