0 0.13828125 0.2 0.05390625 0.1140625
0 0.24375 0.07265625 0.053125 0.084375
0 0.4765625 0.278125 0.06796875 0.08359375
0 0.91015625 0.278125 0.03046875 0.0515625
0 0.6015625 0.31328125 0.05078125 0.10234375
0 0.65390625 0.37109375 0.0390625 0.07421875
0 0.53984375 0.375 0.08046875 0.08046875
0 0.684375 0.46484375 0.04140625 0.0765625
0 0.575 0.47421875 0.0609375 0.10546875
0 0.35859375 0.40546875 0.0625 0.08125
0 0.884375 0.60625 0.05078125 0.08671875
0 0.65625 0.5453125 0.0484375 0.07890625
0 0.0375 0.62890625 0.06171875 0.1078125
0 0.45234375 0.8203125 0.078125 0.11796875
0 0.15546875 0.84921875 0.0703125 0.1265625
0 0.3890625 0.671875 0.0640625 0.115625
0 0.5734375 0.79453125 0.05 0.103125
0 0.86640625 0.92890625 0.05546875 0.08359375
0 0.5203125 0.86640625 0.04765625 0.1
0 0.10078125 0.58515625 0.0828125 0.0953125
0 0.4984375 0.79375 0.05390625 0.1078125
0 0.6 0.74921875 0.04453125 0.1046875
0 0.65390625 0.80546875 0.046875 0.0859375
0 0.19140625 0.81484375 0.059375 0.10234375
0 0.59765625 0.87734375 0.04140625 0.1
0 0.3421875 0.92734375 0.059375 0.090625
0 0.87109375 0.6703125 0.03671875 0.07890625
0 0.68046875 0.8 0.03515625 0.09140625
0 0.82265625 0.5890625 0.0515625 0.11640625
0 0.29609375 0.6359375 0.0515625 0.0828125
0 0.91953125 0.88203125 0.02890625 0.07265625
0 0.23203125 0.603125 0.046875 0.09765625