0 0.61953125 0.6203125 0.12890625 0.13203125
0 0.33125 0.73515625 0.125 0.12109375
0 0.79921875 0.8875 0.1 0.0984375
0 0.7796875 0.7421875 0.1015625 0.15703125
0 0.2125 0.7453125 0.1109375 0.134375
0 0.52421875 0.86875 0.11015625 0.11484375
0 0.21640625 0.8546875 0.1234375 0.12734375
0 0.9390625 0.70859375 0.07265625 0.18984375
0 0.1296875 0.65390625 0.07890625 0.18828125
0 0.465625 0.93515625 0.103125 0.0984375
0 0.6671875 0.88984375 0.11953125 0.16171875
0 0.921875 0.15390625 0.10234375 0.103125
0 0.9171875 0.0515625 0.11171875 0.1015625
0 0.21171875 0.60234375 0.0671875 0.18125
0 0.14453125 0.51484375 0.0671875 0.15859375
0 0.240625 0.28046875 0.10234375 0.10703125
0 0.7859375 0.509375 0.0625 0.1421875
0 0.07890625 0.4890625 0.05078125 0.18125
0 0.69609375 0.16171875 0.06796875 0.19453125
0 0.1453125 0.28515625 0.08125 0.1046875
0 0.56328125 0.31953125 0.05390625 0.08984375
0 0.553125 0.0671875 0.06015625 0.134375
0 0.846875 0.040625 0.07890625 0.078125
0 0.0328125 0.1265625 0.06484375 0.14765625
0 0.63125 0.90390625 0.0984375 0.1921875
0 0.1984375 0.153125 0.08359375 0.1453125
0 0.09921875 0.1265625 0.084375 0.2