0 0.075 0.059375 0.08359375 0.11484375
0 0.21171875 0.6734375 0.0578125 0.1421875
0 0.02109375 0.559375 0.0421875 0.17578125
0 0.51875 0.59296875 0.0546875 0.140625
0 0.21875 0.24453125 0.0796875 0.11640625
0 0.13046875 0.621875 0.0828125 0.115625
0 0.346875 0.503125 0.0734375 0.121875
0 0.49375 0.459375 0.0609375 0.125
0 0.4375 0.2828125 0.0828125 0.11875
0 0.20703125 0.85625 0.06015625 0.1328125
0 0.6578125 0.31171875 0.04921875 0.1515625
0 0.984375 0.7015625 0.03125 0.121875
0 0.4734375 0.20078125 0.06796875 0.128125
0 0.35859375 0.21484375 0.078125 0.11640625
0 0.4296875 0.4828125 0.07734375 0.1046875
0 0.61640625 0.06640625 0.05546875 0.12265625
0 0.64609375 0.1046875 0.0484375 0.12265625
0 0.909375 0.7953125 0.05390625 0.10078125
0 0.93125 0.11328125 0.046875 0.11328125
0 0.26875 0.9125 0.075 0.134375
0 0.78125 0.38671875 0.06015625 0.13359375
0 0.9796875 0.56953125 0.040625 0.134375
0 0.596875 0.31875 0.06640625 0.12734375
0 0.52265625 0.7953125 0.046875 0.140625
0 0.13984375 0.86640625 0.06953125 0.12578125
0 0.725 0.9015625 0.0765625 0.09609375
0 0.65546875 0.93984375 0.06171875 0.10078125
0 0.8796875 0.57109375 0.05 0.0953125
0 0.62578125 0.725 0.06328125 0.1
0 0.87890625 0.71484375 0.07421875 0.140625
0 0.61484375 0.94375 0.053125 0.10859375
0 0.31953125 0.70390625 0.0859375 0.1171875
0 0.4609375 0.959375 0.059375 0.07421875
0 0.87578125 0.38359375 0.0578125 0.11015625
0 0.696875 0.8140625 0.05078125 0.1140625
0 0.75390625 0.2046875 0.05234375 0.1390625
0 0.77109375 0.80625 0.0578125 0.1078125
0 0.53515625 0.1328125 0.07421875 0.10859375
0 0.68203125 0.70078125 0.0578125 0.090625
0 0.76875 0.26484375 0.05546875 0.10859375
0 0.81015625 0.196875 0.04765625 0.0875
0 0.86328125 0.2125 0.06015625 0.1015625
0 0.84453125 0.11796875 0.0640625 0.1046875
0 0.96171875 0.3515625 0.06640625 0.1015625
0 0.02734375 0.915625 0.0453125 0.090625
0 0.61875 0.2359375 0.07578125 0.11328125
0 0.35390625 0.8328125 0.05 0.08515625
0 0.7015625 0.21875 0.06171875 0.11484375
0 0.72734375 0.13125 0.0765625 0.09140625
0 0.6140625 0.15859375 0.0796875 0.08515625
0 0.9953125 0.13359375 0.009375 0.1296875
0 0.3921875 0.68125 0.07734375 0.0953125
0 0.9953125 0.2515625 0.009375 0.084375
0 0.8390625 0.4984375 0.075 0.11640625
0 0.3890625 0.91015625 0.07109375 0.09453125
0 0.734375 0.53125 0.0890625 0.1375
0 0.4625 0.84140625 0.04765625 0.1359375
0 0.97421875 0.52265625 0.0421875 0.08828125