0 0.13359375 0.15546875 0.1109375 0.1421875
0 0.42109375 0.078125 0.06875 0.13828125
0 0.65234375 0.07265625 0.0828125 0.13046875
0 0.7046875 0.15703125 0.0515625 0.14765625
0 0.825 0.36484375 0.15625 0.16328125
0 0.6890625 0.41953125 0.13359375 0.17421875
0 0.884375 0.56328125 0.08671875 0.18515625
0 0.43046875 0.50234375 0.11171875 0.16015625
0 0.3609375 0.6 0.08046875 0.165625
0 0.33203125 0.778125 0.1046875 0.115625
0 0.45234375 0.86328125 0.11796875 0.11953125
0 0.48203125 0.61328125 0.07265625 0.10546875
0 0.553125 0.6890625 0.0921875 0.14453125
0 0.61328125 0.6328125 0.08515625 0.15
0 0.66640625 0.834375 0.075 0.1953125
0 0.7171875 0.89609375 0.05390625 0.14375
0 0.76796875 0.96484375 0.0609375 0.0703125