0 0.54765625 0.47734375 0.07265625 0.11015625
0 0.67734375 0.44140625 0.0703125 0.1109375
0 0.80625 0.68046875 0.053125 0.1265625
0 0.72265625 0.37265625 0.0625 0.06640625
0 0.28046875 0.69375 0.07578125 0.08984375
0 0.0328125 0.7921875 0.06015625 0.10703125
0 0.29609375 0.8921875 0.05546875 0.15
0 0.85 0.7359375 0.05390625 0.12265625
0 0.16796875 0.046875 0.04921875 0.0921875
0 0.178125 0.728125 0.05703125 0.2109375
0 0.28359375 0.1421875 0.07265625 0.0875
0 0.10859375 0.034375 0.04453125 0.0671875
0 0.12734375 0.1109375 0.04765625 0.096875
0 0.39140625 0.96875 0.05390625 0.06015625
0 0.04765625 0.04453125 0.06328125 0.0796875
0 0.9734375 0.78984375 0.04453125 0.0625
0 0.9828125 0.92421875 0.03359375 0.08984375
0 0.92265625 0.975 0.06484375 0.046875
0 0.821875 0.90390625 0.06484375 0.10859375
0 0.49296875 0.85703125 0.0734375 0.1171875
0 0.45234375 0.896875 0.0484375 0.12265625
0 0.534375 0.94765625 0.071875 0.1046875
0 0.48828125 0.9234375 0.0671875 0.10703125