0 0.25859375 0.72734375 0.0453125 0.0796875
0 0.315625 0.86484375 0.0453125 0.11171875
0 0.146875 0.83515625 0.06484375 0.07421875
0 0.9046875 0.7171875 0.04921875 0.09609375
0 0.5265625 0.7859375 0.05078125 0.08984375
0 0.45546875 0.8 0.0625 0.0921875
0 0.38984375 0.8296875 0.071875 0.09765625
0 0.51328125 0.86484375 0.0625 0.09921875
0 0.83671875 0.93515625 0.05078125 0.09140625
0 0.8984375 0.94296875 0.0390625 0.09140625
0 0.77421875 0.3890625 0.05625 0.071875
0 0.74609375 0.3046875 0.05234375 0.078125
0 0.1796875 0.93828125 0.05703125 0.0953125
0 0.11875 0.9546875 0.0609375 0.08359375
0 0.95703125 0.42109375 0.046875 0.084375
0 0.82109375 0.35625 0.04296875 0.0796875