0 0.64375 0.50078125 0.07890625 0.16015625
0 0.49375 0.38125 0.0625 0.15625
0 0.30234375 0.84921875 0.0578125 0.1609375
0 0.37578125 0.878125 0.08359375 0.1234375
0 0.88125 0.9359375 0.0640625 0.11875
0 0.22734375 0.5953125 0.05234375 0.1390625
0 0.10859375 0.80625 0.0859375 0.10546875
0 0.92890625 0.84453125 0.07578125 0.14296875
0 0.79921875 0.3140625 0.09375 0.16875
0 0.79375 0.47421875 0.07734375 0.1953125
0 0.88984375 0.4953125 0.1125 0.2109375
0 0.871875 0.21796875 0.0875 0.184375
0 0.53515625 0.95859375 0.078125 0.0765625
0 0.1078125 0.72109375 0.0890625 0.09140625
0 0.353125 0.1109375 0.1046875 0.11171875
0 0.15859375 0.3890625 0.06171875 0.1640625
0 0.359375 0.4703125 0.07265625 0.13046875
0 0.39765625 0.5125 0.05859375 0.1265625
0 0.0828125 0.0296875 0.04296875 0.059375
0 0.2078125 0.0359375 0.0765625 0.07109375
0 0.9765625 0.10234375 0.04609375 0.09453125
0 0.6 0.02890625 0.10859375 0.05625
0 0.29375 0.03671875 0.084375 0.06953125
0 0.79609375 0.01796875 0.0515625 0.0359375