0 0.5125 0.1015625 0.084375 0.08984375
0 0.1453125 0.16171875 0.0875 0.0953125
0 0.17421875 0.0390625 0.07578125 0.07265625
0 0.75078125 0.25703125 0.0625 0.0875
0 0.10625 0.83515625 0.0890625 0.1
0 0.24375 0.95 0.1 0.0984375
0 0.5546875 0.7390625 0.07109375 0.125
0 0.47890625 0.884375 0.065625 0.12109375
0 0.0609375 0.91875 0.1203125 0.115625
0 0.053125 0.4359375 0.0828125 0.12578125
0 0.82109375 0.97109375 0.0796875 0.0546875
0 0.42421875 0.6203125 0.06328125 0.1328125
0 0.2640625 0.4328125 0.084375 0.11953125
0 0.715625 0.496875 0.06953125 0.0859375
0 0.9640625 0.715625 0.06328125 0.11796875
0 0.796875 0.7421875 0.06953125 0.08828125
0 0.34921875 0.20390625 0.05625 0.09765625
0 0.03515625 0.55625 0.0609375 0.1296875
0 0.36640625 0.56328125 0.05546875 0.1421875
0 0.58046875 0.3765625 0.06171875 0.0921875
0 0.58515625 0.58828125 0.06171875 0.08984375
0 0.91875 0.49375 0.04765625 0.0671875
0 0.10546875 0.61015625 0.06796875 0.153125
0 0.55703125 0.43984375 0.0578125 0.0859375
0 0.96875 0.4609375 0.0625 0.0890625
0 0.834375 0.65 0.0515625 0.12578125
0 0.5890625 0.4953125 0.05078125 0.09921875
0 0.19609375 0.36015625 0.05859375 0.12421875
0 0.14375 0.31171875 0.06640625 0.1390625
0 0.1046875 0.34765625 0.07421875 0.11328125
0 0.77421875 0.53984375 0.0734375 0.1140625
0 0.8484375 0.5515625 0.0625 0.096875
0 0.72578125 0.19609375 0.0640625 0.09296875
0 0.328125 0.4359375 0.0625 0.12734375
0 0.40390625 0.4859375 0.07421875 0.096875
0 0.3109375 0.3203125 0.05703125 0.12421875
0 0.884375 0.340625 0.08125 0.096875
0 0.70703125 0.4109375 0.06328125 0.11484375
0 0.5359375 0.5140625 0.05703125 0.13671875