0 0.721875 0.30859375 0.0890625 0.096875
0 0.60859375 0.43671875 0.0640625 0.12109375
0 0.171875 0.87265625 0.0421875 0.09609375
0 0.0375 0.84296875 0.075 0.0578125
0 0.08984375 0.9796875 0.09140625 0.040625
0 0.2234375 0.88828125 0.053125 0.1109375
0 0.26484375 0.85859375 0.0875 0.10859375
0 0.34140625 0.8140625 0.078125 0.08203125
0 0.24375 0.6671875 0.090625 0.08515625
0 0.478125 0.7984375 0.08671875 0.09375
0 0.45703125 0.94765625 0.06484375 0.10390625
0 0.76953125 0.83671875 0.059375 0.15703125
0 0.85859375 0.809375 0.04765625 0.13671875
0 0.92578125 0.76484375 0.11484375 0.11875
0 0.9296875 0.5625 0.0859375 0.10625
0 0.80703125 0.50078125 0.1046875 0.1046875
0 0.5171875 0.51953125 0.07421875 0.1296875
0 0.26328125 0.5625 0.07890625 0.08828125
0 0.3328125 0.35703125 0.0703125 0.09765625
0 0.221875 0.24375 0.07890625 0.0984375
0 0.15078125 0.36640625 0.04921875 0.11640625
0 0.24453125 0.40703125 0.0875 0.09765625
0 0.2234375 0.47421875 0.04921875 0.071875
0 0.96328125 0.071875 0.07265625 0.14296875
0 0.48046875 0.0171875 0.0921875 0.034375
0 0.7359375 0.7625 0.0671875 0.0984375