0 0.1171875 0.3375 0.06875 0.11875
0 0.09453125 0.18671875 0.05703125 0.09296875
0 0.1734375 0.1609375 0.0578125 0.1453125
0 0.54609375 0.27421875 0.06640625 0.14453125
0 0.50859375 0.6234375 0.06640625 0.15625
0 0.63671875 0.321875 0.0390625 0.17890625
0 0.37890625 0.52265625 0.08359375 0.1875
0 0.6953125 0.07265625 0.05625 0.1453125
0 0.43359375 0.65390625 0.0703125 0.1265625
0 0.29375 0.659375 0.0703125 0.12109375
0 0.6265625 0.64296875 0.0734375 0.11484375
0 0.77421875 0.25234375 0.06484375 0.1109375
0 0.4953125 0.39375 0.05703125 0.08359375
0 0.63984375 0.790625 0.06875 0.1140625
0 0.74921875 0.3453125 0.0703125 0.0875
0 0.58125 0.8484375 0.07109375 0.15234375
0 0.1875 0.73125 0.07578125 0.07265625
0 0.03203125 0.73515625 0.04765625 0.08359375