0 0.89453125 0.85859375 0.040625 0.05625
0 0.9453125 0.85546875 0.0359375 0.0796875
0 0.98046875 0.8546875 0.03515625 0.07578125
0 0.8984375 0.921875 0.04921875 0.06484375
0 0.871875 0.96484375 0.059375 0.0671875
0 0.9609375 0.91484375 0.06796875 0.05390625
0 0.95078125 0.97109375 0.03359375 0.05703125
0 0.9796875 0.9734375 0.03828125 0.05234375
0 0.9515625 0.78046875 0.0453125 0.0625
0 0.76875 0.87109375 0.04140625 0.08359375
0 0.74765625 0.80625 0.04453125 0.05390625
0 0.79375 0.8078125 0.03515625 0.08828125
0 0.85 0.78828125 0.0296875 0.0625
0 0.8921875 0.7671875 0.053125 0.078125
0 0.865625 0.82109375 0.0546875 0.0828125
0 0.73046875 0.87578125 0.034375 0.0671875
0 0.65546875 0.90390625 0.0546875 0.08046875
0 0.65 0.8234375 0.03125 0.06953125
0 0.5953125 0.834375 0.04296875 0.04921875
0 0.61640625 0.85703125 0.0484375 0.06484375
0 0.62265625 0.91484375 0.03515625 0.071875
0 0.58359375 0.98515625 0.0484375 0.0296875
0 0.59453125 0.9359375 0.03359375 0.06484375
0 0.56796875 0.93984375 0.02734375 0.05703125
0 0.34296875 0.97265625 0.0453125 0.05390625
0 0.23984375 0.93984375 0.05 0.0625
0 0.28125 0.92890625 0.040625 0.07265625
0 0.3109375 0.9328125 0.02890625 0.0671875
0 0.34140625 0.90625 0.0421875 0.08046875
0 0.3703125 0.8859375 0.03671875 0.05078125
0 0.40546875 0.95859375 0.0328125 0.06953125
0 0.3875 0.9390625 0.03125 0.07265625
0 0.40625 0.89453125 0.02890625 0.04921875
0 0.4890625 0.92265625 0.04921875 0.0578125
0 0.4625 0.84609375 0.01953125 0.05546875
0 0.4921875 0.85 0.0359375 0.0546875
0 0.4625 0.88984375 0.04765625 0.04375
0 0.52421875 0.8296875 0.02890625 0.04921875
0 0.5578125 0.8359375 0.03671875 0.05234375