0 0.42265625 0.61328125 0.06328125 0.1421875
0 0.68359375 0.59609375 0.06640625 0.14765625
0 0.36875 0.81953125 0.07109375 0.125
0 0.79765625 0.6859375 0.0890625 0.12109375
0 0.7609375 0.86875 0.075 0.1453125
0 0.17578125 0.8578125 0.05078125 0.13671875
0 0.059375 0.596875 0.05625 0.109375
0 0.0578125 0.47734375 0.053125 0.1046875
0 0.52109375 0.6546875 0.0546875 0.13046875
0 0.69609375 0.88828125 0.0671875 0.1265625
0 0.046875 0.70546875 0.0625 0.1046875
0 0.965625 0.22109375 0.06796875 0.1265625
0 0.2828125 0.12890625 0.0625 0.10390625
0 0.475 0.12734375 0.0578125 0.14296875
0 0.8375 0.221875 0.078125 0.09765625
0 0.615625 0.05390625 0.0734375 0.10703125
0 0.25 0.33125 0.05 0.10546875
0 0.64609375 0.20546875 0.0859375 0.1140625
0 0.5390625 0.5921875 0.0625 0.0890625
0 0.05859375 0.9359375 0.046875 0.1203125
0 0.6515625 0.3703125 0.06875 0.08515625
0 0.9671875 0.07890625 0.065625 0.13671875
0 0.6 0.2890625 0.05546875 0.13203125
0 0.803125 0.09453125 0.0875 0.1625
0 0.290625 0.315625 0.0578125 0.07890625
0 0.534375 0.05234375 0.075 0.10234375
0 0.421875 0.059375 0.05859375 0.11484375
0 0.8015625 0.496875 0.08359375 0.12421875
0 0.1828125 0.1453125 0.0609375 0.11171875
0 0.128125 0.05390625 0.05 0.1078125
0 0.2 0.0609375 0.05859375 0.121875
0 0.11171875 0.2390625 0.0484375 0.15546875
0 0.36875 0.39609375 0.05546875 0.115625
0 0.87578125 0.32578125 0.059375 0.15625
0 0.503125 0.5328125 0.078125 0.12265625
0 0.5515625 0.23359375 0.046875 0.14765625
0 0.49921875 0.2625 0.0890625 0.11875
0 0.221875 0.21953125 0.05 0.17734375
0 0.1734375 0.23203125 0.0625 0.1515625
0 0.07890625 0.11484375 0.0671875 0.08046875