0 0.66328125 0.6328125 0.084375 0.090625
0 0.5328125 0.240625 0.06640625 0.084375
0 0.7640625 0.459375 0.08203125 0.13515625
0 0.259375 0.38203125 0.05234375 0.09921875
0 0.11171875 0.315625 0.08671875 0.0859375
0 0.37109375 0.4984375 0.06328125 0.15859375
0 0.6796875 0.41875 0.0515625 0.08984375
0 0.38125 0.22890625 0.0640625 0.1140625
0 0.28984375 0.11484375 0.04453125 0.14765625
0 0.5265625 0.0640625 0.05390625 0.1203125
0 0.36015625 0.11328125 0.07109375 0.1734375
0 0.03671875 0.390625 0.0453125 0.08515625
0 0.953125 0.40234375 0.09375 0.128125
0 0.9453125 0.49609375 0.096875 0.165625
0 0.50859375 0.28515625 0.04765625 0.05546875
0 0.0171875 0.30078125 0.03359375 0.09453125
0 0.06015625 0.225 0.046875 0.0921875
0 0.4703125 0.36796875 0.10234375 0.0609375
0 0.490625 0.42265625 0.05625 0.1359375
0 0.15859375 0.359375 0.0546875 0.09921875