0 0.76796875 0.8796875 0.08359375 0.10390625
0 0.7125 0.8140625 0.078125 0.07734375
0 0.48828125 0.90546875 0.07734375 0.10078125
0 0.40859375 0.97578125 0.0703125 0.0484375
0 0.46875 0.8328125 0.07890625 0.07578125
0 0.4375 0.76640625 0.059375 0.0828125
0 0.90078125 0.946875 0.0453125 0.096875
0 0.95625 0.87265625 0.07421875 0.08046875
0 0.9421875 0.7859375 0.06796875 0.084375
0 0.859375 0.771875 0.0625 0.07265625
0 0.79375 0.76484375 0.06171875 0.10078125
0 0.6515625 0.72109375 0.08359375 0.08515625
0 0.35546875 0.74921875 0.08515625 0.11796875
0 0.40234375 0.64609375 0.0515625 0.13671875
0 0.52734375 0.70859375 0.0609375 0.0796875
0 0.60859375 0.63046875 0.0296875 0.11796875
0 0.6625 0.65 0.05703125 0.07109375
0 0.7109375 0.6984375 0.06953125 0.05859375
0 0.7421875 0.66015625 0.07265625 0.05859375
0 0.79140625 0.6609375 0.0421875 0.096875
0 0.84296875 0.66640625 0.0640625 0.11484375
0 0.93671875 0.68515625 0.0859375 0.0921875
0 0.51640625 0.65 0.0609375 0.071875
0 0.4578125 0.7109375 0.059375 0.07734375