0 0.68984375 0.3125 0.06171875 0.13984375
0 0.684375 0.20703125 0.0890625 0.09453125
0 0.30234375 0.303125 0.09765625 0.09921875
0 0.4640625 0.56484375 0.0828125 0.0984375
0 0.51640625 0.3859375 0.08515625 0.11171875
0 0.5890625 0.5390625 0.0828125 0.0921875
0 0.09921875 0.15546875 0.06796875 0.09921875
0 0.103125 0.5671875 0.0703125 0.084375
0 0.678125 0.6046875 0.0625 0.125
0 0.09296875 0.66640625 0.053125 0.078125
0 0.20234375 0.37578125 0.0609375 0.1140625
0 0.1359375 0.27265625 0.07109375 0.12109375
0 0.7390625 0.6578125 0.0625 0.13203125
0 0.590625 0.63828125 0.07734375 0.11328125
0 0.39375 0.38203125 0.05390625 0.1671875
0 0.0375 0.696875 0.05703125 0.0953125
0 0.11953125 0.8625 0.0515625 0.140625
0 0.8359375 0.8078125 0.06796875 0.1578125
0 0.940625 0.071875 0.06328125 0.1359375
0 0.3625 0.43125 0.05546875 0.17109375
0 0.11171875 0.4265625 0.0453125 0.13828125
0 0.75859375 0.06171875 0.05625 0.11953125
0 0.05078125 0.35625 0.06015625 0.0953125
0 0.209375 0.7671875 0.053125 0.08828125
0 0.3609375 0.61640625 0.05703125 0.1609375
0 0.07421875 0.3140625 0.06171875 0.109375
0 0.02265625 0.88984375 0.04453125 0.16640625
0 0.25625 0.55 0.053125 0.16328125
0 0.40078125 0.68046875 0.0828125 0.103125
0 0.65 0.7140625 0.05390625 0.1484375
0 0.29140625 0.86328125 0.05078125 0.09453125
0 0.3140625 0.63515625 0.05078125 0.08046875
0 0.540625 0.9625 0.07734375 0.0703125
0 0.153125 0.440625 0.05390625 0.1140625
0 0.73515625 0.79375 0.08359375 0.06953125