0 0.3484375 0.59609375 0.0640625 0.13046875
0 0.37578125 0.77109375 0.05625 0.11328125
0 0.8265625 0.696875 0.08125 0.10390625
0 0.98203125 0.5875 0.0359375 0.1265625
0 0.0890625 0.06171875 0.04296875 0.103125
0 0.46171875 0.84609375 0.0875 0.084375
0 0.321875 0.92109375 0.0671875 0.1078125
0 0.6265625 0.05546875 0.05390625 0.1109375
0 0.5734375 0.7546875 0.05703125 0.12734375
0 0.32265625 0.08359375 0.065625 0.08828125
0 0.03125 0.93828125 0.0609375 0.10859375
0 0.728125 0.778125 0.10859375 0.0984375
0 0.5421875 0.1125 0.059375 0.0859375
0 0.25625 0.890625 0.05625 0.1234375
0 0.92421875 0.90625 0.053125 0.1296875
0 0.3671875 0.13203125 0.07421875 0.10703125
0 0.184375 0.909375 0.05234375 0.13515625
0 0.94375 0.04453125 0.053125 0.0890625
0 0.70234375 0.946875 0.07734375 0.0859375
0 0.01796875 0.1578125 0.0359375 0.10390625
0 0.840625 0.09453125 0.0921875 0.13828125
0 0.61875 0.8875 0.05234375 0.128125
0 0.4953125 0.1734375 0.05 0.075
0 0.52890625 0.778125 0.04765625 0.11640625
0 0.20234375 0.96015625 0.0609375 0.0765625
0 0.75390625 0.896875 0.0609375 0.12265625
0 0.75078125 0.10859375 0.0578125 0.11953125
0 0.80390625 0.846875 0.0671875 0.09375
0 0.5328125 0.01875 0.07109375 0.03671875
0 0.5734375 0.93125 0.0453125 0.1125
0 0.28515625 0.09140625 0.03671875 0.084375
0 0.25078125 0.159375 0.0828125 0.0765625
0 0.84921875 0.0625 0.07109375 0.07578125
0 0.52890625 0.9515625 0.05703125 0.09375
0 0.41953125 0.01953125 0.0421875 0.0390625
0 0.7890625 0.97421875 0.05625 0.046875
0 0.46015625 0.971875 0.06796875 0.0546875
0 0.353125 0.175 0.05078125 0.09921875
0 0.40234375 0.97265625 0.04453125 0.0546875