0 0.4859375 0.08984375 0.09453125 0.08515625
0 0.6015625 0.55390625 0.0796875 0.1390625
0 0.32109375 0.58203125 0.05390625 0.0984375
0 0.6734375 0.42734375 0.05390625 0.11875
0 0.165625 0.646875 0.0734375 0.10546875
0 0.58984375 0.784375 0.07890625 0.11640625
0 0.5546875 0.70234375 0.06015625 0.15390625
0 0.38828125 0.5609375 0.065625 0.1234375
0 0.471875 0.6703125 0.065625 0.13515625
0 0.4734375 0.19765625 0.06640625 0.10234375
0 0.1515625 0.19609375 0.0828125 0.09453125
0 0.115625 0.5109375 0.06328125 0.09609375
0 0.028125 0.6390625 0.0515625 0.1265625
0 0.55 0.46484375 0.0796875 0.09296875
0 0.4546875 0.91171875 0.09140625 0.090625
0 0.47578125 0.53671875 0.05625 0.1203125
0 0.778125 0.7859375 0.0796875 0.140625
0 0.82578125 0.56875 0.07578125 0.10625
0 0.26328125 0.23671875 0.05546875 0.10703125
0 0.43828125 0.8078125 0.0828125 0.09765625
0 0.43203125 0.56875 0.05 0.1265625
0 0.365625 0.1890625 0.059375 0.1265625
0 0.06953125 0.59609375 0.05546875 0.09296875
0 0.7453125 0.49453125 0.05390625 0.14140625
0 0.884375 0.4796875 0.0578125 0.11796875
0 0.95625 0.50859375 0.0640625 0.12734375
0 0.9 0.56015625 0.0625 0.12578125
0 0.13828125 0.390625 0.08359375 0.08828125
0 0.95859375 0.146875 0.06796875 0.1
0 0.58125 0.30859375 0.09296875 0.071875
0 0.83203125 0.471875 0.065625 0.0984375
0 0.0625 0.5046875 0.0546875 0.10859375
0 0.8125 0.40390625 0.06640625 0.096875
0 0.40234375 0.44609375 0.0640625 0.121875
0 0.915625 0.0765625 0.08828125 0.11015625