0 0.465625 0.52890625 0.04296875 0.16640625
0 0.65859375 0.6390625 0.059375 0.1578125
0 0.23671875 0.75 0.06484375 0.1796875
0 0.29453125 0.47109375 0.05078125 0.1796875
0 0.353125 0.50078125 0.04921875 0.18046875
0 0.4765625 0.3671875 0.0515625 0.17265625
0 0.28203125 0.7703125 0.05390625 0.15546875
0 0.965625 0.65 0.05625 0.12109375
0 0.48203125 0.73515625 0.08046875 0.1109375
0 0.5828125 0.23671875 0.0484375 0.15703125
0 0.72890625 0.35078125 0.07578125 0.1390625
0 0.14140625 0.28046875 0.0640625 0.15078125
0 0.775 0.3640625 0.06328125 0.096875
0 0.209375 0.27578125 0.06015625 0.1828125
0 0.10703125 0.7796875 0.059375 0.146875
0 0.596875 0.67265625 0.05078125 0.109375
0 0.9296875 0.178125 0.05625 0.1390625
0 0.16328125 0.39453125 0.0546875 0.13984375
0 0.0421875 0.60078125 0.05234375 0.184375
0 0.0640625 0.19140625 0.046875 0.10859375
0 0.675 0.16953125 0.0515625 0.1140625
0 0.84296875 0.49453125 0.07734375 0.09140625
0 0.34140625 0.8859375 0.053125 0.1328125
0 0.03671875 0.7953125 0.05859375 0.15625
0 0.39921875 0.27265625 0.0625 0.171875
0 0.45625 0.2171875 0.05625 0.1734375
0 0.41171875 0.51640625 0.07578125 0.159375
0 0.8765625 0.365625 0.071875 0.1109375
0 0.16640625 0.66484375 0.04921875 0.15859375
0 0.253125 0.91875 0.05390625 0.140625
0 0.11875 0.11171875 0.05625 0.15234375
0 0.1921875 0.1171875 0.0578125 0.16640625
0 0.015625 0.6765625 0.0296875 0.14296875
0 0.91484375 0.43125 0.0859375 0.1390625
0 0.11015625 0.24453125 0.059375 0.178125
0 0.0328125 0.25 0.06171875 0.18359375
0 0.33359375 0.76328125 0.04765625 0.1171875
0 0.91953125 0.5921875 0.04921875 0.12890625
0 0.14375 0.94609375 0.04765625 0.10234375
0 0.21171875 0.440625 0.06171875 0.1265625
0 0.07421875 0.853125 0.05703125 0.11015625
0 0.65703125 0.28515625 0.07421875 0.08203125
0 0.7421875 0.9296875 0.0984375 0.1328125
0 0.39609375 0.1140625 0.04453125 0.14609375
0 0.54375 0.7984375 0.07421875 0.1265625
0 0.153125 0.77578125 0.046875 0.1453125
0 0.33984375 0.18671875 0.05859375 0.14453125
0 0.46328125 0.6765625 0.0734375 0.146875
0 0.5515625 0.925 0.04921875 0.13125
0 0.8359375 0.88046875 0.071875 0.08515625
0 0.79375 0.76484375 0.078125 0.0953125
0 0.734375 0.6765625 0.05546875 0.1265625
0 0.8265625 0.084375 0.0625 0.12421875
0 0.65 0.09921875 0.05234375 0.1203125
0 0.94140625 0.88125 0.05234375 0.128125
0 0.89609375 0.9421875 0.05234375 0.096875
0 0.88671875 0.5828125 0.04609375 0.11484375
0 0.76328125 0.57734375 0.0578125 0.10546875
0 0.62578125 0.4265625 0.0578125 0.11015625
0 0.66328125 0.40390625 0.0484375 0.13046875
0 0.69453125 0.4421875 0.0546875 0.13515625
0 0.734375 0.45625 0.06640625 0.06484375
0 0.73125 0.53203125 0.06875 0.11953125
0 0.50078125 0.21640625 0.08515625 0.08671875
0 0.5578125 0.61640625 0.053125 0.14296875