0 0.296875 0.765625 0.0703125 0.140625
0 0.42109375 0.6234375 0.0953125 0.1
0 0.540625 0.7734375 0.06875 0.13046875
0 0.51015625 0.6609375 0.06796875 0.1078125
0 0.56796875 0.61796875 0.06015625 0.1625
0 0.740625 0.6578125 0.0875 0.11171875
0 0.73984375 0.78671875 0.06796875 0.16171875
0 0.8078125 0.603125 0.071875 0.1265625
0 0.87890625 0.5265625 0.09140625 0.08203125
0 0.8765625 0.61953125 0.0765625 0.11171875
0 0.9390625 0.69375 0.06640625 0.14296875
0 0.64375 0.07578125 0.0640625 0.1171875
0 0.5609375 0.0546875 0.0859375 0.078125
0 0.4140625 0.88828125 0.09609375 0.08046875