0 0.26953125 0.5796875 0.09609375 0.1390625
0 0.159375 0.58984375 0.0953125 0.11953125
0 0.54921875 0.5703125 0.07265625 0.22421875
0 0.15546875 0.715625 0.0859375 0.14140625
0 0.30625 0.765625 0.0640625 0.1640625
0 0.7671875 0.8578125 0.0953125 0.12890625
0 0.13671875 0.4578125 0.08203125 0.121875
0 0.4953125 0.928125 0.09921875 0.10859375
0 0.2796875 0.39453125 0.078125 0.125
0 0.05546875 0.571875 0.05390625 0.103125
0 0.3078125 0.93359375 0.07890625 0.13125
0 0.19140625 0.35859375 0.06015625 0.15390625
0 0.63359375 0.55625 0.0765625 0.18046875
0 0.1 0.3796875 0.0625 0.153125
0 0.91328125 0.76875 0.08203125 0.14765625
0 0.2390625 0.27734375 0.05703125 0.16015625
0 0.35546875 0.078125 0.06328125 0.153125
0 0.07890625 0.26171875 0.078125 0.15546875
0 0.7421875 0.59609375 0.06328125 0.21640625
0 0.6828125 0.7015625 0.0921875 0.21171875
0 0.84453125 0.67890625 0.0625 0.2046875
0 0.78984375 0.71875 0.06640625 0.14765625