0 0.290625 0.51328125 0.08046875 0.15390625
0 0.39140625 0.775 0.084375 0.13828125
0 0.52421875 0.8375 0.07734375 0.16015625
0 0.2609375 0.81796875 0.1140625 0.10703125
0 0.23828125 0.69140625 0.07109375 0.15234375
0 0.83828125 0.71015625 0.0640625 0.15234375
0 0.790625 0.6234375 0.09140625 0.14375
0 0.39609375 0.51796875 0.10390625 0.178125
0 0.134375 0.91015625 0.0875 0.1171875
0 0.09296875 0.71484375 0.065625 0.1796875
0 0.715625 0.5515625 0.0671875 0.10234375
0 0.93828125 0.7015625 0.06484375 0.18046875
0 0.94140625 0.47265625 0.059375 0.14296875
0 0.1890625 0.940625 0.0796875 0.115625
0 0.72265625 0.16953125 0.06015625 0.1390625
0 0.48203125 0.94453125 0.06171875 0.11015625
0 0.9328125 0.9515625 0.07421875 0.0890625
0 0.36328125 0.2859375 0.0640625 0.11953125
0 0.796875 0.12265625 0.05703125 0.203125
0 0.6109375 0.853125 0.07890625 0.20390625
0 0.425 0.21171875 0.06640625 0.203125
0 0.321875 0.934375 0.07421875 0.12578125
0 0.3421875 0.1015625 0.096875 0.11953125
0 0.62734375 0.20625 0.0921875 0.13046875
0 0.9703125 0.77578125 0.059375 0.1109375
0 0.91875 0.23515625 0.05390625 0.134375
0 0.9421875 0.08984375 0.10078125 0.14609375