0 0.721875 0.66953125 0.05625 0.1390625
0 0.20625 0.746875 0.06171875 0.1203125
0 0.925 0.68671875 0.05625 0.11484375
0 0.596875 0.03359375 0.06328125 0.06640625
0 0.78046875 0.9109375 0.06953125 0.090625
0 0.60703125 0.93671875 0.04609375 0.09609375
0 0.653125 0.9609375 0.06015625 0.078125
0 0.90703125 0.95234375 0.053125 0.09453125
0 0.42421875 0.94453125 0.05234375 0.1078125
0 0.6125 0.38359375 0.046875 0.08046875
0 0.78671875 0.3703125 0.0515625 0.0671875
0 0.159375 0.96015625 0.06640625 0.0703125
0 0.51328125 0.38671875 0.0453125 0.0796875
0 0.97421875 0.1109375 0.04921875 0.09140625
0 0.2046875 0.03046875 0.04921875 0.0609375
0 0.35859375 0.37890625 0.06484375 0.04609375
0 0.4296875 0.37890625 0.04921875 0.05625
0 0.36171875 0.96953125 0.0734375 0.0609375
0 0.4546875 0.109375 0.0859375 0.1046875
0 0.146875 0.41796875 0.04296875 0.08828125
0 0.0359375 0.90625 0.06171875 0.10546875
0 0.834375 0.96171875 0.05078125 0.07578125
0 0.54375 0.9640625 0.0484375 0.071875
0 0.66171875 0.375 0.04765625 0.06796875