0 0.53515625 0.51015625 0.06328125 0.14140625
0 0.371875 0.5671875 0.06953125 0.14296875
0 0.46640625 0.4453125 0.06015625 0.13828125
0 0.32578125 0.33671875 0.05859375 0.17890625
0 0.7703125 0.446875 0.04609375 0.13203125
0 0.1 0.17578125 0.059375 0.134375
0 0.44453125 0.11953125 0.06015625 0.1109375
0 0.8359375 0.61875 0.04921875 0.12421875
0 0.3609375 0.4015625 0.046875 0.16015625
0 0.3484375 0.0515625 0.084375 0.103125
0 0.93125 0.29609375 0.0390625 0.1328125
0 0.40234375 0.17109375 0.084375 0.115625
0 0.24296875 0.0875 0.0859375 0.090625
0 0.1875 0.56953125 0.078125 0.18203125
0 0.04765625 0.26015625 0.0953125 0.09296875
0 0.94453125 0.71171875 0.0609375 0.09296875
0 0.646875 0.059375 0.0796875 0.07890625
0 0.20625 0.9546875 0.04921875 0.090625
0 0.81171875 0.0390625 0.0921875 0.0765625
0 0.59453125 0.96171875 0.0671875 0.07578125
0 0.740625 0.3359375 0.08203125 0.0953125
0 0.265625 0.9296875 0.065625 0.140625
0 0.209375 0.16953125 0.08515625 0.09375
0 0.940625 0.45546875 0.04140625 0.075
0 0.96796875 0.57890625 0.04609375 0.11328125
0 0.73671875 0.43203125 0.04296875 0.12265625
0 0.8296875 0.90546875 0.06796875 0.0921875
0 0.946875 0.81484375 0.04375 0.1390625
0 0.91953125 0.38203125 0.03984375 0.09453125