0 0.8703125 0.50078125 0.05625 0.1265625
0 0.73125 0.56328125 0.0578125 0.134375
0 0.68046875 0.5953125 0.05234375 0.1328125
0 0.60234375 0.85390625 0.071875 0.1203125
0 0.16484375 0.36640625 0.05 0.0640625
0 0.078125 0.61484375 0.053125 0.15
0 0.575 0.6984375 0.07421875 0.090625
0 0.11015625 0.93125 0.09921875 0.11640625
0 0.51640625 0.725 0.05078125 0.1
0 0.39140625 0.746875 0.0578125 0.1171875
0 0.51484375 0.628125 0.07265625 0.0921875
0 0.45625 0.95625 0.06640625 0.0859375
0 0.21015625 0.04140625 0.06171875 0.08203125
0 0.37578125 0.0546875 0.05859375 0.103125
0 0.30625 0.925 0.0796875 0.14765625
0 0.4640625 0.715625 0.040625 0.11875
0 0.43125 0.6578125 0.065625 0.1078125
0 0.94609375 0.1 0.07734375 0.09921875
0 0.8125 0.13125 0.0828125 0.065625