0 0.23515625 0.42421875 0.05546875 0.1984375
0 0.05234375 0.33359375 0.059375 0.19296875
0 0.584375 0.228125 0.05390625 0.15390625
0 0.13515625 0.553125 0.06171875 0.13515625
0 0.425 0.64453125 0.0484375 0.14296875
0 0.7109375 0.540625 0.04375 0.14296875
0 0.47578125 0.04765625 0.05 0.09453125
0 0.13359375 0.09765625 0.05625 0.12578125
0 0.68125 0.26640625 0.0515625 0.140625
0 0.35546875 0.7171875 0.0609375 0.1015625
0 0.63125 0.2328125 0.04609375 0.128125
0 0.1828125 0.05 0.06171875 0.09921875
0 0.790625 0.31171875 0.0484375 0.12265625
0 0.49453125 0.6640625 0.04765625 0.13984375
0 0.06875 0.740625 0.05625 0.096875
0 0.98125 0.36328125 0.0375 0.14375
0 0.3171875 0.5234375 0.05234375 0.1140625
0 0.19140625 0.90234375 0.05234375 0.1078125
0 0.465625 0.25078125 0.07421875 0.18203125
0 0.9484375 0.56875 0.04453125 0.13359375
0 0.709375 0.034375 0.084375 0.06640625
0 0.5421875 0.58046875 0.03984375 0.109375
0 0.67890625 0.66875 0.06796875 0.14765625
0 0.97734375 0.746875 0.0453125 0.10625
0 0.9359375 0.81171875 0.07265625 0.07734375
0 0.59921875 0.921875 0.04765625 0.1125
0 0.7296875 0.325 0.04296875 0.153125
0 0.36015625 0.9171875 0.053125 0.0921875
0 0.946875 0.4359375 0.059375 0.115625
0 0.62734375 0.6921875 0.05078125 0.09609375
0 0.47578125 0.79765625 0.046875 0.09140625
0 0.7171875 0.70859375 0.075 0.11171875
0 0.86640625 0.66796875 0.05859375 0.125
0 0.5953125 0.51328125 0.05859375 0.15703125
0 0.96796875 0.6546875 0.0421875 0.10234375
0 0.84609375 0.91484375 0.04609375 0.0765625
0 0.49921875 0.36484375 0.059375 0.090625
0 0.6765625 0.95390625 0.08984375 0.08203125
0 0.896875 0.67890625 0.0515625 0.1171875
0 0.95234375 0.7171875 0.0390625 0.0953125
0 0.9578125 0.028125 0.04609375 0.05546875
0 0.7609375 0.41796875 0.04296875 0.12890625
0 0.8796875 0.9484375 0.06171875 0.103125
0 0.5328125 0.8984375 0.05234375 0.14296875
0 0.721875 0.9328125 0.04375 0.08984375
0 0.91171875 0.16171875 0.04921875 0.1234375
0 0.82734375 0.4265625 0.0453125 0.13203125