0 0.78125 0.62890625 0.06015625 0.09453125
0 0.79375 0.7328125 0.05625 0.10703125
0 0.896875 0.60859375 0.04375 0.11484375
0 0.46328125 0.4015625 0.0640625 0.11484375
0 0.7390625 0.4046875 0.05625 0.0859375
0 0.4 0.49609375 0.04765625 0.09296875
0 0.978125 0.65546875 0.0421875 0.090625
0 0.9265625 0.9546875 0.04296875 0.08046875
0 0.5546875 0.8484375 0.05546875 0.12109375
0 0.61796875 0.96328125 0.0671875 0.07265625
0 0.165625 0.44921875 0.059375 0.09609375
0 0.8390625 0.89375 0.053125 0.0953125
0 0.7390625 0.94296875 0.0515625 0.11328125
0 0.0234375 0.4484375 0.046875 0.0796875
0 0.86640625 0.77421875 0.05546875 0.10234375
0 0.93203125 0.140625 0.0390625 0.1109375
0 0.28046875 0.409375 0.07734375 0.08203125
0 0.921875 0.7484375 0.05625 0.090625
0 0.49296875 0.0515625 0.07265625 0.09296875
0 0.853125 0.9640625 0.05234375 0.06484375
0 0.90546875 0.88203125 0.04375 0.1140625
0 0.73125 0.86640625 0.05703125 0.10234375
0 0.79921875 0.8390625 0.0609375 0.10078125
0 0.496875 0.4359375 0.04453125 0.146875
0 0.52890625 0.34140625 0.0546875 0.1203125
0 0.9453125 0.82734375 0.08125 0.11796875