0 0.4046875 0.77421875 0.08359375 0.103125
0 0.29765625 0.8796875 0.0796875 0.0953125
0 0.946875 0.77890625 0.08203125 0.1015625
0 0.90625 0.61015625 0.10703125 0.0921875
0 0.38046875 0.1578125 0.05234375 0.0875
0 0.31171875 0.20390625 0.0796875 0.07421875
0 0.69921875 0.1828125 0.08359375 0.0875
0 0.7390625 0.928125 0.08984375 0.08046875
0 0.5390625 0.1484375 0.0625 0.07578125
0 0.44375 0.1125 0.05859375 0.07421875
0 0.3953125 0.0359375 0.040625 0.06640625
0 0.62265625 0.134375 0.06796875 0.08046875