0 0.57734375 0.18671875 0.0953125 0.09296875
0 0.67890625 0.2234375 0.0765625 0.109375
0 0.50078125 0.53828125 0.0890625 0.1
0 0.33203125 0.48359375 0.08203125 0.08984375
0 0.43203125 0.5015625 0.0609375 0.1296875
0 0.35625 0.37578125 0.08359375 0.10390625
0 0.8578125 0.571875 0.09296875 0.09375
0 0.8140625 0.64765625 0.0734375 0.11953125
0 0.15625 0.25625 0.07890625 0.0921875
0 0.128125 0.08515625 0.07734375 0.0640625
0 0.034375 0.76640625 0.06796875 0.13125
0 0.1609375 0.76328125 0.103125 0.1359375
0 0.1546875 0.3625 0.06484375 0.1265625
0 0.10859375 0.4421875 0.065625 0.14765625
0 0.71015625 0.59765625 0.0703125 0.15546875
0 0.784375 0.39140625 0.09453125 0.09921875
0 0.24140625 0.47265625 0.07734375 0.1078125
0 0.09296875 0.2234375 0.06171875 0.1484375
0 0.159375 0.17890625 0.06796875 0.0828125
0 0.8984375 0.3078125 0.05625 0.15234375
0 0.59296875 0.90859375 0.09921875 0.1828125
0 0.309375 0.25859375 0.07421875 0.0890625
0 0.3828125 0.23359375 0.06875 0.09921875
0 0.775 0.2171875 0.075 0.125
0 0.83046875 0.2703125 0.065625 0.08515625
0 0.91484375 0.175 0.065625 0.11328125