0 0.4078125 0.2 0.13515625 0.15546875
0 0.77265625 0.44765625 0.096875 0.1421875
0 0.05625 0.12734375 0.10390625 0.115625
0 0.44375 0.4953125 0.096875 0.11796875
0 0.1796875 0.8015625 0.0765625 0.1765625
0 0.92265625 0.484375 0.09140625 0.12265625
0 0.6640625 0.39375 0.08125 0.1265625
0 0.11875 0.9078125 0.109375 0.125
0 0.48125 0.80625 0.0984375 0.09609375
0 0.37734375 0.71875 0.1265625 0.1140625
0 0.11796875 0.05859375 0.1015625 0.1171875
0 0.72890625 0.86328125 0.09140625 0.115625
0 0.03125 0.38203125 0.059375 0.1171875
0 0.40625 0.909375 0.08125 0.13125
0 0.796875 0.91640625 0.09296875 0.1171875
0 0.94296875 0.88515625 0.07578125 0.0984375
0 0.65 0.9671875 0.071875 0.06484375
0 0.4984375 0.953125 0.084375 0.08515625