0 0.1265625 0.496875 0.0875 0.1515625
0 0.50625 0.4890625 0.06796875 0.1125
0 0.48984375 0.3921875 0.06328125 0.1046875
0 0.83125 0.57734375 0.05859375 0.11640625
0 0.5359375 0.74921875 0.07109375 0.10390625
0 0.5984375 0.78359375 0.07265625 0.1046875
0 0.9203125 0.459375 0.06015625 0.090625
0 0.6671875 0.6875 0.06796875 0.1078125
0 0.84375 0.7640625 0.06171875 0.10859375
0 0.571875 0.396875 0.05234375 0.15703125
0 0.10390625 0.82734375 0.075 0.11875
0 0.5203125 0.3609375 0.0609375 0.10703125
0 0.79609375 0.2875 0.0515625 0.10859375
0 0.4203125 0.85390625 0.05078125 0.1265625
0 0.90625 0.71015625 0.04609375 0.12265625
0 0.66328125 0.775 0.06875 0.09140625
0 0.44375 0.771875 0.0546875 0.13515625
0 0.48359375 0.81015625 0.04765625 0.121875
0 0.66328125 0.853125 0.0671875 0.12578125
0 0.55625 0.88828125 0.05078125 0.13125
0 0.9703125 0.49765625 0.03828125 0.13515625
0 0.90703125 0.865625 0.0609375 0.09765625
0 0.98203125 0.7265625 0.0359375 0.10703125
0 0.83671875 0.9296875 0.04453125 0.13359375
0 0.07734375 0.92734375 0.0671875 0.1453125
0 0.98359375 0.59453125 0.0328125 0.11640625
0 0.5953125 0.94609375 0.0546875 0.10390625
0 0.96015625 0.9546875 0.0453125 0.0859375
0 0.6265625 0.94375 0.046875 0.10703125