0 0.33671875 0.1984375 0.075 0.1625
0 0.8953125 0.80859375 0.08828125 0.1765625
0 0.07265625 0.2046875 0.08515625 0.1265625
0 0.77109375 0.91484375 0.078125 0.1625
0 0.29296875 0.36640625 0.075 0.19453125
0 0.56171875 0.94296875 0.08984375 0.11328125
0 0.09140625 0.90859375 0.0609375 0.17734375
0 0.15625 0.26953125 0.10078125 0.17578125
0 0.1421875 0.6625 0.0953125 0.11015625
0 0.96015625 0.46953125 0.071875 0.2
0 0.06796875 0.66796875 0.0703125 0.14296875
0 0.834375 0.9046875 0.07109375 0.15859375
0 0.26484375 0.9421875 0.1078125 0.115625
0 0.01953125 0.6828125 0.0390625 0.17265625
0 0.14765625 0.39765625 0.09140625 0.10234375
0 0.55234375 0.83984375 0.08671875 0.146875
0 0.415625 0.92421875 0.09765625 0.1515625
0 0.13203125 0.50859375 0.11640625 0.11640625