0 0.61796875 0.73203125 0.0546875 0.1390625
0 0.77109375 0.6359375 0.065625 0.13984375
0 0.5421875 0.68125 0.05703125 0.12890625
0 0.503125 0.6421875 0.04453125 0.1265625
0 0.928125 0.7359375 0.0671875 0.10625
0 0.421875 0.903125 0.0515625 0.12421875
0 0.571875 0.9234375 0.1109375 0.10390625
0 0.48125 0.43515625 0.04140625 0.11015625
0 0.37734375 0.73203125 0.0484375 0.12265625
0 0.51484375 0.38203125 0.05078125 0.1078125
0 0.8453125 0.71015625 0.07265625 0.10546875
0 0.81875 0.5984375 0.07734375 0.084375
0 0.31953125 0.8828125 0.04921875 0.13984375
0 0.646875 0.365625 0.06640625 0.11796875
0 0.29921875 0.49921875 0.06875 0.08671875
0 0.54140625 0.846875 0.08828125 0.08203125
0 0.71171875 0.36796875 0.034375 0.07578125
0 0.83125 0.446875 0.05859375 0.08359375
0 0.0984375 0.60078125 0.06328125 0.07109375
0 0.37890625 0.42578125 0.065625 0.08203125
0 0.184375 0.759375 0.0453125 0.09296875
0 0.44375 0.3546875 0.04296875 0.0921875
0 0.24140625 0.7359375 0.04921875 0.08671875
0 0.27421875 0.95546875 0.065625 0.08359375
0 0.14296875 0.77109375 0.0453125 0.10703125
0 0.05703125 0.9578125 0.03984375 0.078125
0 0.7265625 0.96796875 0.08046875 0.06171875
0 0.41015625 0.79765625 0.05234375 0.0765625
0 0.9625 0.33203125 0.0546875 0.05078125
0 0.43203125 0.7328125 0.0515625 0.1
0 0.240625 0.86796875 0.046875 0.0984375
0 0.0828125 0.82734375 0.040625 0.1046875
0 0.028125 0.61015625 0.04375 0.1109375
0 0.66484375 0.6515625 0.06796875 0.09375
0 0.71484375 0.553125 0.05390625 0.08828125
0 0.6015625 0.59296875 0.04375 0.09921875
0 0.85 0.35234375 0.05546875 0.1078125
0 0.81796875 0.07734375 0.0640625 0.0859375
0 0.79296875 0.1453125 0.0578125 0.09296875
0 0.95 0.27578125 0.075 0.07890625
0 0.93046875 0.81953125 0.0640625 0.13984375