0 0.23125 0.8703125 0.09375 0.1125
0 0.07578125 0.7015625 0.13984375 0.11796875
0 0.23359375 0.078125 0.05859375 0.15390625
0 0.17109375 0.04921875 0.06015625 0.078125
0 0.74296875 0.03671875 0.065625 0.0734375
0 0.48203125 0.396875 0.109375 0.103125
0 0.06484375 0.40859375 0.0890625 0.065625
0 0.246875 0.4125 0.06015625 0.10078125
0 0.5453125 0.90859375 0.08359375 0.1
0 0.865625 0.96796875 0.08203125 0.06328125
0 0.07265625 0.9515625 0.05546875 0.090625
0 0.68359375 0.36875 0.0484375 0.053125
0 0.02578125 0.9578125 0.0484375 0.084375
0 0.3546875 0.96484375 0.04140625 0.0703125
0 0.4015625 0.95390625 0.04140625 0.0921875
0 0.4734375 0.95 0.07109375 0.1
0 0.5578125 0.971875 0.07421875 0.05625
0 0.94609375 0.965625 0.05859375 0.06875
0 0.0421875 0.19765625 0.084375 0.07578125
0 0.88515625 0.09609375 0.09453125 0.0890625
0 0.803125 0.3765625 0.06484375 0.08125