0 0.54140625 0.59296875 0.08046875 0.17578125
0 0.140625 0.60390625 0.10703125 0.12734375
0 0.61796875 0.571875 0.0546875 0.13984375
0 0.43984375 0.58203125 0.06796875 0.14921875
0 0.39921875 0.76171875 0.05546875 0.1796875
0 0.6640625 0.7046875 0.0578125 0.15
0 0.23671875 0.56015625 0.0921875 0.14921875
0 0.34921875 0.671875 0.0890625 0.1109375
0 0.696875 0.46328125 0.0734375 0.096875
0 0.65 0.903125 0.05390625 0.1703125
0 0.37421875 0.54375 0.0609375 0.15546875
0 0.82265625 0.628125 0.07109375 0.16796875
0 0.26328125 0.66953125 0.059375 0.1296875
0 0.6859375 0.5859375 0.0515625 0.14921875
0 0.721875 0.565625 0.06328125 0.11953125
0 0.5703125 0.93671875 0.0625 0.1265625
0 0.45390625 0.14296875 0.05546875 0.13515625
0 0.834375 0.94375 0.09375 0.09453125
0 0.65625 0.0890625 0.0546875 0.16015625
0 0.51796875 0.925 0.05078125 0.14921875
0 0.9171875 0.55625 0.04921875 0.153125
0 0.709375 0.93046875 0.0765625 0.115625
0 0.74921875 0.728125 0.05625 0.10859375
0 0.51484375 0.7390625 0.07265625 0.1140625
0 0.46015625 0.71640625 0.08203125 0.09765625
0 0.2828125 0.196875 0.06015625 0.08984375
0 0.32265625 0.0984375 0.0578125 0.12890625
0 0.1515625 0.47890625 0.05078125 0.08671875
0 0.51484375 0.14921875 0.07109375 0.11015625
0 0.2140625 0.45546875 0.06796875 0.12421875
0 0.7140625 0.7484375 0.06171875 0.1171875
0 0.2484375 0.365625 0.07578125 0.15390625
0 0.11640625 0.115625 0.06484375 0.096875
0 0.94375 0.6546875 0.06171875 0.11171875
0 0.725 0.275 0.06875 0.10625
0 0.465625 0.96171875 0.05 0.0765625
0 0.83125 0.5640625 0.04375 0.09296875
0 0.41015625 0.490625 0.04453125 0.07109375
0 0.87890625 0.13671875 0.0515625 0.1546875