0 0.2625 0.63203125 0.09765625 0.18359375
0 0.22109375 0.41484375 0.13046875 0.16015625
0 0.20625 0.121875 0.08984375 0.1890625
0 0.96875 0.25 0.0625 0.17421875
0 0.21328125 0.78984375 0.115625 0.1328125
0 0.071875 0.2046875 0.07109375 0.21640625
0 0.315625 0.84296875 0.08203125 0.17421875
0 0.646875 0.7484375 0.06484375 0.19609375
0 0.0875 0.7640625 0.0796875 0.17109375
0 0.85078125 0.70859375 0.09296875 0.1546875
0 0.87578125 0.56015625 0.06796875 0.17109375
0 0.78671875 0.2671875 0.08671875 0.2390625
0 0.92890625 0.68828125 0.075 0.17734375
0 0.9109375 0.2046875 0.06640625 0.2203125
0 0.5953125 0.9140625 0.0671875 0.171875
0 0.7328125 0.76328125 0.06171875 0.2140625