0 0.290625 0.53515625 0.08984375 0.125
0 0.67421875 0.678125 0.08359375 0.16015625
0 0.34921875 0.85625 0.10390625 0.11875
0 0.25078125 0.81875 0.0765625 0.1078125
0 0.11875 0.68046875 0.08828125 0.1109375
0 0.196875 0.4359375 0.084375 0.09609375
0 0.678125 0.48671875 0.07578125 0.1640625
0 0.81171875 0.66328125 0.08984375 0.18125
0 0.8765625 0.44296875 0.0796875 0.11484375
0 0.56953125 0.42734375 0.0796875 0.140625
0 0.53828125 0.53984375 0.0640625 0.15234375
0 0.48203125 0.534375 0.06015625 0.146875
0 0.4828125 0.29609375 0.07578125 0.12890625
0 0.1734375 0.35859375 0.0609375 0.14453125
0 0.4078125 0.32890625 0.0703125 0.1421875
0 0.32890625 0.28359375 0.0609375 0.1328125
0 0.7390625 0.196875 0.08203125 0.125
0 0.68359375 0.22109375 0.0625 0.16171875
0 0.884375 0.315625 0.0703125 0.1265625
0 0.9515625 0.2828125 0.09140625 0.12109375
0 0.8171875 0.23671875 0.0640625 0.12734375
0 0.29453125 0.21953125 0.0703125 0.084375
0 0.2046875 0.20625 0.09375 0.06640625
0 0.209375 0.27578125 0.08203125 0.08046875