0 0.02265625 0.11640625 0.0453125 0.1390625
0 0.11484375 0.32421875 0.05546875 0.07109375
0 0.20625 0.415625 0.05078125 0.08515625
0 0.32421875 0.03984375 0.05703125 0.0765625
0 0.79609375 0.3359375 0.0375 0.10546875
0 0.878125 0.56171875 0.0375 0.08046875
0 0.8828125 0.9046875 0.04765625 0.11640625
0 0.07578125 0.2078125 0.08203125 0.08828125
0 0.4859375 0.07890625 0.0671875 0.08203125
0 0.66015625 0.5796875 0.04296875 0.075
0 0.1046875 0.38671875 0.0453125 0.075
0 0.125 0.56875 0.04375 0.08671875
0 0.246875 0.25546875 0.06015625 0.08828125
0 0.8140625 0.421875 0.0421875 0.065625
0 0.91953125 0.71328125 0.04296875 0.06015625
0 0.5265625 0.9265625 0.06640625 0.14140625
0 0.67578125 0.82265625 0.05234375 0.10859375
0 0.9484375 0.66953125 0.04921875 0.08671875
0 0.32109375 0.825 0.046875 0.11875
0 0.56953125 0.58828125 0.06171875 0.090625
0 0.83984375 0.7859375 0.03828125 0.06953125
0 0.83359375 0.846875 0.040625 0.06640625
0 0.37734375 0.234375 0.06796875 0.11171875
0 0.95234375 0.8890625 0.03828125 0.10234375
0 0.74609375 0.60078125 0.03671875 0.08125
0 0.2671875 0.62578125 0.059375 0.08515625
0 0.778125 0.65390625 0.0328125 0.03671875
0 0.47109375 0.49375 0.059375 0.08828125
0 0.98203125 0.73515625 0.0359375 0.06171875
0 0.15390625 0.696875 0.04921875 0.084375
0 0.15 0.7875 0.06328125 0.12421875
0 0.7078125 0.79765625 0.046875 0.0796875
0 0.08515625 0.475 0.0734375 0.06171875
0 0.3828125 0.45390625 0.0453125 0.115625
0 0.57109375 0.77578125 0.0546875 0.121875
0 0.7984375 0.921875 0.06640625 0.0921875
0 0.19921875 0.7171875 0.06328125 0.1203125
0 0.25 0.690625 0.05390625 0.1140625
0 0.5765625 0.8734375 0.0515625 0.06953125
0 0.44765625 0.6734375 0.03828125 0.08359375
0 0.9265625 0.8859375 0.04140625 0.10625
0 0.74609375 0.86640625 0.0484375 0.10625
0 0.12578125 0.64921875 0.06796875 0.09375
0 0.1671875 0.4578125 0.0640625 0.06484375
0 0.771875 0.8421875 0.03828125 0.07265625
0 0.56484375 0.9265625 0.06796875 0.134375
0 0.434375 0.503125 0.040625 0.084375
0 0.48828125 0.803125 0.04765625 0.0984375
0 0.5484375 0.8171875 0.04375 0.1046875
0 0.4515625 0.753125 0.0515625 0.08671875
0 0.5046875 0.74921875 0.0421875 0.0765625
0 0.19765625 0.6609375 0.0578125 0.0875
0 0.71875 0.603125 0.040625 0.09375
0 0.7 0.7375 0.05234375 0.06640625