0 0.46484375 0.3265625 0.10078125 0.1140625
0 0.48203125 0.66484375 0.10234375 0.1359375
0 0.14375 0.58046875 0.1390625 0.10546875
0 0.22890625 0.80390625 0.065625 0.1453125
0 0.14453125 0.7078125 0.07421875 0.175
0 0.96328125 0.65 0.07265625 0.1359375
0 0.43984375 0.94921875 0.0921875 0.09921875
0 0.29375 0.91015625 0.1046875 0.15234375
0 0.74765625 0.87734375 0.11484375 0.1921875
0 0.0890625 0.815625 0.0953125 0.0921875
0 0.08125 0.7171875 0.08125 0.13046875
0 0.08125 0.89453125 0.0984375 0.11796875