0 0.60546875 0.74375 0.08046875 0.17578125
0 0.253125 0.68359375 0.10546875 0.20546875
0 0.30625 0.2 0.09765625 0.1390625
0 0.15703125 0.75 0.071875 0.18828125
0 0.746875 0.6640625 0.090625 0.22890625
0 0.93125 0.759375 0.0734375 0.18828125
0 0.5640625 0.91328125 0.06875 0.16328125
0 0.80859375 0.48984375 0.090625 0.12109375
0 0.43046875 0.07734375 0.09453125 0.14609375
0 0.76484375 0.09140625 0.06484375 0.15546875
0 0.503125 0.903125 0.0703125 0.15625
0 0.04140625 0.3078125 0.0671875 0.13828125
0 0.11484375 0.24453125 0.125 0.2
0 0.77109375 0.24453125 0.10625 0.1640625
0 0.7078125 0.33125 0.08125 0.0953125
0 0.853125 0.13359375 0.0796875 0.15703125
0 0.9 0.92734375 0.08125 0.13671875
0 0.9015625 0.478125 0.0703125 0.115625
0 0.07890625 0.5171875 0.128125 0.1234375
0 0.1109375 0.1 0.0859375 0.178125