0 0.14921875 0.53671875 0.09453125 0.20546875
0 0.596875 0.465625 0.06640625 0.1578125
0 0.60234375 0.16953125 0.05859375 0.1484375
0 0.9546875 0.55078125 0.0890625 0.18359375
0 0.8703125 0.3515625 0.05703125 0.1703125
0 0.04453125 0.321875 0.0828125 0.10390625
0 0.740625 0.2484375 0.059375 0.14375
0 0.3296875 0.325 0.05859375 0.14453125
0 0.06015625 0.15390625 0.065625 0.078125
0 0.5109375 0.2203125 0.06640625 0.1375
0 0.4734375 0.26484375 0.07421875 0.12578125
0 0.03125 0.2359375 0.059375 0.08984375
0 0.41015625 0.27265625 0.05546875 0.13984375
0 0.93671875 0.17109375 0.05 0.0859375
0 0.3453125 0.20703125 0.0390625 0.1046875
0 0.0390625 0.05 0.07421875 0.1
0 0.90625 0.24375 0.04609375 0.09296875
0 0.82578125 0.25234375 0.04296875 0.090625
0 0.125 0.24765625 0.07265625 0.09296875
0 0.14140625 0.175 0.08828125 0.06875
0 0.78984375 0.1703125 0.03671875 0.1