0 0.09921875 0.15390625 0.07578125 0.10234375
0 0.1265625 0.27109375 0.0625 0.0984375
0 0.07734375 0.31328125 0.05 0.0796875
0 0.04765625 0.36015625 0.04921875 0.075
0 0.01796875 0.49140625 0.0359375 0.0703125
0 0.103125 0.5890625 0.078125 0.084375
0 0.09375 0.675 0.03984375 0.06484375
0 0.0484375 0.7078125 0.07109375 0.09453125
0 0.315625 0.29453125 0.06875 0.1078125
0 0.21171875 0.38125 0.05703125 0.1046875
0 0.1515625 0.4484375 0.053125 0.0921875
0 0.12265625 0.43359375 0.04453125 0.10234375
0 0.35703125 0.03984375 0.0703125 0.0796875
0 0.7625 0.065625 0.0734375 0.10703125
0 0.94296875 0.08515625 0.06484375 0.14921875
0 0.69921875 0.215625 0.09765625 0.09296875
0 0.69140625 0.32578125 0.0671875 0.12734375
0 0.51484375 0.39765625 0.1125 0.11875
0 0.39921875 0.3859375 0.08515625 0.1578125
0 0.3671875 0.42734375 0.08984375 0.140625
0 0.2578125 0.53828125 0.0578125 0.1375
0 0.3546875 0.615625 0.059375 0.13359375
0 0.4625 0.5796875 0.07578125 0.10390625
0 0.58046875 0.53359375 0.05625 0.06953125
0 0.5890625 0.646875 0.090625 0.10234375
0 0.6734375 0.5921875 0.059375 0.0921875
0 0.65625 0.70078125 0.071875 0.12265625
0 0.74453125 0.65859375 0.071875 0.14921875
0 0.13046875 0.86796875 0.0671875 0.14140625
0 0.2171875 0.77265625 0.0703125 0.11015625
0 0.034375 0.8953125 0.04921875 0.15703125
0 0.05234375 0.9734375 0.04453125 0.053125
0 0.54765625 0.965625 0.0796875 0.06875
0 0.76953125 0.98046875 0.0640625 0.0390625
0 0.89375 0.9875 0.0828125 0.025
0 0.84375 0.80390625 0.059375 0.15703125