0 0.61953125 0.959375 0.0578125 0.06328125
0 0.64375 0.9 0.04296875 0.06328125
0 0.67890625 0.896875 0.0296875 0.059375
0 0.69609375 0.9515625 0.0296875 0.08125
0 0.7640625 0.92109375 0.03515625 0.07578125
0 0.9078125 0.87734375 0.0359375 0.10078125
0 0.84921875 0.9 0.0453125 0.07265625
0 0.95703125 0.88515625 0.0328125 0.0640625
0 0.71875 0.86328125 0.0359375 0.06796875
0 0.76640625 0.8546875 0.04375 0.0796875
0 0.85859375 0.821875 0.0453125 0.078125
0 0.89296875 0.7640625 0.05625 0.06875
0 0.55078125 0.92265625 0.0328125 0.0859375
0 0.5171875 0.9234375 0.04453125 0.0703125