0 0.07578125 0.0984375 0.11953125 0.1015625
0 0.13828125 0.09765625 0.084375 0.10625
0 0.10078125 0.225 0.06484375 0.125
0 0.17734375 0.27421875 0.0671875 0.1046875
0 0.17890625 0.20234375 0.09296875 0.1375
0 0.1234375 0.45078125 0.09921875 0.13125
0 0.1546875 0.38671875 0.0765625 0.128125
0 0.21796875 0.47734375 0.05 0.09296875
0 0.33984375 0.5015625 0.0890625 0.12109375
0 0.34765625 0.38359375 0.1046875 0.14765625
0 0.44296875 0.50546875 0.08828125 0.15
0 0.51640625 0.5453125 0.08984375 0.1328125
0 0.58203125 0.19921875 0.06796875 0.1046875
0 0.68359375 0.25234375 0.05703125 0.12265625
0 0.75625 0.24140625 0.07578125 0.14296875
0 0.82421875 0.29609375 0.06328125 0.1140625
0 0.88203125 0.32109375 0.1 0.18125
0 0.79609375 0.41875 0.09140625 0.1234375
0 0.84453125 0.48984375 0.06796875 0.1453125
0 0.715625 0.59140625 0.08984375 0.14765625
0 0.8140625 0.64609375 0.1046875 0.140625
0 0.84609375 0.58828125 0.07265625 0.1390625
0 0.16171875 0.7640625 0.13046875 0.171875
0 0.03828125 0.76484375 0.0765625 0.146875
0 0.5875 0.91328125 0.10078125 0.16640625