0 0.1578125 0.290625 0.053125 0.09765625
0 0.190625 0.34453125 0.05625 0.15234375
0 0.27578125 0.521875 0.07578125 0.115625
0 0.53671875 0.696875 0.05703125 0.13515625
0 0.503125 0.8203125 0.08984375 0.09375
0 0.9515625 0.728125 0.06015625 0.15078125
0 0.7375 0.40546875 0.071875 0.1109375
0 0.7375 0.2953125 0.06640625 0.09375
0 0.81875 0.228125 0.06796875 0.13046875
0 0.9 0.3 0.0609375 0.134375
0 0.92265625 0.38828125 0.06875 0.09609375
0 0.53046875 0.31953125 0.08984375 0.1703125
0 0.4328125 0.26328125 0.0484375 0.13828125
0 0.665625 0.2859375 0.04921875 0.115625
0 0.5828125 0.23515625 0.040625 0.084375
0 0.6265625 0.2390625 0.05078125 0.08203125
0 0.66484375 0.18828125 0.0640625 0.0875
0 0.3578125 0.2875 0.0453125 0.10390625
0 0.3296875 0.42109375 0.04921875 0.103125
0 0.85078125 0.68515625 0.05859375 0.125
0 0.8140625 0.71796875 0.04921875 0.1265625
0 0.76796875 0.7171875 0.07265625 0.109375