0 0.5484375 0.3546875 0.08046875 0.08671875
0 0.8390625 0.484375 0.0734375 0.12578125
0 0.5765625 0.48359375 0.090625 0.115625
0 0.2703125 0.42421875 0.08515625 0.13203125
0 0.6109375 0.63359375 0.08828125 0.13046875
0 0.02421875 0.24375 0.0484375 0.128125
0 0.1296875 0.05546875 0.04921875 0.10625
0 0.01875 0.065625 0.0359375 0.121875
0 0.33828125 0.5359375 0.05 0.134375
0 0.03828125 0.75078125 0.0515625 0.1140625
0 0.05546875 0.490625 0.0609375 0.12578125
0 0.49140625 0.57578125 0.07578125 0.11875
0 0.19453125 0.7453125 0.06328125 0.1078125
0 0.771875 0.7625 0.07421875 0.10234375
0 0.11484375 0.77265625 0.059375 0.1078125
0 0.47578125 0.6984375 0.06015625 0.11328125
0 0.571875 0.89765625 0.06328125 0.08046875
0 0.384375 0.63984375 0.07734375 0.0984375
0 0.740625 0.65546875 0.05625 0.13359375
0 0.246875 0.5515625 0.05234375 0.115625
0 0.865625 0.6109375 0.07109375 0.13671875
0 0.1828125 0.59453125 0.0546875 0.10859375
0 0.12109375 0.67265625 0.053125 0.09921875
0 0.61328125 0.77265625 0.0546875 0.1234375
0 0.228125 0.61875 0.04765625 0.08515625
0 0.3546875 0.9203125 0.0734375 0.1125
0 0.2375 0.90859375 0.05 0.14921875
0 0.58359375 0.9734375 0.05703125 0.05078125
0 0.5359375 0.75 0.05546875 0.13515625
0 0.3109375 0.625 0.0640625 0.09609375
0 0.3609375 0.75390625 0.05078125 0.1484375
0 0.2859375 0.86171875 0.071875 0.0921875
0 0.69140625 0.7859375 0.084375 0.09140625
0 0.8140625 0.96640625 0.096875 0.0671875
0 0.7609375 0.85703125 0.0703125 0.10625
0 0.33125 0.95234375 0.059375 0.0953125