0 0.196875 0.52734375 0.071875 0.08515625
0 0.68046875 0.76875 0.08359375 0.10078125
0 0.421875 0.1953125 0.04765625 0.1
0 0.11015625 0.73203125 0.04296875 0.09765625
0 0.71875 0.2609375 0.06015625 0.1484375
0 0.153125 0.178125 0.04140625 0.096875
0 0.225 0.728125 0.04609375 0.10078125
0 0.58828125 0.303125 0.04921875 0.125
0 0.51875 0.14921875 0.0359375 0.06875
0 0.18671875 0.79375 0.0421875 0.0875
0 0.896875 0.5421875 0.07734375 0.15546875
0 0.540625 0.178125 0.04140625 0.08515625
0 0.4890625 0.24375 0.05 0.15390625
0 0.3734375 0.221875 0.05078125 0.08828125
0 0.53984375 0.34453125 0.05546875 0.10078125
0 0.4625 0.21015625 0.03984375 0.1375
0 0.328125 0.271875 0.04296875 0.08671875
0 0.6640625 0.31171875 0.05 0.1421875
0 0.97421875 0.51953125 0.0515625 0.1828125
0 0.646875 0.240625 0.0515625 0.09140625
0 0.25859375 0.2890625 0.05625 0.090625
0 0.76875 0.12578125 0.04296875 0.1171875
0 0.71796875 0.15625 0.06796875 0.08125
0 0.20390625 0.19375 0.04609375 0.0828125
0 0.05859375 0.29375 0.040625 0.12421875
0 0.88125 0.19375 0.071875 0.0875
0 0.23359375 0.365625 0.0609375 0.1109375
0 0.203125 0.9546875 0.053125 0.0875
0 0.0859375 0.140625 0.06953125 0.08828125
0 0.03046875 0.296875 0.040625 0.12265625
0 0.103125 0.240625 0.05703125 0.08203125
0 0.54453125 0.09921875 0.0671875 0.0546875
0 0.8984375 0.28671875 0.07578125 0.14609375
0 0.971875 0.24765625 0.05546875 0.0890625
0 0.38203125 0.1359375 0.07890625 0.08671875