0 0.3984375 0.4515625 0.078125 0.15234375
0 0.61015625 0.428125 0.14296875 0.16171875
0 0.5796875 0.24921875 0.10234375 0.11953125
0 0.6890625 0.1484375 0.0828125 0.1109375
0 0.478125 0.05546875 0.10390625 0.1109375
0 0.05234375 0.04609375 0.1046875 0.0921875
0 0.18515625 0.94609375 0.1046875 0.1078125
0 0.2890625 0.8875 0.1046875 0.12109375
0 0.028125 0.81953125 0.05625 0.1046875
0 0.52109375 0.8390625 0.08984375 0.16328125
0 0.46484375 0.95625 0.0921875 0.0875
0 0.56953125 0.965625 0.1046875 0.06875
0 0.72265625 0.865625 0.08203125 0.13984375
0 0.85234375 0.80546875 0.1203125 0.12421875
0 0.828125 0.63828125 0.0765625 0.134375
0 0.88125 0.54140625 0.08125 0.1765625
0 0.9578125 0.67109375 0.08359375 0.17578125
0 0.9640625 0.509375 0.071875 0.128125