0 0.16640625 0.9296875 0.0515625 0.090625
0 0.12890625 0.95625 0.05078125 0.08359375
0 0.2140625 0.79609375 0.05390625 0.0796875
0 0.21875 0.72421875 0.07890625 0.0609375
0 0.16484375 0.7546875 0.053125 0.0890625
0 0.259375 0.821875 0.0453125 0.07578125
0 0.77421875 0.90625 0.05234375 0.096875
0 0.33046875 0.759375 0.0453125 0.06640625
0 0.671875 0.90703125 0.04765625 0.08984375
0 0.37109375 0.9265625 0.046875 0.09140625
0 0.06171875 0.9015625 0.06796875 0.08984375
0 0.11953125 0.73046875 0.04375 0.08046875
0 0.078125 0.72734375 0.05625 0.08984375
0 0.12890625 0.675 0.04140625 0.08359375
0 0.10625 0.83203125 0.05234375 0.109375
0 0.16015625 0.80859375 0.05078125 0.1140625
0 0.1671875 0.68671875 0.046875 0.05390625
0 0.13203125 0.8140625 0.05390625 0.115625
0 0.5109375 0.75546875 0.05 0.09140625
0 0.3171875 0.7078125 0.046875 0.08515625
0 0.615625 0.8953125 0.03828125 0.09375
0 0.0484375 0.81328125 0.05703125 0.096875
0 0.39453125 0.95859375 0.04453125 0.0828125
0 0.4765625 0.715625 0.03515625 0.065625
0 0.29921875 0.9515625 0.05546875 0.08515625
0 0.8078125 0.89453125 0.05546875 0.1109375
0 0.20625 0.90703125 0.0578125 0.08671875
0 0.425 0.71171875 0.04375 0.06484375
0 0.26640625 0.93515625 0.046875 0.09453125
0 0.46640625 0.959375 0.04921875 0.08125
0 0.28671875 0.7796875 0.0609375 0.0890625
0 0.23828125 0.68359375 0.07578125 0.05078125
0 0.728125 0.746875 0.05546875 0.11328125
0 0.0171875 0.9234375 0.03359375 0.11953125
0 0.49921875 0.959375 0.0390625 0.065625
0 0.86953125 0.934375 0.05703125 0.0609375
0 0.021875 0.67421875 0.0390625 0.0828125
0 0.61328125 0.97109375 0.0671875 0.0578125
0 0.875 0.825 0.0421875 0.07109375
0 0.9625 0.91484375 0.04765625 0.046875
0 0.4 0.78125 0.05625 0.0515625