0 0.76484375 0.04453125 0.07421875 0.08828125
0 0.45390625 0.06328125 0.07421875 0.1265625
0 0.1984375 0.153125 0.08359375 0.0875
0 0.52890625 0.37109375 0.05078125 0.07265625
0 0.51328125 0.4453125 0.08203125 0.09296875
0 0.2046875 0.496875 0.08125 0.12109375
0 0.3203125 0.4765625 0.05703125 0.14296875
0 0.7140625 0.5921875 0.07421875 0.11015625
0 0.58359375 0.55859375 0.06953125 0.14453125
0 0.8640625 0.5515625 0.07890625 0.10859375
0 0.79375 0.66015625 0.08671875 0.090625
0 0.921875 0.6453125 0.0953125 0.10625
0 0.34296875 0.171875 0.06484375 0.12578125
0 0.50859375 0.63671875 0.0859375 0.09453125
0 0.13984375 0.76875 0.0671875 0.14921875
0 0.090625 0.47734375 0.04375 0.08125
0 0.396875 0.5421875 0.0734375 0.1125
0 0.0765625 0.55 0.06328125 0.11875
0 0.44296875 0.5984375 0.07890625 0.09609375
0 0.828125 0.80859375 0.053125 0.13671875
0 0.41171875 0.17890625 0.05703125 0.1390625
0 0.02734375 0.6171875 0.0515625 0.14296875
0 0.49296875 0.53203125 0.06796875 0.11875
0 0.96171875 0.16484375 0.07265625 0.0734375
0 0.540625 0.93046875 0.0890625 0.13359375
0 0.740625 0.375 0.06015625 0.096875
0 0.36015625 0.3375 0.05625 0.06328125
0 0.878125 0.4203125 0.06171875 0.09375
0 0.98828125 0.12109375 0.02265625 0.1046875
0 0.9859375 0.53984375 0.028125 0.1109375
0 0.24609375 0.33046875 0.0578125 0.103125
0 0.28515625 0.31953125 0.06171875 0.09765625
0 0.52578125 0.13828125 0.0796875 0.0765625
0 0.503125 0.20390625 0.06015625 0.08203125
0 0.54296875 0.21171875 0.07578125 0.07421875
0 0.69609375 0.28828125 0.0640625 0.08515625
0 0.76015625 0.259375 0.053125 0.11171875