0 0.75 0.36640625 0.08125 0.2171875
0 0.8703125 0.5359375 0.05546875 0.1578125
0 0.471875 0.575 0.08671875 0.1890625
0 0.37421875 0.58671875 0.08515625 0.09765625
0 0.1765625 0.55859375 0.084375 0.2265625
0 0.62734375 0.13828125 0.09296875 0.20625
0 0.87578125 0.2 0.07265625 0.17578125
0 0.04140625 0.53828125 0.06953125 0.19921875
0 0.80703125 0.13203125 0.075 0.15859375
0 0.13359375 0.715625 0.0828125 0.16484375
0 0.39765625 0.93046875 0.07265625 0.090625
0 0.39609375 0.1578125 0.11875 0.1109375
0 0.3234375 0.059375 0.10859375 0.1078125
0 0.50234375 0.95078125 0.06484375 0.09453125
0 0.028125 0.09609375 0.05546875 0.1078125
0 0.9078125 0.0921875 0.0984375 0.10625
0 0.65859375 0.95390625 0.134375 0.0875
0 0.5984375 0.9609375 0.09765625 0.078125
0 0.9828125 0.06328125 0.03359375 0.1265625