0 0.51875 0.4953125 0.0875 0.14453125
0 0.4625 0.6609375 0.09453125 0.13984375
0 0.790625 0.590625 0.078125 0.1375
0 0.8375 0.54765625 0.10078125 0.1234375
0 0.81328125 0.44296875 0.07265625 0.0890625
0 0.8171875 0.32734375 0.06171875 0.1265625
0 0.24375 0.2640625 0.11484375 0.13515625
0 0.0546875 0.184375 0.1 0.109375
0 0.353125 0.25859375 0.09609375 0.08515625
0 0.76640625 0.86796875 0.07109375 0.10234375
0 0.89296875 0.94375 0.04765625 0.08828125
0 0.82734375 0.959375 0.0765625 0.075
0 0.83671875 0.775 0.0515625 0.1375
0 0.884375 0.26484375 0.075 0.0703125
0 0.7890625 0.259375 0.065625 0.08203125
0 0.478125 0.14921875 0.078125 0.09921875
0 0.675 0.09921875 0.13671875 0.06953125
0 0.25703125 0.08828125 0.10234375 0.0703125