0 0.09140625 0.62265625 0.0859375 0.1296875
0 0.2796875 0.59453125 0.0640625 0.146875
0 0.66875 0.53359375 0.06640625 0.15625
0 0.74140625 0.5765625 0.0578125 0.09765625
0 0.81796875 0.65390625 0.04765625 0.1484375
0 0.340625 0.53203125 0.0484375 0.13046875
0 0.02734375 0.42109375 0.0546875 0.1453125
0 0.92265625 0.3390625 0.078125 0.07890625
0 0.2734375 0.43515625 0.07890625 0.0953125
0 0.85859375 0.62578125 0.04921875 0.125
0 0.02421875 0.721875 0.04765625 0.140625
0 0.57421875 0.38125 0.05234375 0.10234375
0 0.37890625 0.2 0.05 0.1015625
0 0.796875 0.55546875 0.04921875 0.08125
0 0.05 0.34140625 0.090625 0.1046875
0 0.9640625 0.953125 0.07109375 0.09375
0 0.96875 0.684375 0.06171875 0.08359375
0 0.33515625 0.18125 0.05546875 0.1140625
0 0.7390625 0.4828125 0.03671875 0.08203125
0 0.48515625 0.440625 0.0640625 0.07421875
0 0.95390625 0.24375 0.0828125 0.0921875
0 0.778125 0.28984375 0.05078125 0.09140625
0 0.1640625 0.35390625 0.05625 0.07109375
0 0.30546875 0.2140625 0.06171875 0.0609375
0 0.85703125 0.5203125 0.03984375 0.09609375
0 0.6171875 0.41875 0.0625 0.1046875
0 0.69765625 0.33515625 0.06484375 0.0875
0 0.253125 0.2484375 0.06796875 0.09296875
0 0.01328125 0.1734375 0.0265625 0.0875
0 0.3859375 0.4859375 0.0609375 0.07265625
0 0.44609375 0.55234375 0.0671875 0.10546875
0 0.475 0.5171875 0.09453125 0.10625
0 0.90078125 0.59609375 0.04921875 0.11875
0 0.921875 0.5546875 0.059375 0.12421875