0 0.93203125 0.2734375 0.07109375 0.153125
0 0.83671875 0.17578125 0.078125 0.1828125
0 0.9640625 0.6140625 0.071875 0.15625
0 0.95703125 0.11875 0.07578125 0.20703125
0 0.73125 0.08359375 0.0640625 0.15234375
0 0.903125 0.09296875 0.0734375 0.1640625
0 0.859375 0.07578125 0.0625 0.14453125
0 0.8953125 0.56328125 0.08515625 0.090625
0 0.80390625 0.7125 0.06171875 0.15078125
0 0.04375 0.2984375 0.08515625 0.1265625
0 0.803125 0.059375 0.059375 0.11640625
0 0.67265625 0.65078125 0.096875 0.18671875
0 0.08203125 0.58359375 0.0671875 0.10859375
0 0.8984375 0.7953125 0.1078125 0.1171875
0 0.1046875 0.11875 0.10234375 0.1125