0 0.6953125 0.17421875 0.05859375 0.09453125
0 0.85625 0.32109375 0.053125 0.10546875
0 0.946875 0.209375 0.07109375 0.1
0 0.94140625 0.7171875 0.0359375 0.096875
0 0.92734375 0.82421875 0.0359375 0.13984375
0 0.9609375 0.828125 0.034375 0.09921875
0 0.9828125 0.7578125 0.034375 0.18125
0 0.76484375 0.31953125 0.07421875 0.10859375
0 0.1921875 0.3640625 0.06953125 0.11484375
0 0.81640625 0.85234375 0.0484375 0.1171875
0 0.7328125 0.8609375 0.0515625 0.13203125
0 0.35859375 0.684375 0.0703125 0.11328125
0 0.93515625 0.5859375 0.0484375 0.09765625
0 0.884375 0.78828125 0.0421875 0.12109375
0 0.7 0.6890625 0.0578125 0.1171875
0 0.2984375 0.503125 0.09375 0.0984375
0 0.85 0.50390625 0.04921875 0.0953125
0 0.8953125 0.5828125 0.04453125 0.11484375
0 0.67265625 0.8796875 0.06640625 0.1171875
0 0.88515625 0.4890625 0.04296875 0.11171875
0 0.96953125 0.9453125 0.04921875 0.10234375
0 0.6359375 0.58515625 0.05703125 0.1328125
0 0.9359375 0.965625 0.05234375 0.0671875
0 0.74140625 0.63125 0.05625 0.12109375
0 0.4359375 0.9453125 0.0875 0.109375
0 0.7578125 0.48515625 0.04765625 0.13515625
0 0.4828125 0.71953125 0.07109375 0.1015625
0 0.3203125 0.59453125 0.06484375 0.1078125
0 0.94453125 0.46796875 0.04375 0.096875
0 0.2609375 0.5828125 0.05625 0.14921875
0 0.58046875 0.5578125 0.05390625 0.13125
0 0.853125 0.940625 0.065625 0.0859375
0 0.67265625 0.49140625 0.0421875 0.11875
0 0.53828125 0.60859375 0.05859375 0.15234375
0 0.0203125 0.9296875 0.0390625 0.125
0 0.79375 0.95 0.06015625 0.08671875
0 0.196875 0.8390625 0.0578125 0.13984375
0 0.98828125 0.575 0.02265625 0.103125
0 0.8390625 0.6 0.04296875 0.11484375
0 0.21796875 0.915625 0.06796875 0.14375
0 0.60546875 0.95 0.04921875 0.096875
0 0.7078125 0.7765625 0.06640625 0.09140625
0 0.640625 0.74921875 0.06640625 0.11328125
0 0.5109375 0.8 0.06171875 0.16171875
0 0.5828125 0.8421875 0.08046875 0.09375
0 0.14921875 0.78671875 0.07734375 0.18984375
0 0.70078125 0.56015625 0.0640625 0.12421875
0 0.71015625 0.44453125 0.04765625 0.1015625
0 0.90546875 0.4046875 0.0359375 0.115625
0 0.87109375 0.68828125 0.0828125 0.07265625