0 0.58203125 0.04453125 0.06015625 0.0890625
0 0.665625 0.121875 0.06484375 0.09375
0 0.7734375 0.21640625 0.07421875 0.08828125
0 0.9078125 0.29453125 0.05390625 0.1296875
0 0.87421875 0.31171875 0.05078125 0.1078125
0 0.81953125 0.265625 0.06484375 0.084375
0 0.74140625 0.2859375 0.0515625 0.075
0 0.684375 0.4953125 0.08828125 0.08984375
0 0.73359375 0.578125 0.06953125 0.11484375
0 0.79765625 0.56875 0.05078125 0.0625
0 0.840625 0.53671875 0.0375 0.09296875
0 0.88671875 0.52734375 0.0859375 0.12109375
0 0.65625 0.39140625 0.08984375 0.0984375
0 0.5625 0.36171875 0.06328125 0.11328125
0 0.48203125 0.375 0.0734375 0.12578125
0 0.59921875 0.27578125 0.0765625 0.04140625
0 0.58671875 0.1734375 0.0765625 0.13671875
0 0.5109375 0.26171875 0.07578125 0.0578125
0 0.4734375 0.184375 0.04921875 0.12890625
0 0.4546875 0.128125 0.05078125 0.0875
0 0.4078125 0.2046875 0.059375 0.13125
0 0.35234375 0.11328125 0.07890625 0.09765625
0 0.26015625 0.05390625 0.09296875 0.1015625
0 0.28828125 0.18515625 0.05390625 0.11953125
0 0.1734375 0.1125 0.06953125 0.128125
0 0.0359375 0.1359375 0.071875 0.103125
0 0.0625 0.48515625 0.07109375 0.14140625
0 0.24375 0.41015625 0.078125 0.10546875
0 0.22578125 0.5140625 0.08203125 0.09453125
0 0.3171875 0.43125 0.0375 0.078125
0 0.2015625 0.58515625 0.07734375 0.1296875
0 0.41640625 0.83828125 0.0625 0.1546875
0 0.2953125 0.53203125 0.0578125 0.13515625
0 0.2671875 0.684375 0.07734375 0.11953125
0 0.38046875 0.553125 0.04921875 0.1296875
0 0.053125 0.725 0.059375 0.13984375
0 0.33984375 0.54609375 0.0484375 0.12890625
0 0.278125 0.95703125 0.0578125 0.0828125
0 0.5609375 0.190625 0.02578125 0.08125
0 0.403125 0.4625 0.075 0.10078125