0 0.52578125 0.5484375 0.09609375 0.12734375
0 0.55390625 0.334375 0.08203125 0.17421875
0 0.38515625 0.22734375 0.09140625 0.103125
0 0.14375 0.4671875 0.06640625 0.16171875
0 0.60859375 0.565625 0.0953125 0.1359375
0 0.3109375 0.61953125 0.09140625 0.13515625
0 0.2109375 0.44609375 0.07109375 0.16875
0 0.7640625 0.3078125 0.06796875 0.14609375
0 0.815625 0.70625 0.06328125 0.1578125
0 0.80546875 0.56953125 0.0953125 0.115625
0 0.3515625 0.7453125 0.08203125 0.1359375
0 0.70390625 0.70625 0.0671875 0.196875
0 0.20078125 0.29765625 0.125 0.1375
0 0.75234375 0.60859375 0.0953125 0.09609375
0 0.6265625 0.91953125 0.07578125 0.16015625
0 0.23515625 0.5921875 0.06171875 0.1625
0 0.18828125 0.64765625 0.09609375 0.11328125
0 0.0390625 0.08046875 0.071875 0.1328125
0 0.59453125 0.15078125 0.06484375 0.13984375
0 0.51875 0.146875 0.0859375 0.1484375
0 0.2109375 0.153125 0.10703125 0.11640625
0 0.38125 0.1171875 0.0734375 0.13515625
0 0.45 0.14609375 0.06640625 0.13828125