0 0.47578125 0.15078125 0.06015625 0.17109375
0 0.6546875 0.128125 0.05546875 0.14296875
0 0.2640625 0.25 0.0734375 0.15234375
0 0.34921875 0.1765625 0.0921875 0.11640625
0 0.79765625 0.6265625 0.06171875 0.1484375
0 0.21875 0.52734375 0.07421875 0.17890625
0 0.7296875 0.1546875 0.06796875 0.08046875
0 0.9671875 0.678125 0.0625 0.128125
0 0.67890625 0.63046875 0.0640625 0.17421875
0 0.896875 0.6578125 0.08984375 0.13671875
0 0.2984375 0.51484375 0.0609375 0.1171875
0 0.6828125 0.4578125 0.05625 0.103125
0 0.47421875 0.47109375 0.084375 0.10625
0 0.0984375 0.25625 0.07109375 0.12734375
0 0.359375 0.52578125 0.06640625 0.13046875
0 0.02734375 0.36328125 0.05390625 0.09296875
0 0.69921875 0.21484375 0.0875 0.103125
0 0.25078125 0.4359375 0.0765625 0.10234375
0 0.7234375 0.2796875 0.05 0.08828125
0 0.915625 0.825 0.07890625 0.1328125
0 0.45703125 0.52734375 0.08359375 0.13046875
0 0.7359375 0.46640625 0.040625 0.08515625
0 0.0421875 0.953125 0.084375 0.09375
0 0.7578125 0.5125 0.0609375 0.096875
0 0.38359375 0.59453125 0.09765625 0.1
0 0.3375 0.93984375 0.08671875 0.11875
0 0.42265625 0.4078125 0.0421875 0.08984375
0 0.82421875 0.546875 0.04921875 0.09921875
0 0.30078125 0.4046875 0.046875 0.10625
0 0.1359375 0.42109375 0.0859375 0.1234375
0 0.3875 0.49375 0.059375 0.09765625
0 0.45390625 0.27109375 0.0703125 0.13984375
0 0.43046875 0.378125 0.0421875 0.090625
0 0.69140625 0.33359375 0.0703125 0.1265625
0 0.884375 0.48515625 0.071875 0.1015625
0 0.92578125 0.5328125 0.0671875 0.09765625