0 0.66796875 0.3921875 0.12890625 0.15625
0 0.2546875 0.31171875 0.0953125 0.11640625
0 0.70703125 0.78359375 0.08046875 0.1390625
0 0.10546875 0.3546875 0.08359375 0.153125
0 0.2328125 0.8015625 0.0859375 0.128125
0 0.60859375 0.82890625 0.06953125 0.14609375
0 0.3171875 0.06015625 0.07890625 0.09140625
0 0.04921875 0.71640625 0.09140625 0.1078125
0 0.771875 0.896875 0.08828125 0.11953125
0 0.1375 0.934375 0.059375 0.12734375
0 0.8421875 0.95234375 0.11796875 0.0953125
0 0.5046875 0.96015625 0.0984375 0.0796875