0 0.0640625 0.09609375 0.10078125 0.13828125
0 0.45546875 0.6 0.07578125 0.13125
0 0.36484375 0.209375 0.05390625 0.125
0 0.2859375 0.1078125 0.05 0.15078125
0 0.71015625 0.140625 0.06953125 0.103125
0 0.22578125 0.14765625 0.065625 0.12578125
0 0.64296875 0.13515625 0.0703125 0.1078125
0 0.575 0.13125 0.06171875 0.1640625
0 0.14453125 0.07890625 0.0546875 0.1328125
0 0.51484375 0.2359375 0.05 0.13125
0 0.85703125 0.22578125 0.071875 0.12109375
0 0.490625 0.134375 0.0734375 0.1015625
0 0.534375 0.0875 0.05078125 0.1015625
0 0.440625 0.2046875 0.05078125 0.1375
0 0.2109375 0.05078125 0.06875 0.0890625
0 0.7671875 0.1578125 0.0515625 0.09296875
0 0.96484375 0.8546875 0.0578125 0.1484375
0 0.17109375 0.8625 0.08203125 0.14375
0 0.334375 0.86796875 0.0875 0.1140625
0 0.334375 0.95078125 0.07578125 0.08828125
0 0.07421875 0.41171875 0.0734375 0.1546875
0 0.4046875 0.1578125 0.0375 0.07578125
0 0.8328125 0.36328125 0.06875 0.1203125
0 0.828125 0.27109375 0.0640625 0.065625
0 0.27421875 0.67109375 0.06171875 0.14765625
0 0.9171875 0.1171875 0.0546875 0.07578125
0 0.9625 0.1953125 0.04921875 0.0828125
0 0.7109375 0.321875 0.07265625 0.0953125
0 0.6609375 0.715625 0.065625 0.1078125
0 0.25234375 0.88046875 0.075 0.11484375
0 0.98125 0.63046875 0.0375 0.13125
0 0.821875 0.17265625 0.0421875 0.08515625
0 0.47734375 0.23359375 0.05078125 0.12109375
0 0.3296875 0.16171875 0.04921875 0.1109375
0 0.203125 0.95 0.08515625 0.0875
0 0.9390625 0.1796875 0.04296875 0.07421875
0 0.54765625 0.29609375 0.06328125 0.0859375
0 0.04375 0.90546875 0.04921875 0.0796875
0 0.625 0.69453125 0.04375 0.0921875
0 0.1109375 0.76640625 0.034375 0.11015625
0 0.10546875 0.46640625 0.0890625 0.08671875
0 0.03203125 0.0671875 0.03515625 0.05625
0 0.01328125 0.2109375 0.025 0.078125
0 0.73203125 0.07578125 0.04296875 0.0609375
0 0.0125 0.84140625 0.025 0.0859375
0 0.42265625 0.9796875 0.03515625 0.03828125
0 0.23046875 0.36640625 0.0671875 0.13203125
0 0.934375 0.09140625 0.06953125 0.08125
0 0.275 0.79921875 0.078125 0.0890625
0 0.365625 0.7453125 0.05546875 0.09140625
0 0.76796875 0.33203125 0.03046875 0.0359375
0 0.0265625 0.9703125 0.053125 0.059375
0 0.4390625 0.35 0.0234375 0.05390625
0 0.9671875 0.5703125 0.02890625 0.05546875
0 0.90546875 0.9640625 0.02578125 0.04609375
0 0.00859375 0.178125 0.015625 0.06875
0 0.7421875 0.00859375 0.05546875 0.01640625
0 0.50625 0.53984375 0.0328125 0.0375
0 0.08515625 0.7953125 0.01796875 0.075
0 0.67109375 0.9359375 0.0203125 0.03046875
0 0.44296875 0.1046875 0.02734375 0.05390625
0 0.98515625 0.45234375 0.0296875 0.0515625
0 0.20234375 0.76171875 0.01875 0.034375
0 0.38046875 0.72578125 0.02421875 0.0375