0 0.08515625 0.27890625 0.084375 0.18515625
0 0.44921875 0.2828125 0.09609375 0.10546875
0 0.36015625 0.4359375 0.0609375 0.1875
0 0.0859375 0.82578125 0.08359375 0.20859375
0 0.81953125 0.85 0.08203125 0.18125
0 0.896875 0.8390625 0.07578125 0.18515625
0 0.53828125 0.3859375 0.07265625 0.203125
0 0.51875 0.56171875 0.0578125 0.18125
0 0.6625 0.9171875 0.09453125 0.121875
0 0.71328125 0.50703125 0.08359375 0.1390625
0 0.56953125 0.93671875 0.0859375 0.1265625
0 0.20859375 0.91328125 0.0953125 0.12421875
0 0.68984375 0.7546875 0.10546875 0.134375
0 0.8046875 0.5171875 0.10078125 0.140625
0 0.253125 0.32421875 0.08203125 0.1390625
0 0.321875 0.2546875 0.0796875 0.165625
0 0.3890625 0.18984375 0.08046875 0.2421875
0 0.4703125 0.175 0.0625 0.21484375
0 0.56015625 0.196875 0.09375 0.16015625
0 0.9046875 0.31875 0.13046875 0.109375
0 0.934375 0.5484375 0.1078125 0.146875