0 0.92734375 0.165625 0.1140625 0.1625
0 0.16953125 0.878125 0.11015625 0.09453125
0 0.0625 0.94140625 0.0875 0.10703125
0 0.6703125 0.92734375 0.12421875 0.1140625
0 0.44140625 0.978125 0.06796875 0.04375
0 0.459375 0.2015625 0.1046875 0.14296875
0 0.66328125 0.43125 0.08203125 0.1796875
0 0.5171875 0.0734375 0.1046875 0.13671875
0 0.68828125 0.1890625 0.07578125 0.196875
0 0.61015625 0.15546875 0.09375 0.19140625
0 0.4328125 0.8296875 0.11796875 0.15078125
0 0.059375 0.90390625 0.06875 0.03671875
0 0.1953125 0.02421875 0.09140625 0.0484375
0 0.0171875 0.06875 0.034375 0.1375