0 0.646875 0.5640625 0.11875 0.12265625
0 0.42265625 0.734375 0.07421875 0.17421875
0 0.5421875 0.72890625 0.103125 0.12265625
0 0.7390625 0.6953125 0.07421875 0.13046875
0 0.79453125 0.4828125 0.10390625 0.14453125
0 0.82578125 0.64609375 0.0703125 0.17421875
0 0.89140625 0.6 0.06875 0.1640625
0 0.89140625 0.771875 0.08984375 0.14609375
0 0.51640625 0.5765625 0.0796875 0.16171875
0 0.30859375 0.7390625 0.10390625 0.134375
0 0.3375 0.52265625 0.08671875 0.14921875
0 0.6234375 0.4234375 0.0796875 0.171875
0 0.82421875 0.234375 0.06875 0.18125
0 0.9515625 0.16796875 0.096875 0.12734375
0 0.71171875 0.3375 0.07890625 0.14375
0 0.615625 0.296875 0.11328125 0.1234375
0 0.45703125 0.1484375 0.084375 0.1765625
0 0.14921875 0.85078125 0.10859375 0.13125
0 0.73125 0.1984375 0.06875 0.16796875
0 0.3984375 0.2625 0.09921875 0.1203125
0 0.22890625 0.51171875 0.09765625 0.171875
0 0.44765625 0.53671875 0.08671875 0.1203125
0 0.32265625 0.3765625 0.07421875 0.1890625
0 0.2796875 0.27734375 0.0828125 0.2265625
0 0.6734375 0.8625 0.07265625 0.13125
0 0.18828125 0.3109375 0.09140625 0.15703125
0 0.16484375 0.49609375 0.10390625 0.16328125
0 0.9015625 0.0765625 0.0609375 0.15234375
0 0.07421875 0.371875 0.0984375 0.15625
0 0.26953125 0.084375 0.06875 0.15078125
0 0.1046875 0.1828125 0.1046875 0.1828125
0 0.87265625 0.928125 0.0921875 0.12578125
0 0.1859375 0.678125 0.11484375 0.13125
0 0.2046875 0.07734375 0.1 0.14453125