0 0.6703125 0.18125 0.109375 0.140625
0 0.6375 0.43671875 0.084375 0.13125
0 0.58046875 0.490625 0.06015625 0.12265625
0 0.78828125 0.9 0.084375 0.165625
0 0.165625 0.8375 0.0875 0.15
0 0.5484375 0.78984375 0.09765625 0.1546875
0 0.3453125 0.7328125 0.09609375 0.1703125
0 0.2765625 0.7375 0.07421875 0.196875
0 0.90859375 0.703125 0.07265625 0.16640625
0 0.85234375 0.7078125 0.06640625 0.19140625
0 0.7796875 0.70859375 0.0953125 0.1953125
0 0.68359375 0.725 0.09140625 0.18984375
0 0.72265625 0.46484375 0.08828125 0.1640625