0 0.471875 0.415625 0.08203125 0.1234375
0 0.21171875 0.4234375 0.06640625 0.125
0 0.68515625 0.621875 0.05703125 0.12890625
0 0.64140625 0.75859375 0.053125 0.134375
0 0.5078125 0.8265625 0.06015625 0.13515625
0 0.5765625 0.9015625 0.0609375 0.0765625
0 0.63828125 0.39453125 0.09140625 0.11484375
0 0.8671875 0.665625 0.07578125 0.11875
0 0.365625 0.86015625 0.053125 0.12265625
0 0.1703125 0.890625 0.04375 0.1015625
0 0.2640625 0.88359375 0.04921875 0.10390625
0 0.49375 0.70390625 0.06875 0.0890625
0 0.93515625 0.63828125 0.0546875 0.1109375
0 0.3140625 0.5390625 0.0453125 0.0859375
0 0.97734375 0.69921875 0.0453125 0.0828125
0 0.378125 0.51875 0.0515625 0.0859375
0 0.56640625 0.725 0.0515625 0.14140625
0 0.7546875 0.9484375 0.0765625 0.1015625
0 0.6703125 0.64609375 0.03046875 0.08203125
0 0.1078125 0.63828125 0.04765625 0.07734375
0 0.30703125 0.7921875 0.03515625 0.06171875
0 0.89765625 0.56875 0.05703125 0.1015625
0 0.3703125 0.6734375 0.04453125 0.08203125
0 0.3453125 0.7734375 0.04296875 0.0625
0 0.0671875 0.6390625 0.03984375 0.08046875
0 0.240625 0.80546875 0.0578125 0.0875
0 0.95390625 0.53828125 0.04140625 0.10234375
0 0.54453125 0.6203125 0.0578125 0.075
0 0.10390625 0.84921875 0.053125 0.07578125