0 0.203125 0.46953125 0.065625 0.1515625
0 0.325 0.36953125 0.0875 0.16953125
0 0.56796875 0.35546875 0.0703125 0.17734375
0 0.5046875 0.27421875 0.06015625 0.1125
0 0.8109375 0.32109375 0.04921875 0.10390625
0 0.69296875 0.30703125 0.0578125 0.0953125
0 0.86015625 0.11953125 0.05625 0.103125
0 0.3796875 0.9421875 0.0578125 0.1125
0 0.965625 0.7125 0.04609375 0.1296875
0 0.80859375 0.04140625 0.05390625 0.0828125
0 0.32109375 0.6109375 0.07890625 0.12734375
0 0.171875 0.8765625 0.06328125 0.13828125
0 0.02109375 0.8734375 0.04140625 0.12734375
0 0.68984375 0.9328125 0.0609375 0.12734375
0 0.0671875 0.8953125 0.06953125 0.13046875
0 0.371875 0.7953125 0.05703125 0.15859375
0 0.31484375 0.81953125 0.07734375 0.1265625
0 0.60234375 0.615625 0.0703125 0.10234375
0 0.92109375 0.946875 0.0546875 0.09765625
0 0.31953125 0.171875 0.0734375 0.0875
0 0.49296875 0.8234375 0.06640625 0.1125
0 0.51171875 0.8875 0.1109375 0.12265625