0 0.42265625 0.40390625 0.1109375 0.1359375
0 0.5921875 0.50390625 0.115625 0.121875
0 0.7078125 0.6234375 0.115625 0.134375
0 0.5484375 0.684375 0.121875 0.1609375
0 0.94765625 0.4328125 0.096875 0.13203125
0 0.35 0.63125 0.08515625 0.18828125
0 0.8453125 0.3734375 0.1046875 0.17421875
0 0.728125 0.4375 0.08671875 0.1875
0 0.509375 0.33671875 0.08671875 0.184375
0 0.6578125 0.74609375 0.11171875 0.13359375
0 0.58046875 0.38125 0.09375 0.14375
0 0.56015625 0.24453125 0.08671875 0.1625
0 0.7203125 0.878125 0.0984375 0.12421875
0 0.86796875 0.5921875 0.08984375 0.1953125
0 0.21484375 0.71796875 0.08203125 0.1921875
0 0.86328125 0.73359375 0.10703125 0.13671875
0 0.63984375 0.165625 0.08515625 0.13125
0 0.1140625 0.5328125 0.10703125 0.159375
0 0.03046875 0.40390625 0.059375 0.15390625
0 0.09296875 0.9421875 0.0890625 0.1015625
0 0.69609375 0.2578125 0.08359375 0.16015625
0 0.5453125 0.1359375 0.103125 0.11015625
0 0.7015625 0.109375 0.1015625 0.13125
0 0.04140625 0.53359375 0.08046875 0.19375
0 0.2609375 0.9046875 0.11328125 0.1375
0 0.94375 0.11875 0.103125 0.16171875
0 0.9703125 0.2515625 0.059375 0.14453125
0 0.790625 0.14296875 0.0859375 0.15859375
0 0.76171875 0.31953125 0.06796875 0.14453125
0 0.96328125 0.6375 0.06875 0.171875
0 0.39609375 0.92578125 0.1171875 0.11875
0 0.5203125 0.0453125 0.12578125 0.0875
0 0.10546875 0.06796875 0.07265625 0.13125
0 0.58203125 0.0640625 0.06796875 0.12421875
0 0.93515625 0.9359375 0.08828125 0.11796875
0 0.8640625 0.8703125 0.08671875 0.128125
0 0.975 0.75703125 0.05 0.1640625
0 0.75625 0.0625 0.08671875 0.090625