0 0.165625 0.5375 0.09296875 0.1125
0 0.4265625 0.56875 0.103125 0.084375
0 0.5734375 0.571875 0.0890625 0.1296875
0 0.65 0.55625 0.1125 0.1234375
0 0.67265625 0.40859375 0.09765625 0.10390625
0 0.0796875 0.496875 0.0765625 0.10546875
0 0.8875 0.58984375 0.07421875 0.13203125
0 0.64140625 0.30859375 0.0859375 0.11328125
0 0.44375 0.865625 0.07734375 0.14921875
0 0.75703125 0.30859375 0.10234375 0.1078125
0 0.74921875 0.728125 0.09921875 0.09765625
0 0.3609375 0.3609375 0.0875 0.115625
0 0.6328125 0.21953125 0.08984375 0.1296875
0 0.3234375 0.43828125 0.090625 0.11015625
0 0.4203125 0.70859375 0.07265625 0.13359375
0 0.75703125 0.15703125 0.0921875 0.10390625
0 0.1609375 0.73359375 0.1046875 0.1421875
0 0.9203125 0.696875 0.0734375 0.1265625
0 0.82734375 0.8078125 0.13046875 0.17734375
0 0.70859375 0.85078125 0.1171875 0.10625
0 0.33671875 0.89921875 0.0859375 0.11171875
0 0.28515625 0.1578125 0.07265625 0.11328125
0 0.41015625 0.22578125 0.065625 0.1328125
0 0.034375 0.30859375 0.06796875 0.12109375
0 0.484375 0.28671875 0.08125 0.1328125
0 0.3515625 0.09921875 0.0671875 0.146875
0 0.78828125 0.4625 0.10078125 0.1984375
0 0.0546875 0.1109375 0.04453125 0.10078125
0 0.6265625 0.9265625 0.1046875 0.09921875
0 0.6078125 0.146875 0.07578125 0.11328125
0 0.85625 0.6890625 0.0828125 0.11796875
0 0.58671875 0.05390625 0.07109375 0.1078125
0 0.1 0.1140625 0.05390625 0.1109375
0 0.9671875 0.15859375 0.05703125 0.13984375
0 0.9203125 0.0609375 0.0703125 0.090625
0 0.60078125 0.871875 0.1046875 0.10234375
0 0.5546875 0.11328125 0.0640625 0.13828125
0 0.09609375 0.21171875 0.08671875 0.12578125
0 0.33203125 0.26875 0.0921875 0.10546875
0 0.84453125 0.05234375 0.06796875 0.103125
0 0.4515625 0.23046875 0.0609375 0.11953125
0 0.11953125 0.06328125 0.0703125 0.1234375
0 0.4015625 0.09765625 0.0625 0.10703125
0 0.02265625 0.06171875 0.0453125 0.1234375
0 0.490625 0.125 0.05234375 0.1453125
0 0.884375 0.17109375 0.07578125 0.1453125
0 0.44765625 0.09453125 0.05 0.1828125
0 0.846875 0.14921875 0.05859375 0.109375