0 0.49765625 0.3703125 0.0578125 0.09765625
0 0.35625 0.4484375 0.0625 0.11875
0 0.43203125 0.6671875 0.06796875 0.1375
0 0.309375 0.52421875 0.0484375 0.09140625
0 0.78671875 0.5671875 0.0671875 0.08671875
0 0.10078125 0.559375 0.06171875 0.1015625
0 0.59453125 0.41796875 0.071875 0.14921875
0 0.90234375 0.72578125 0.05703125 0.15703125
0 0.8234375 0.52109375 0.090625 0.0765625
0 0.70234375 0.3734375 0.03828125 0.10078125
0 0.90390625 0.58203125 0.0640625 0.11640625
0 0.16328125 0.46875 0.06875 0.11640625
0 0.1390625 0.8078125 0.05390625 0.12421875
0 0.7234375 0.40078125 0.05859375 0.090625
0 0.36953125 0.534375 0.05390625 0.0734375
0 0.33671875 0.790625 0.05234375 0.10859375
0 0.3671875 0.75859375 0.05546875 0.1015625
0 0.76015625 0.6703125 0.08984375 0.11484375
0 0.25390625 0.9296875 0.05 0.1
0 0.03984375 0.66875 0.040625 0.06796875
0 0.37109375 0.265625 0.0515625 0.0796875
0 0.78984375 0.046875 0.06796875 0.0859375
0 0.51328125 0.56328125 0.0640625 0.0609375
0 0.096875 0.8421875 0.04140625 0.08125
0 0.95703125 0.65625 0.06640625 0.1140625
0 0.24140625 0.55 0.06171875 0.08671875
0 0.190625 0.35625 0.0796875 0.08125
0 0.2984375 0.32421875 0.03984375 0.07890625
0 0.53359375 0.89453125 0.10390625 0.0875
0 0.6390625 0.73671875 0.05 0.10546875
0 0.59765625 0.74609375 0.04375 0.11015625
0 0.7640625 0.309375 0.09453125 0.09765625