0 0.7 0.4859375 0.053125 0.11796875
0 0.7015625 0.2984375 0.05078125 0.12578125
0 0.7671875 0.42421875 0.05546875 0.14921875
0 0.871875 0.16328125 0.0578125 0.1
0 0.28828125 0.86796875 0.05625 0.1109375
0 0.77578125 0.1390625 0.03984375 0.07890625
0 0.78828125 0.03515625 0.04453125 0.06953125
0 0.959375 0.1296875 0.04765625 0.10390625
0 0.309375 0.771875 0.08671875 0.1234375
0 0.86484375 0.05078125 0.08125 0.0984375
0 0.81640625 0.86484375 0.05390625 0.0796875
0 0.61640625 0.84609375 0.04296875 0.12265625
0 0.90625 0.90625 0.04921875 0.121875