0 0.0671875 0.39765625 0.09921875 0.0921875
0 0.24609375 0.52578125 0.1015625 0.121875
0 0.15625 0.1703125 0.0859375 0.109375
0 0.3828125 0.40078125 0.08671875 0.1015625
0 0.2265625 0.78046875 0.11953125 0.11328125
0 0.25625 0.24609375 0.10546875 0.11328125
0 0.4125 0.48828125 0.1078125 0.1140625
0 0.4546875 0.81953125 0.09921875 0.1046875
0 0.11875 0.25546875 0.08828125 0.128125
0 0.59921875 0.68828125 0.12265625 0.10859375
0 0.87890625 0.34453125 0.0953125 0.1390625
0 0.678125 0.88515625 0.08671875 0.12734375
0 0.21328125 0.9171875 0.065625 0.13515625
0 0.0890625 0.525 0.0671875 0.13046875
0 0.434375 0.63046875 0.10234375 0.09296875
0 0.334375 0.59375 0.08359375 0.1421875
0 0.821875 0.24921875 0.084375 0.1078125
0 0.29296875 0.32578125 0.08984375 0.1328125
0 0.14140625 0.0515625 0.0609375 0.103125
0 0.8421875 0.6359375 0.09296875 0.1171875
0 0.0328125 0.55625 0.065625 0.1171875
0 0.7640625 0.7609375 0.1171875 0.10390625
0 0.31015625 0.10234375 0.10234375 0.096875
0 0.6609375 0.36953125 0.10546875 0.10625
0 0.7515625 0.2109375 0.09765625 0.08984375
0 0.5359375 0.57578125 0.08046875 0.1015625
0 0.88203125 0.121875 0.10390625 0.1296875
0 0.9625 0.40390625 0.075 0.1734375
0 0.7921875 0.05 0.08671875 0.09921875
0 0.50859375 0.27734375 0.084375 0.11484375
0 0.703125 0.10234375 0.06875 0.12421875
0 0.73125 0.40625 0.08046875 0.134375
0 0.48515625 0.89921875 0.090625 0.10078125
0 0.32578125 0.946875 0.09375 0.1046875
0 0.88515625 0.740625 0.1078125 0.109375
0 0.2875 0.03984375 0.10625 0.0796875
0 0.584375 0.42265625 0.0875 0.0953125
0 0.73359375 0.2984375 0.07109375 0.109375
0 0.02578125 0.1140625 0.0515625 0.165625
0 0.5328125 0.49921875 0.0765625 0.09453125
0 0.853125 0.4953125 0.07734375 0.10546875
0 0.6703125 0.025 0.065625 0.05
0 0.98125 0.1796875 0.0375 0.15
0 0.91328125 0.95390625 0.1125 0.0859375
0 0.58203125 0.9609375 0.1234375 0.078125
0 0.9484375 0.1828125 0.059375 0.1140625
0 0.07578125 0.02265625 0.0734375 0.04453125
0 0.40859375 0.7171875 0.0953125 0.115625
0 0.76875 0.84609375 0.07109375 0.1171875
0 0.759375 0.94140625 0.065625 0.1171875
0 0.840625 0.8421875 0.059375 0.10234375
0 0.9046875 0.846875 0.078125 0.10546875
0 0.65078125 0.55 0.0859375 0.11875
0 0.8 0.48125 0.059375 0.15
0 0.7484375 0.54453125 0.08125 0.1109375
0 0.73984375 0.47265625 0.0796875 0.0921875
0 0.43828125 0.24609375 0.07265625 0.1296875
0 0.46484375 0.3234375 0.1078125 0.1
0 0.45625 0.39453125 0.06171875 0.1171875
0 0.3796875 0.08125 0.08203125 0.11796875
0 0.48984375 0.06328125 0.07109375 0.12265625
0 0.425 0.17421875 0.0625 0.10234375
0 0.46484375 0.15625 0.05859375 0.11015625
0 0.5203125 0.13359375 0.06328125 0.15546875
0 0.57421875 0.13203125 0.06484375 0.16171875
0 0.63515625 0.15859375 0.07578125 0.0921875
0 0.63203125 0.24765625 0.0859375 0.13515625
0 0.665625 0.2953125 0.06015625 0.10546875
0 0.28984375 0.63671875 0.13515625 0.1171875
0 0.27265625 0.70390625 0.06171875 0.12578125
0 0.828125 0.9546875 0.07734375 0.090625
0 0.825 0.90390625 0.08359375 0.0796875