0 0.20859375 0.6265625 0.0609375 0.07421875
0 0.13359375 0.5609375 0.04765625 0.07265625
0 0.0453125 0.5890625 0.04921875 0.0796875
0 0.40703125 0.71015625 0.0484375 0.096875
0 0.11875 0.76171875 0.06328125 0.0828125
0 0.27109375 0.79609375 0.04921875 0.109375
0 0.11875 0.61328125 0.05546875 0.06484375
0 0.17578125 0.80625 0.06015625 0.08203125
0 0.0578125 0.74765625 0.04765625 0.09609375
0 0.48359375 0.6703125 0.04453125 0.090625
0 0.73125 0.721875 0.046875 0.09375
0 0.709375 0.77265625 0.065625 0.07265625
0 0.27109375 0.60078125 0.05859375 0.08046875
0 0.0296875 0.6296875 0.05859375 0.07890625
0 0.09609375 0.6859375 0.05625 0.0953125
0 0.33515625 0.6359375 0.0546875 0.0703125
0 0.32421875 0.578125 0.05546875 0.0578125
0 0.24375 0.659375 0.04453125 0.1
0 0.38359375 0.628125 0.04609375 0.07265625
0 0.4140625 0.5890625 0.05078125 0.0875
0 0.30078125 0.73671875 0.05078125 0.1125
0 0.796875 0.7234375 0.07734375 0.078125
0 0.3734375 0.5765625 0.0421875 0.075
0 0.16015625 0.9015625 0.059375 0.1421875
0 0.0453125 0.90234375 0.05390625 0.1046875
0 0.02109375 0.803125 0.0421875 0.090625
0 0.61015625 0.65859375 0.05390625 0.07734375
0 0.428125 0.653125 0.0453125 0.10078125
0 0.021875 0.7046875 0.04375 0.09609375
0 0.22421875 0.7375 0.05078125 0.084375
0 0.91171875 0.8328125 0.0734375 0.11484375
0 0.52421875 0.6203125 0.05859375 0.0984375
0 0.72578125 0.925 0.0640625 0.1046875
0 0.13125 0.92265625 0.06875 0.0953125
0 0.97421875 0.73515625 0.0515625 0.1359375
0 0.0859375 0.56171875 0.0515625 0.08515625
0 0.81953125 0.8078125 0.05234375 0.0875
0 0.228125 0.79765625 0.06015625 0.103125
0 0.8703125 0.7078125 0.0609375 0.07578125
0 0.70234375 0.6578125 0.03671875 0.07578125
0 0.71171875 0.87890625 0.06484375 0.0875
0 0.76875 0.66015625 0.04609375 0.06484375
0 0.59609375 0.7046875 0.0625 0.10390625
0 0.575 0.6203125 0.05078125 0.08671875
0 0.95390625 0.94453125 0.04140625 0.09453125
0 0.7734375 0.84296875 0.06015625 0.11484375
0 0.92890625 0.7078125 0.03671875 0.065625
0 0.6921875 0.70078125 0.02890625 0.06484375
0 0.87265625 0.9484375 0.0859375 0.096875
0 0.909375 0.74453125 0.0578125 0.07109375
0 0.853125 0.70078125 0.028125 0.04453125
0 0.6375 0.6265625 0.03984375 0.07265625
0 0.075 0.6875 0.021875 0.0640625
0 0.8921875 0.9078125 0.071875 0.084375
0 0.4671875 0.75234375 0.05078125 0.0734375