0 0.415625 0.52890625 0.06796875 0.11953125
0 0.54921875 0.64140625 0.0625 0.14140625
0 0.65390625 0.7625 0.07421875 0.1078125
0 0.73125 0.70859375 0.084375 0.125
0 0.8296875 0.659375 0.0859375 0.1140625
0 0.4109375 0.90234375 0.06015625 0.1453125
0 0.959375 0.76171875 0.08046875 0.14765625
0 0.9375 0.578125 0.075 0.15703125
0 0.93125 0.46796875 0.06796875 0.11875
0 0.975 0.45390625 0.04765625 0.10546875
0 0.2359375 0.31328125 0.05859375 0.0921875
0 0.175 0.27109375 0.065625 0.07265625
0 0.128125 0.34609375 0.04609375 0.12578125
0 0.153125 0.17265625 0.05078125 0.1046875
0 0.075 0.17578125 0.05546875 0.1203125
0 0.246875 0.1828125 0.04296875 0.134375
0 0.27734375 0.13671875 0.0390625 0.10625
0 0.32734375 0.10625 0.06015625 0.1078125
0 0.39296875 0.1125 0.04453125 0.1125
0 0.728125 0.090625 0.046875 0.12265625
0 0.83515625 0.05703125 0.0640625 0.1078125
0 0.89453125 0.05703125 0.0546875 0.1140625
0 0.909375 0.125 0.06875 0.10390625
0 0.97734375 0.10625 0.0453125 0.14375
0 0.0546875 0.0484375 0.0515625 0.09609375
0 0.09921875 0.090625 0.059375 0.08984375
0 0.171875 0.03046875 0.0625 0.0609375
0 0.49921875 0.06484375 0.065625 0.08671875
0 0.54375 0.1203125 0.0609375 0.12109375
0 0.590625 0.09453125 0.07109375 0.15625
0 0.18984375 0.953125 0.0546875 0.09375