0 0.3046875 0.365625 0.07578125 0.1703125
0 0.21484375 0.3671875 0.10390625 0.11484375
0 0.88671875 0.20703125 0.05703125 0.15390625
0 0.73203125 0.16640625 0.06015625 0.11953125
0 0.47890625 0.51796875 0.08828125 0.11484375
0 0.41953125 0.41875 0.06328125 0.14609375
0 0.31484375 0.184375 0.05859375 0.12421875
0 0.70234375 0.10078125 0.06484375 0.10234375
0 0.52265625 0.73828125 0.09140625 0.11484375
0 0.10234375 0.23359375 0.09140625 0.1078125
0 0.10703125 0.38515625 0.0984375 0.12734375
0 0.565625 0.06875 0.05703125 0.0984375
0 0.421875 0.20546875 0.0671875 0.1125
0 0.43515625 0.80546875 0.08125 0.11015625
0 0.909375 0.1578125 0.05078125 0.090625
0 0.9734375 0.4203125 0.05234375 0.140625
0 0.3609375 0.76640625 0.065625 0.12421875
0 0.3890625 0.2828125 0.08046875 0.11015625
0 0.3265625 0.6546875 0.06015625 0.15234375
0 0.63125 0.803125 0.075 0.11015625
0 0.275 0.1140625 0.0796875 0.1015625
0 0.25234375 0.7109375 0.06328125 0.146875
0 0.4 0.61171875 0.09609375 0.14609375
0 0.50390625 0.06328125 0.0609375 0.096875
0 0.765625 0.59765625 0.078125 0.125
0 0.70078125 0.63125 0.08359375 0.11328125
0 0.5953125 0.94375 0.08828125 0.09921875
0 0.3421875 0.90234375 0.1015625 0.125
0 0.24375 0.94453125 0.08828125 0.103125
0 0.0453125 0.9359375 0.08828125 0.0859375