0 0.8890625 0.44375 0.1109375 0.1078125
0 0.53828125 0.64140625 0.10078125 0.14375
0 0.2734375 0.30625 0.05625 0.1296875
0 0.23828125 0.1609375 0.06015625 0.1359375
0 0.0546875 0.85859375 0.05390625 0.1234375
0 0.14296875 0.81640625 0.05 0.165625
0 0.28671875 0.0515625 0.05859375 0.0984375
0 0.06328125 0.71796875 0.06015625 0.11796875
0 0.13671875 0.44296875 0.0625 0.109375
0 0.884375 0.6703125 0.08203125 0.16875
0 0.1796875 0.33203125 0.06015625 0.11953125
0 0.14921875 0.26328125 0.0640625 0.109375
0 0.08671875 0.46796875 0.05546875 0.125
0 0.58125 0.93125 0.090625 0.13671875
0 0.56328125 0.803125 0.0578125 0.1453125
0 0.1484375 0.1859375 0.06328125 0.11328125