0 0.36171875 0.146875 0.10859375 0.125
0 0.34609375 0.046875 0.07734375 0.09375
0 0.5765625 0.31484375 0.10078125 0.10859375
0 0.634375 0.7140625 0.090625 0.1390625
0 0.30546875 0.82890625 0.08828125 0.115625
0 0.5796875 0.5515625 0.08046875 0.1421875
0 0.1890625 0.8265625 0.11015625 0.11328125
0 0.709375 0.5515625 0.09453125 0.1140625
0 0.1515625 0.528125 0.08125 0.12578125
0 0.03671875 0.50703125 0.0734375 0.1046875
0 0.534375 0.071875 0.10625 0.1328125
0 0.5375 0.8140625 0.06875 0.15546875
0 0.46953125 0.93046875 0.075 0.13515625
0 0.665625 0.0515625 0.109375 0.103125
0 0.88984375 0.1796875 0.06875 0.2046875
0 0.73671875 0.28125 0.0671875 0.184375
0 0.10390625 0.63984375 0.05859375 0.14453125
0 0.89140625 0.84296875 0.10859375 0.18515625
0 0.72578125 0.8796875 0.0734375 0.18515625
0 0.140625 0.38125 0.078125 0.1484375
0 0.9703125 0.32578125 0.05859375 0.1265625
0 0.43984375 0.5546875 0.078125 0.11640625
0 0.38359375 0.628125 0.08515625 0.165625
0 0.31640625 0.703125 0.0609375 0.165625
0 0.9734375 0.15625 0.0515625 0.21640625
0 0.88125 0.68828125 0.071875 0.1421875
0 0.35234375 0.3015625 0.07109375 0.13203125
0 0.81171875 0.30078125 0.07421875 0.125
0 0.4125 0.40390625 0.11171875 0.140625
0 0.97421875 0.55078125 0.0515625 0.21015625
0 0.771875 0.696875 0.08828125 0.13984375
0 0.92890625 0.35625 0.0578125 0.13046875
0 0.93828125 0.66640625 0.06328125 0.20234375
0 0.23046875 0.359375 0.0703125 0.16484375
0 0.2453125 0.51953125 0.0875 0.13828125
0 0.3421875 0.52890625 0.08125 0.1484375
0 0.690625 0.390625 0.1 0.12265625
0 0.78046875 0.51328125 0.06484375 0.16796875
0 0.86953125 0.57265625 0.1140625 0.1453125