0 0.68046875 0.68984375 0.0515625 0.15234375
0 0.72734375 0.68671875 0.0546875 0.140625
0 0.8546875 0.6671875 0.0484375 0.15234375
0 0.71484375 0.478125 0.04375 0.13671875
0 0.2625 0.89765625 0.0640625 0.18125
0 0.31640625 0.8328125 0.05625 0.17109375
0 0.11015625 0.8703125 0.075 0.1640625
0 0.5078125 0.72734375 0.06640625 0.1171875
0 0.66875 0.46171875 0.05078125 0.13671875
0 0.19296875 0.91171875 0.075 0.140625
0 0.39453125 0.8015625 0.06875 0.14140625
0 0.17578125 0.76015625 0.0625 0.18125
0 0.196875 0.5421875 0.06328125 0.1703125
0 0.71015625 0.3046875 0.04921875 0.12578125
0 0.61171875 0.62421875 0.06796875 0.10234375
0 0.934375 0.4828125 0.05390625 0.0984375
0 0.5609375 0.57734375 0.065625 0.140625
0 0.403125 0.609375 0.05 0.1640625
0 0.83828125 0.41953125 0.05625 0.1125
0 0.1046875 0.57109375 0.065625 0.16796875
0 0.29453125 0.5484375 0.0625 0.14453125
0 0.9359375 0.634375 0.07421875 0.1
0 0.64453125 0.3609375 0.0421875 0.16015625
0 0.51328125 0.58203125 0.06953125 0.09609375
0 0.6125 0.38984375 0.040625 0.1703125
0 0.596875 0.0453125 0.05625 0.090625
0 0.44921875 0.65703125 0.06640625 0.11875
0 0.5828125 0.3703125 0.0421875 0.153125
0 0.40390625 0.4640625 0.06328125 0.11171875
0 0.5953125 0.25390625 0.046875 0.1125
0 0.375 0.68671875 0.08359375 0.1
0 0.53046875 0.0875 0.0609375 0.1
0 0.30703125 0.4171875 0.0703125 0.1421875
0 0.55859375 0.465625 0.06484375 0.09375
0 0.390625 0.3875 0.0671875 0.1265625
0 0.55234375 0.365625 0.046875 0.12109375
0 0.72109375 0.059375 0.06328125 0.11015625
0 0.19296875 0.4046875 0.071875 0.10234375
0 0.03515625 0.43984375 0.0703125 0.1265625
0 0.559375 0.1640625 0.0578125 0.09296875
0 0.42421875 0.1796875 0.04921875 0.08203125
0 0.4484375 0.55546875 0.05234375 0.103125
0 0.746875 0.184375 0.04453125 0.13359375
0 0.040625 0.19609375 0.0765625 0.11640625
0 0.134375 0.38984375 0.04453125 0.14375
0 0.09140625 0.1140625 0.06015625 0.2234375
0 0.50078125 0.0359375 0.05234375 0.0703125
0 0.21328125 0.33203125 0.07421875 0.07890625
0 0.75390625 0.04921875 0.04921875 0.09765625
0 0.134375 0.15703125 0.0625 0.2015625
0 0.77109375 0.3078125 0.0484375 0.10078125
0 0.65078125 0.01484375 0.02265625 0.02890625
0 0.3796875 0.246875 0.07578125 0.1203125
0 0.78671875 0.07734375 0.0578125 0.084375
0 0.4984375 0.3875 0.04453125 0.115625
0 0.196875 0.21171875 0.09375 0.1046875
0 0.4484375 0.3765625 0.05546875 0.09296875
0 0.8296875 0.3015625 0.02734375 0.07890625