0 0.23203125 0.36640625 0.0671875 0.13046875
0 0.2734375 0.671875 0.06328125 0.1484375
0 0.075 0.4125 0.0734375 0.15546875
0 0.83359375 0.36171875 0.0703125 0.12265625
0 0.45546875 0.60078125 0.075 0.128125
0 0.64765625 0.70703125 0.0890625 0.12265625
0 0.71015625 0.32265625 0.071875 0.09453125
0 0.965625 0.85546875 0.059375 0.1515625
0 0.9765625 0.62421875 0.046875 0.15859375
0 0.22578125 0.1359375 0.0703125 0.15078125
0 0.14375 0.078125 0.0578125 0.1375
0 0.16953125 0.86328125 0.084375 0.14296875
0 0.9515625 0.19140625 0.0703125 0.0921875
0 0.9328125 0.0921875 0.071875 0.08125
0 0.0671875 0.078125 0.09140625 0.10859375
0 0.21015625 0.05078125 0.0703125 0.08984375
0 0.2859375 0.10703125 0.05234375 0.15859375
0 0.85625 0.22109375 0.07421875 0.12734375
0 0.44140625 0.2046875 0.05234375 0.140625
0 0.5765625 0.13203125 0.059375 0.165625
0 0.365625 0.2078125 0.0578125 0.1296875
0 0.51484375 0.23515625 0.05234375 0.13515625
0 0.64375 0.13515625 0.0734375 0.11015625
0 0.334375 0.9515625 0.0796875 0.09375
0 0.3359375 0.86484375 0.09453125 0.12578125
0 0.490625 0.13359375 0.07578125 0.1046875
0 0.709375 0.140625 0.075 0.1078125
0 0.53515625 0.0890625 0.05234375 0.1078125
0 0.76640625 0.15703125 0.05390625 0.10078125
0 0.0359375 0.9046875 0.06796875 0.0921875
0 0.253125 0.8890625 0.08203125 0.1375
0 0.38515625 0.16328125 0.0859375 0.0890625
0 0.02734375 0.96953125 0.05390625 0.0609375
0 0.82734375 0.17421875 0.05625 0.09296875
0 0.85390625 0.12734375 0.03984375 0.10078125
0 0.73203125 0.090625 0.0484375 0.09375
0 0.859375 0.06953125 0.04375 0.06484375
0 0.09609375 0.753125 0.0609375 0.1625