0 0.590625 0.15546875 0.06796875 0.14453125
0 0.678125 0.67109375 0.0515625 0.08671875
0 0.721875 0.42890625 0.053125 0.12265625
0 0.84453125 0.87578125 0.06015625 0.134375
0 0.88046875 0.59296875 0.04609375 0.13046875
0 0.7296875 0.7625 0.0546875 0.1203125
0 0.82890625 0.73125 0.0640625 0.125
0 0.1359375 0.70234375 0.0625 0.15390625
0 0.67890625 0.83671875 0.05234375 0.11640625
0 0.58671875 0.871875 0.05703125 0.13828125
0 0.7203125 0.5828125 0.053125 0.115625
0 0.93828125 0.8921875 0.06875 0.10859375
0 0.5171875 0.93671875 0.06640625 0.115625
0 0.2140625 0.9453125 0.08125 0.1078125
0 0.0625 0.765625 0.05859375 0.15859375
0 0.77265625 0.5703125 0.046875 0.16875
0 0.934375 0.58203125 0.03984375 0.13671875
0 0.9625 0.659375 0.0421875 0.11953125
0 0.3171875 0.940625 0.0875 0.109375