0 0.6265625 0.27890625 0.09765625 0.140625
0 0.4828125 0.303125 0.11484375 0.13515625
0 0.35703125 0.2734375 0.09609375 0.15078125
0 0.271875 0.3265625 0.08359375 0.1640625
0 0.2890625 0.1375 0.1015625 0.13125
0 0.84296875 0.0921875 0.07421875 0.1703125
0 0.9390625 0.346875 0.0875 0.1390625
0 0.853125 0.45625 0.07578125 0.1703125
0 0.11171875 0.3171875 0.1015625 0.12421875
0 0.17734375 0.20390625 0.0859375 0.13671875
0 0.1859375 0.740625 0.109375 0.12265625
0 0.28046875 0.8953125 0.09296875 0.15078125
0 0.19296875 0.93359375 0.08046875 0.12265625
0 0.815625 0.74375 0.0640625 0.1578125
0 0.521875 0.84140625 0.109375 0.09375