0 0.24375 0.6359375 0.0765625 0.115625
0 0.1703125 0.684375 0.0875 0.115625
0 0.425 0.64140625 0.05859375 0.13125
0 0.4125 0.7734375 0.0734375 0.09375
0 0.68125 0.76171875 0.08359375 0.0984375
0 0.2734375 0.75625 0.07109375 0.1171875
0 0.4953125 0.67109375 0.0921875 0.09765625
0 0.1109375 0.8125 0.07265625 0.115625
0 0.775 0.77265625 0.06640625 0.08359375
0 0.52734375 0.828125 0.07265625 0.0984375
0 0.20234375 0.84765625 0.06796875 0.109375
0 0.04453125 0.4359375 0.0640625 0.10625
0 0.78046875 0.88203125 0.0875 0.1015625
0 0.8171875 0.478125 0.053125 0.1296875
0 0.3015625 0.85 0.059375 0.10546875
0 0.3890625 0.8609375 0.05546875 0.09765625
0 0.44765625 0.8890625 0.06328125 0.0671875
0 0.9421875 0.04375 0.0625 0.075