0 0.05625 0.778125 0.04609375 0.07890625
0 0.015625 0.75703125 0.03125 0.0765625
0 0.0203125 0.8203125 0.040625 0.0671875
0 0.02578125 0.87890625 0.0515625 0.0609375
0 0.08203125 0.88828125 0.0515625 0.0703125
0 0.05 0.9265625 0.03828125 0.065625
0 0.02109375 0.94609375 0.03984375 0.05703125
0 0.1015625 0.8 0.0359375 0.06171875
0 0.0734375 0.73046875 0.0421875 0.06484375
0 0.1828125 0.934375 0.05078125 0.0796875
0 0.1390625 0.8546875 0.0328125 0.05390625
0 0.17734375 0.84765625 0.0265625 0.0625
0 0.21015625 0.86640625 0.0359375 0.05546875
0 0.29140625 0.8421875 0.05546875 0.084375
0 0.1734375 0.8 0.05390625 0.0546875
0 0.1234375 0.75078125 0.04453125 0.07890625