0 0.4765625 0.034375 0.071875 0.06875
0 0.5828125 0.1875 0.08046875 0.09296875
0 0.840625 0.103125 0.06484375 0.0875
0 0.9765625 0.040625 0.046875 0.08125
0 0.98203125 0.1703125 0.0359375 0.07890625
0 0.9078125 0.1703125 0.06796875 0.08359375
0 0.83125 0.19296875 0.06796875 0.0671875
0 0.3828125 0.2375 0.046875 0.103125
0 0.93671875 0.51875 0.06171875 0.128125
0 0.4265625 0.228125 0.05390625 0.10703125
0 0.1640625 0.65546875 0.07265625 0.0953125
0 0.553125 0.41015625 0.0859375 0.1203125
0 0.6859375 0.3125 0.06953125 0.07578125
0 0.98203125 0.65703125 0.0359375 0.1453125
0 0.19765625 0.2703125 0.059375 0.10546875
0 0.85703125 0.5203125 0.08046875 0.11328125
0 0.5125 0.55390625 0.06953125 0.1265625
0 0.0171875 0.70234375 0.034375 0.090625
0 0.084375 0.5703125 0.0734375 0.11015625
0 0.77265625 0.45078125 0.04765625 0.10078125
0 0.73125 0.4484375 0.03515625 0.08515625
0 0.57734375 0.49296875 0.05390625 0.1046875
0 0.440625 0.54453125 0.05625 0.134375
0 0.9421875 0.4296875 0.0765625 0.084375
0 0.4609375 0.665625 0.09296875 0.09765625
0 0.02421875 0.5890625 0.0484375 0.084375
0 0.0734375 0.4890625 0.0515625 0.0875
0 0.0234375 0.33671875 0.046875 0.0859375
0 0.3203125 0.43203125 0.05234375 0.13203125
0 0.25625 0.371875 0.0859375 0.15625
0 0.834375 0.365625 0.0375 0.0796875
0 0.49609375 0.43125 0.0625 0.11875
0 0.78046875 0.596875 0.05390625 0.1609375
0 0.3859375 0.475 0.05546875 0.09375
0 0.39296875 0.53359375 0.06953125 0.11640625