0 0.52109375 0.3796875 0.0828125 0.13359375
0 0.71953125 0.196875 0.1 0.12890625
0 0.1859375 0.26015625 0.07265625 0.08984375
0 0.57890625 0.78828125 0.09296875 0.096875
0 0.2046875 0.8421875 0.07578125 0.13125
0 0.04453125 0.91875 0.06875 0.1015625
0 0.22890625 0.68984375 0.07109375 0.1453125
0 0.090625 0.77265625 0.06484375 0.10546875
0 0.278125 0.59140625 0.08203125 0.09921875
0 0.47578125 0.9328125 0.059375 0.13359375
0 0.06875 0.825 0.071875 0.0984375
0 0.77578125 0.684375 0.0828125 0.12109375
0 0.11015625 0.5296875 0.08203125 0.121875
0 0.86875 0.8296875 0.06171875 0.1625
0 0.5125 0.709375 0.0921875 0.14140625
0 0.86953125 0.69453125 0.05546875 0.14375
0 0.63515625 0.6375 0.09765625 0.09765625
0 0.33671875 0.47265625 0.078125 0.13671875
0 0.65234375 0.075 0.05546875 0.146875
0 0.715625 0.05625 0.075 0.1125