0 0.415625 0.56875 0.08515625 0.08203125
0 0.25 0.7078125 0.09375 0.090625
0 0.76796875 0.54609375 0.07109375 0.11484375
0 0.6328125 0.65546875 0.0578125 0.11015625
0 0.69296875 0.5671875 0.0609375 0.140625
0 0.35625 0.78828125 0.0625 0.08203125
0 0.96171875 0.67109375 0.05859375 0.1328125
0 0.384375 0.21953125 0.0640625 0.084375
0 0.56875 0.71171875 0.07421875 0.1078125
0 0.8890625 0.6734375 0.05546875 0.1625
0 0.52734375 0.7703125 0.0453125 0.0984375
0 0.74921875 0.4734375 0.0640625 0.1421875
0 0.959375 0.7828125 0.0640625 0.09140625
0 0.1015625 0.77265625 0.05 0.08828125
0 0.25234375 0.9703125 0.08671875 0.059375
0 0.71171875 0.92890625 0.090625 0.11796875
0 0.603125 0.92890625 0.07734375 0.08671875
0 0.23515625 0.778125 0.07890625 0.09140625
0 0.803125 0.8703125 0.06875 0.121875
0 0.42265625 0.82734375 0.07265625 0.14140625