0 0.44921875 0.40703125 0.14609375 0.1234375
0 0.16328125 0.5109375 0.0921875 0.1234375
0 0.11640625 0.396875 0.07421875 0.18125
0 0.23125 0.228125 0.115625 0.10703125
0 0.29921875 0.1546875 0.10546875 0.11328125
0 0.13671875 0.73125 0.08359375 0.16171875
0 0.16640625 0.15078125 0.09296875 0.1203125
0 0.61015625 0.49140625 0.125 0.10859375
0 0.765625 0.696875 0.125 0.10625
0 0.5984375 0.25546875 0.10078125 0.09453125
0 0.54296875 0.1234375 0.1140625 0.12578125
0 0.67734375 0.74765625 0.11015625 0.12421875
0 0.7578125 0.1640625 0.125 0.1125
0 0.49765625 0.59453125 0.11015625 0.13203125
0 0.6359375 0.13515625 0.09765625 0.1171875
0 0.5875 0.3515625 0.109375 0.10078125
0 0.253125 0.7296875 0.08515625 0.19140625
0 0.69609375 0.275 0.0984375 0.1328125
0 0.8765625 0.6 0.084375 0.190625
0 0.4390625 0.64296875 0.0828125 0.15625
0 0.7625 0.53828125 0.1046875 0.1578125
0 0.5484375 0.7609375 0.08671875 0.16328125
0 0.93671875 0.64921875 0.06484375 0.19921875
0 0.06484375 0.8796875 0.10859375 0.14453125
0 0.65703125 0.39765625 0.0765625 0.1390625
0 0.80546875 0.09296875 0.09765625 0.12890625
0 0.71640625 0.05546875 0.08671875 0.1109375
0 0.39765625 0.784375 0.06875 0.16015625
0 0.15 0.884375 0.0765625 0.1390625
0 0.603125 0.86953125 0.0921875 0.14296875
0 0.8609375 0.8375 0.10390625 0.1171875