0 0.2125 0.7265625 0.0859375 0.11953125
0 0.47890625 0.74765625 0.05703125 0.11484375
0 0.5671875 0.7953125 0.05078125 0.1265625
0 0.3203125 0.81640625 0.0703125 0.109375
0 0.10859375 0.8203125 0.075 0.08984375
0 0.184375 0.60078125 0.07421875 0.090625
0 0.02734375 0.68125 0.0546875 0.0921875
0 0.503125 0.89765625 0.05234375 0.09921875
0 0.6609375 0.8578125 0.06015625 0.08984375
0 0.28984375 0.940625 0.07421875 0.09375
0 0.64921875 0.95390625 0.0484375 0.08671875
0 0.7671875 0.8703125 0.0375 0.11484375
0 0.80546875 0.95 0.05625 0.0875
0 0.95859375 0.9078125 0.04140625 0.1265625
0 0.7875 0.596875 0.05546875 0.0890625
0 0.390625 0.47578125 0.04921875 0.0609375
0 0.90625 0.30859375 0.046875 0.0859375