0 0.71640625 0.14453125 0.06796875 0.15859375
0 0.77421875 0.34921875 0.0796875 0.15078125
0 0.68359375 0.37109375 0.07890625 0.1171875
0 0.39765625 0.38046875 0.08671875 0.10390625
0 0.546875 0.50234375 0.07734375 0.128125
0 0.2953125 0.109375 0.059375 0.16171875
0 0.13671875 0.0578125 0.04765625 0.115625
0 0.7859375 0.53046875 0.07734375 0.1234375
0 0.11953125 0.19453125 0.04765625 0.14140625
0 0.2546875 0.73125 0.0625 0.10234375
0 0.0703125 0.0625 0.04921875 0.12109375
0 0.03984375 0.13125 0.04375 0.12421875
0 0.30625 0.346875 0.05546875 0.128125
0 0.1546875 0.68046875 0.0640625 0.09140625
0 0.6046875 0.90078125 0.06796875 0.14609375
0 0.609375 0.65546875 0.08046875 0.15078125
0 0.46875 0.871875 0.05625 0.1484375
0 0.14453125 0.9328125 0.0609375 0.125
0 0.5046875 0.7453125 0.06484375 0.17578125
0 0.97265625 0.8703125 0.0546875 0.13125
0 0.353125 0.9546875 0.06484375 0.08125
0 0.05859375 0.4546875 0.05 0.084375
0 0.31484375 0.9015625 0.0640625 0.128125
0 0.1203125 0.60859375 0.0484375 0.128125
0 0.4375 0.62734375 0.06875 0.10390625
0 0.34453125 0.75234375 0.05625 0.10703125
0 0.42421875 0.8703125 0.0515625 0.14375
0 0.74921875 0.92890625 0.0609375 0.1359375
0 0.05078125 0.57109375 0.05 0.153125
0 0.10625 0.35078125 0.0609375 0.075
0 0.0234375 0.56640625 0.0453125 0.15625
0 0.8625 0.80625 0.08203125 0.1078125
0 0.28046875 0.8625 0.0703125 0.1046875
0 0.903125 0.96953125 0.0859375 0.059375
0 0.8296875 0.86796875 0.05234375 0.16171875
0 0.79453125 0.64765625 0.0703125 0.1109375
0 0.6890625 0.80234375 0.07890625 0.13515625
0 0.265625 0.64296875 0.05703125 0.12265625
0 0.31796875 0.6484375 0.0546875 0.1
0 0.40078125 0.48359375 0.0484375 0.10390625
0 0.1390625 0.48125 0.0515625 0.1046875
0 0.0578125 0.29609375 0.040625 0.103125