0 0.58046875 0.10546875 0.096875 0.17734375
0 0.771875 0.1421875 0.0921875 0.19375
0 0.13125 0.1484375 0.07890625 0.1515625
0 0.7203125 0.703125 0.09453125 0.18671875
0 0.43984375 0.20625 0.10234375 0.1140625
0 0.45390625 0.065625 0.07890625 0.128125
0 0.10625 0.77578125 0.06328125 0.15625
0 0.96171875 0.6421875 0.07578125 0.1796875
0 0.52265625 0.33671875 0.07421875 0.10625
0 0.16328125 0.27421875 0.0890625 0.10625
0 0.70078125 0.334375 0.06640625 0.09765625
0 0.04765625 0.578125 0.071875 0.178125
0 0.853125 0.7453125 0.08984375 0.1625
0 0.0359375 0.80703125 0.071875 0.1109375
0 0.7046875 0.51875 0.11015625 0.10703125
0 0.42890625 0.51484375 0.07890625 0.18828125
0 0.4265625 0.31953125 0.10625 0.11328125
0 0.440625 0.8421875 0.084375 0.16484375
0 0.16640625 0.540625 0.07578125 0.140625
0 0.1515625 0.3859375 0.08046875 0.11484375
0 0.89453125 0.5640625 0.10703125 0.1359375
0 0.31171875 0.82890625 0.12265625 0.13984375
0 0.22265625 0.6578125 0.09609375 0.16171875
0 0.38046875 0.80078125 0.06953125 0.2078125
0 0.31015625 0.67578125 0.1203125 0.121875
0 0.925 0.33515625 0.0796875 0.12578125
0 0.0734375 0.2875 0.08125 0.13125
0 0.3625 0.50625 0.0625 0.16640625
0 0.3453125 0.2859375 0.08203125 0.1359375
0 0.2296875 0.49375 0.075 0.14453125