0 0.3453125 0.4171875 0.11875 0.09765625
0 0.940625 0.37890625 0.11875 0.1234375
0 0.490625 0.51484375 0.12890625 0.12890625
0 0.659375 0.72734375 0.12109375 0.13671875
0 0.796875 0.8234375 0.09453125 0.11796875
0 0.73359375 0.90078125 0.103125 0.10234375
0 0.86015625 0.1296875 0.09375 0.16953125
0 0.66640625 0.0515625 0.1015625 0.103125
0 0.928125 0.83125 0.08125 0.14921875
0 0.16484375 0.7796875 0.090625 0.08984375
0 0.4375 0.040625 0.09375 0.08046875
0 0.7953125 0.0828125 0.10078125 0.13125
0 0.1015625 0.6921875 0.06171875 0.1734375
0 0.4625 0.884375 0.09609375 0.1140625
0 0.8390625 0.95625 0.09140625 0.08125
0 0.45546875 0.82890625 0.08046875 0.09375