0 0.29921875 0.39375 0.08828125 0.11640625
0 0.1484375 0.6484375 0.09765625 0.11328125
0 0.146875 0.265625 0.08671875 0.06796875
0 0.72578125 0.42578125 0.08984375 0.08359375
0 0.54609375 0.43125 0.09140625 0.08671875
0 0.39375 0.6390625 0.1078125 0.1078125
0 0.4484375 0.50625 0.0671875 0.0796875
0 0.73515625 0.896875 0.06796875 0.0921875
0 0.82421875 0.6671875 0.08984375 0.08203125
0 0.3671875 0.84375 0.05859375 0.11875
0 0.3578125 0.571875 0.08515625 0.090625
0 0.64765625 0.696875 0.09140625 0.08671875
0 0.546875 0.77734375 0.090625 0.09921875
0 0.0734375 0.59375 0.096875 0.14921875
0 0.9703125 0.5984375 0.059375 0.159375
0 0.87421875 0.06328125 0.0703125 0.08984375
0 0.09453125 0.49921875 0.078125 0.08828125
0 0.23203125 0.76484375 0.09296875 0.0859375
0 0.31328125 0.9 0.06796875 0.14375
0 0.2453125 0.878125 0.075 0.05703125
0 0.2453125 0.665625 0.0921875 0.1171875
0 0.66328125 0.51484375 0.0484375 0.0859375
0 0.77734375 0.0515625 0.04921875 0.103125
0 0.03359375 0.81328125 0.06640625 0.10078125
0 0.12578125 0.93046875 0.0734375 0.1046875
0 0.45859375 0.915625 0.07734375 0.121875
0 0.66171875 0.821875 0.0734375 0.1
0 0.7265625 0.80859375 0.075 0.0953125
0 0.9265625 0.92734375 0.096875 0.0828125
0 0.16484375 0.8109375 0.08671875 0.096875