0 0.49375 0.61015625 0.0484375 0.08828125
0 0.28203125 0.73046875 0.06328125 0.1078125
0 0.128125 0.796875 0.06015625 0.0859375
0 0.396875 0.76484375 0.053125 0.1015625
0 0.190625 0.83203125 0.071875 0.078125
0 0.58359375 0.85390625 0.05 0.08671875
0 0.69375 0.7265625 0.04296875 0.0734375
0 0.66484375 0.9046875 0.05390625 0.1140625
0 0.76796875 0.7953125 0.059375 0.10546875
0 0.48671875 0.83125 0.04375 0.08359375
0 0.30859375 0.57734375 0.05859375 0.06953125
0 0.70859375 0.85546875 0.0796875 0.09296875
0 0.87578125 0.81171875 0.0609375 0.10234375
0 0.42109375 0.71796875 0.04140625 0.0796875
0 0.0296875 0.94375 0.059375 0.1046875
0 0.0703125 0.68125 0.0359375 0.07109375
0 0.2125 0.67890625 0.05 0.10625
0 0.809375 0.8609375 0.059375 0.08203125
0 0.8296875 0.82734375 0.05546875 0.08984375
0 0.0234375 0.70078125 0.0453125 0.10546875
0 0.97890625 0.78046875 0.0421875 0.09296875
0 0.53515625 0.746875 0.0609375 0.07890625
0 0.73125 0.65625 0.05703125 0.0921875
0 0.47265625 0.70859375 0.03984375 0.10390625
0 0.178125 0.67734375 0.040625 0.10546875
0 0.1125 0.68046875 0.0640625 0.09375
0 0.4265625 0.95234375 0.0734375 0.0953125