0 0.4125 0.48125 0.0765625 0.09765625
0 0.4828125 0.78828125 0.053125 0.1078125
0 0.50546875 0.88125 0.07265625 0.09375
0 0.5953125 0.7875 0.0703125 0.1421875
0 0.3578125 0.76875 0.05703125 0.12109375
0 0.26875 0.93046875 0.0640625 0.1109375
0 0.66640625 0.71328125 0.0546875 0.140625
0 0.453125 0.74921875 0.071875 0.0859375
0 0.34609375 0.85625 0.06484375 0.0796875
0 0.39296875 0.6984375 0.05546875 0.08671875
0 0.23984375 0.81875 0.0640625 0.10234375
0 0.03203125 0.94453125 0.0453125 0.1109375
0 0.6640625 0.3984375 0.08046875 0.11171875
0 0.19375 0.73984375 0.046875 0.07109375
0 0.1984375 0.52109375 0.05859375 0.09375
0 0.9359375 0.67109375 0.0609375 0.171875
0 0.1140625 0.77109375 0.05 0.06484375
0 0.209375 0.3828125 0.0671875 0.0765625
0 0.1921875 0.4453125 0.071875 0.07890625
0 0.2421875 0.578125 0.0546875 0.10703125
0 0.21015625 0.56875 0.05859375 0.08046875
0 0.85078125 0.58125 0.0765625 0.178125
0 0.6046875 0.42421875 0.07109375 0.1203125
0 0.9078125 0.596875 0.059375 0.12109375