0 0.79375 0.79453125 0.07109375 0.0890625
0 0.72578125 0.80546875 0.0671875 0.10625
0 0.93125 0.7328125 0.04765625 0.078125
0 0.6578125 0.95078125 0.0578125 0.0796875
0 0.94375 0.8890625 0.075 0.1125
0 0.33359375 0.70625 0.0609375 0.07890625
0 0.1328125 0.7828125 0.05390625 0.096875
0 0.5921875 0.753125 0.06640625 0.08515625
0 0.23984375 0.809375 0.07265625 0.08984375
0 0.81171875 0.68828125 0.05 0.06484375
0 0.88125 0.821875 0.053125 0.0984375
0 0.72578125 0.71953125 0.05 0.08671875
0 0.94140625 0.80859375 0.059375 0.07109375
0 0.5890625 0.846875 0.04609375 0.08828125
0 0.771875 0.7109375 0.05546875 0.08671875
0 0.85078125 0.6890625 0.04609375 0.08828125
0 0.60234375 0.6640625 0.0453125 0.06328125
0 0.20390625 0.7734375 0.06953125 0.0828125
0 0.2203125 0.934375 0.0578125 0.12109375
0 0.38515625 0.73359375 0.0515625 0.1171875
0 0.3484375 0.92734375 0.0734375 0.12421875
0 0.05390625 0.6265625 0.05390625 0.07109375
0 0.884375 0.7125 0.05 0.084375
0 0.55 0.665625 0.046875 0.0796875
0 0.29609375 0.7546875 0.0515625 0.09765625
0 0.871875 0.7453125 0.0515625 0.07421875
0 0.61015625 0.5984375 0.0484375 0.09375
0 0.24453125 0.5859375 0.06015625 0.07421875
0 0.41484375 0.6140625 0.0671875 0.1015625
0 0.5125 0.690625 0.0453125 0.0796875
0 0.0796875 0.78046875 0.053125 0.0828125
0 0.3171875 0.81640625 0.06953125 0.09140625
0 0.57109375 0.61328125 0.03984375 0.07734375
0 0.86875 0.96171875 0.075 0.0765625
0 0.02421875 0.71171875 0.03828125 0.05546875
0 0.1171875 0.55390625 0.0484375 0.06875
0 0.69765625 0.7015625 0.03203125 0.0734375
0 0.98125 0.778125 0.0375 0.065625
0 0.4828125 0.6828125 0.0515625 0.07734375
0 0.7390625 0.65703125 0.0796875 0.1015625
0 0.24609375 0.72578125 0.05703125 0.0875
0 0.3078125 0.590625 0.06796875 0.0734375
0 0.490625 0.62265625 0.04453125 0.06328125
0 0.36015625 0.659375 0.046875 0.0703125
0 0.31640625 0.6359375 0.0640625 0.0703125
0 0.10625 0.68671875 0.0484375 0.08671875
0 0.98125 0.709375 0.0375 0.06015625
0 0.04453125 0.53515625 0.06015625 0.071875
0 0.4125 0.784375 0.046875 0.08515625
0 0.4609375 0.95703125 0.053125 0.0859375
0 0.15625 0.73203125 0.05 0.0875
0 0.19296875 0.5625 0.04921875 0.096875
0 0.4046875 0.94609375 0.05078125 0.10078125
0 0.14453125 0.5671875 0.04453125 0.0703125
0 0.4796875 0.7703125 0.04921875 0.090625
0 0.2921875 0.90625 0.05390625 0.0984375
0 0.20234375 0.72109375 0.0578125 0.07578125
0 0.12265625 0.9140625 0.05625 0.1015625
0 0.03515625 0.8828125 0.0703125 0.078125
0 0.178125 0.89140625 0.0671875 0.09375
0 0.51328125 0.96015625 0.04140625 0.07734375
0 0.26640625 0.69453125 0.06484375 0.084375
0 0.0265625 0.60078125 0.046875 0.08125
0 0.0625 0.70390625 0.04453125 0.0890625
0 0.165625 0.5421875 0.0453125 0.0734375
0 0.41484375 0.85078125 0.05390625 0.090625
0 0.37890625 0.5828125 0.04453125 0.07578125
0 0.1765625 0.68125 0.0640625 0.09453125
0 0.5765625 0.95234375 0.03046875 0.08203125
0 0.97890625 0.978125 0.0421875 0.0375
0 0.11640625 0.596875 0.03125 0.04375
0 0.0140625 0.54453125 0.028125 0.0765625
0 0.159375 0.6203125 0.0578125 0.0703125
0 0.4765625 0.85234375 0.06875 0.08515625
0 0.9921875 0.86015625 0.015625 0.06171875
0 0.240625 0.553125 0.05234375 0.05625
0 0.70625 0.65 0.03828125 0.07734375
0 0.0453125 0.96796875 0.03984375 0.06171875
0 0.515625 0.778125 0.0484375 0.05078125
0 0.184375 0.51328125 0.02578125 0.04296875
0 0.890625 0.93203125 0.06171875 0.06484375