0 0.80546875 0.4390625 0.08984375 0.12734375
0 0.53203125 0.62578125 0.0640625 0.13046875
0 0.459375 0.69296875 0.071875 0.13203125
0 0.03984375 0.665625 0.0796875 0.09921875
0 0.5421875 0.809375 0.053125 0.1
0 0.81484375 0.80859375 0.059375 0.128125
0 0.87578125 0.8375 0.053125 0.0859375
0 0.95703125 0.84375 0.05703125 0.0828125
0 0.71953125 0.821875 0.0953125 0.0859375
0 0.7328125 0.94453125 0.09140625 0.0765625
0 0.146875 0.95078125 0.084375 0.0984375
0 0.2859375 0.94296875 0.04921875 0.10625
0 0.37109375 0.78984375 0.04453125 0.115625
0 0.96796875 0.7375 0.0640625 0.1109375
0 0.05078125 0.85703125 0.075 0.10390625