0 0.35390625 0.1890625 0.08203125 0.146875
0 0.3140625 0.41328125 0.0875 0.109375
0 0.21328125 0.45546875 0.11875 0.12734375
0 0.1671875 0.3859375 0.075 0.07578125
0 0.4234375 0.4140625 0.109375 0.121875
0 0.6 0.37265625 0.065625 0.0703125
0 0.7546875 0.5140625 0.075 0.103125
0 0.7171875 0.25 0.0828125 0.11953125
0 0.11328125 0.109375 0.08046875 0.10703125
0 0.96640625 0.39296875 0.0671875 0.1015625
0 0.07421875 0.3265625 0.08125 0.13046875
0 0.05390625 0.16953125 0.07265625 0.125
0 0.60546875 0.5421875 0.08203125 0.1078125
0 0.93828125 0.7203125 0.0515625 0.12265625
0 0.0390625 0.059375 0.05859375 0.1171875
0 0.06015625 0.73046875 0.09140625 0.13828125
0 0.709375 0.02578125 0.0734375 0.0515625
0 0.9765625 0.865625 0.046875 0.11875
0 0.01875 0.378125 0.0359375 0.05390625
0 0.38984375 0.384375 0.04375 0.05390625
0 0.7015625 0.36796875 0.0359375 0.0515625
0 0.42421875 0.04375 0.05 0.06796875
0 0.771875 0.0234375 0.046875 0.046875
0 0.06640625 0.284375 0.06015625 0.0484375
0 0.0875 0.13515625 0.0390625 0.0515625
0 0.21328125 0.03046875 0.034375 0.05859375
0 0.68828125 0.9859375 0.0421875 0.028125
0 0.29296875 0.09609375 0.028125 0.06953125
0 0.01796875 0.28125 0.0359375 0.0421875
0 0.790625 0.16015625 0.034375 0.04921875
0 0.41171875 0.2171875 0.05078125 0.10546875
0 0.14765625 0.78203125 0.0203125 0.03671875
0 0.7265625 0.35078125 0.08203125 0.09296875
0 0.76640625 0.05 0.0234375 0.0359375
0 0.90703125 0.99453125 0.0234375 0.0109375
0 0.00859375 0.0984375 0.0171875 0.115625
0 0.53515625 0.7875 0.021875 0.0453125
0 0.26640625 0.9875 0.0234375 0.025
0 0.33203125 0.09765625 0.028125 0.02890625
0 0.9734375 0.246875 0.02265625 0.03515625
0 0.04921875 0.928125 0.01328125 0.03125
0 0.60078125 0.7625 0.03203125 0.040625
0 0.9234375 0.171875 0.025 0.03125
0 0.55625 0.25390625 0.0234375 0.03046875
0 0.528125 0.45234375 0.02734375 0.03125
0 0.4484375 0.95625 0.01640625 0.0328125
0 0.078125 0.68515625 0.05078125 0.05
0 0.1734375 0.66484375 0.03671875 0.0375
0 0.0203125 0.6703125 0.01640625 0.034375
0 0.4703125 0.025 0.04296875 0.046875
0 0.77890625 0.9078125 0.02890625 0.04453125
0 0.4203125 0.61484375 0.01953125 0.02578125
0 0.63203125 0.85078125 0.015625 0.03515625
0 0.8 0.47734375 0.04765625 0.09765625
0 0.878125 0.25703125 0.0203125 0.0265625
0 0.11875 0.42578125 0.08828125 0.0953125
0 0.8875 0.259375 0.0578125 0.0359375
0 0.0953125 0.08203125 0.03828125 0.046875
0 0.56875 0.05 0.02421875 0.02890625