0 0.6546875 0.7671875 0.05703125 0.090625
0 0.40703125 0.9 0.046875 0.0765625
0 0.4640625 0.9546875 0.04375 0.0828125
0 0.71171875 0.9171875 0.04921875 0.06796875
0 0.70859375 0.875 0.06484375 0.08203125
0 0.7703125 0.825 0.03828125 0.09375
0 0.5 0.94921875 0.04296875 0.08828125
0 0.52890625 0.784375 0.04921875 0.10625
0 0.471875 0.809375 0.04296875 0.07734375
0 0.62578125 0.95 0.046875 0.08359375
0 0.83984375 0.7359375 0.0453125 0.0921875
0 0.60234375 0.88984375 0.046875 0.08828125
0 0.9421875 0.73984375 0.046875 0.11484375
0 0.3984375 0.8140625 0.03828125 0.07109375
0 0.696875 0.8078125 0.05 0.07109375
0 0.5640625 0.96796875 0.05625 0.0640625
0 0.31171875 0.91875 0.03671875 0.08125
0 0.82734375 0.659375 0.04765625 0.08359375
0 0.54765625 0.9078125 0.0609375 0.084375
0 0.58515625 0.715625 0.071875 0.0921875
0 0.98046875 0.68671875 0.0390625 0.08203125
0 0.425 0.7515625 0.046875 0.084375
0 0.59453125 0.8140625 0.06875 0.096875
0 0.73046875 0.75859375 0.0484375 0.0984375
0 0.81640625 0.9125 0.04609375 0.08046875
0 0.9640625 0.84453125 0.065625 0.090625
0 0.63984375 0.70234375 0.0515625 0.075
0 0.9421875 0.62890625 0.06484375 0.0828125
0 0.96328125 0.96015625 0.0578125 0.07734375
0 0.4640625 0.7390625 0.034375 0.065625
0 0.78125 0.94609375 0.053125 0.078125
0 0.51640625 0.88828125 0.0453125 0.075
0 0.68515625 0.634375 0.0453125 0.0796875
0 0.48515625 0.75 0.0375 0.06875
0 0.81484375 0.5984375 0.04765625 0.0625
0 0.55703125 0.6765625 0.04921875 0.059375
0 0.7234375 0.6671875 0.0484375 0.078125
0 0.85625 0.8640625 0.040625 0.06953125
0 0.6109375 0.65625 0.040625 0.05703125
0 0.96953125 0.59765625 0.05859375 0.06171875
0 0.78984375 0.7625 0.03359375 0.0671875
0 0.728125 0.8484375 0.02734375 0.05703125
0 0.36875 0.77734375 0.03828125 0.059375
0 0.99375 0.7609375 0.0125 0.07421875
0 0.3875 0.78515625 0.03359375 0.08125