0 0.2953125 0.47890625 0.05078125 0.1390625
0 0.48125 0.53203125 0.065625 0.1484375
0 0.3453125 0.54921875 0.053125 0.16171875
0 0.10078125 0.68125 0.05234375 0.125
0 0.1484375 0.646875 0.05078125 0.13828125
0 0.68671875 0.6734375 0.05703125 0.15
0 0.721875 0.5578125 0.05546875 0.14765625
0 0.18203125 0.40078125 0.06328125 0.128125
0 0.57109375 0.53984375 0.05703125 0.1375
0 0.0625 0.484375 0.0546875 0.140625
0 0.11640625 0.3875 0.0671875 0.1296875
0 0.23046875 0.6546875 0.07109375 0.13359375
0 0.221875 0.2109375 0.05546875 0.09375
0 0.60703125 0.7953125 0.06328125 0.16328125
0 0.190625 0.57578125 0.0578125 0.13046875
0 0.61015625 0.615625 0.07734375 0.1125
0 0.85859375 0.13828125 0.07421875 0.14453125
0 0.88515625 0.50625 0.06640625 0.18046875
0 0.47578125 0.2421875 0.08203125 0.0953125
0 0.8671875 0.59609375 0.084375 0.153125
0 0.69453125 0.15390625 0.0890625 0.1375
0 0.1515625 0.10703125 0.06796875 0.1140625
0 0.67109375 0.43828125 0.0875 0.1046875
0 0.4203125 0.85 0.0625 0.15625
0 0.025 0.84921875 0.04921875 0.14453125
0 0.56953125 0.42109375 0.090625 0.11015625
0 0.56484375 0.89765625 0.0625 0.153125
0 0.334375 0.82421875 0.08046875 0.20546875
0 0.93828125 0.8234375 0.0796875 0.18984375
0 0.05546875 0.73125 0.05859375 0.103125
0 0.17578125 0.209375 0.06015625 0.08671875
0 0.9234375 0.40703125 0.0875 0.1125
0 0.6265625 0.928125 0.07578125 0.12265625
0 0.4859375 0.125 0.065625 0.1640625
0 0.79765625 0.7828125 0.0859375 0.1234375
0 0.103125 0.08125 0.0484375 0.15
0 0.578125 0.21953125 0.09453125 0.121875
0 0.9328125 0.13125 0.11015625 0.11328125
0 0.94609375 0.69375 0.08203125 0.1296875
0 0.17734375 0.9265625 0.071875 0.1234375
0 0.8953125 0.22734375 0.09375 0.1140625
0 0.64296875 0.0625 0.1015625 0.10703125
0 0.29140625 0.14609375 0.0921875 0.19921875
0 0.22109375 0.78515625 0.09296875 0.1125
0 0.6921875 0.3171875 0.08125 0.12734375
0 0.53984375 0.74375 0.06484375 0.184375
0 0.03203125 0.0890625 0.0546875 0.16484375
0 0.36015625 0.0890625 0.05625 0.1484375
0 0.20703125 0.03828125 0.07890625 0.07421875
0 0.0625 0.146875 0.05390625 0.09609375
0 0.4359375 0.38515625 0.046875 0.09765625
0 0.38359375 0.4453125 0.08828125 0.1203125
0 0.796875 0.5015625 0.08203125 0.11484375
0 0.87109375 0.32734375 0.05 0.153125
0 0.7953125 0.221875 0.0953125 0.10625
0 0.0328125 0.57734375 0.04375 0.13359375
0 0.0625 0.634375 0.04375 0.1125
0 0.3859375 0.1828125 0.096875 0.096875