0 0.646875 0.09375 0.07421875 0.14296875
0 0.60625 0.2671875 0.06328125 0.16484375
0 0.97421875 0.62421875 0.0515625 0.1390625
0 0.4671875 0.6125 0.07734375 0.1265625
0 0.4984375 0.75078125 0.071875 0.1734375
0 0.909375 0.7859375 0.065625 0.1671875
0 0.2671875 0.896875 0.071875 0.19375
0 0.534375 0.54921875 0.10078125 0.13359375
0 0.640625 0.590625 0.09609375 0.1375
0 0.22578125 0.48984375 0.10078125 0.1265625
0 0.36015625 0.73125 0.1125 0.13828125
0 0.36875 0.29375 0.13125 0.20859375
0 0.575 0.64609375 0.07421875 0.1609375
0 0.14453125 0.49375 0.0890625 0.15
0 0.07109375 0.6515625 0.1015625 0.12578125
0 0.14375 0.61640625 0.0734375 0.15859375
0 0.596875 0.73984375 0.0984375 0.109375
0 0.34609375 0.9484375 0.0765625 0.0640625
0 0.69296875 0.93046875 0.053125 0.1390625
0 0.47109375 0.90078125 0.08359375 0.121875
0 0.6078125 0.890625 0.0796875 0.11640625
0 0.025 0.93046875 0.05 0.1078125