0 0.43828125 0.28046875 0.0578125 0.0953125
0 0.35546875 0.2875 0.06171875 0.0921875
0 0.4328125 0.40625 0.053125 0.08828125
0 0.63671875 0.51640625 0.0609375 0.1
0 0.52890625 0.3859375 0.0390625 0.08984375
0 0.12109375 0.12578125 0.04921875 0.1203125
0 0.7625 0.359375 0.05859375 0.09921875
0 0.07578125 0.20859375 0.05 0.08359375
0 0.159375 0.20234375 0.05234375 0.12265625
0 0.76015625 0.46640625 0.040625 0.08515625
0 0.83671875 0.61015625 0.04296875 0.0859375
0 0.9359375 0.26015625 0.0515625 0.06328125
0 0.221875 0.915625 0.07421875 0.1109375
0 0.51875 0.896875 0.0640625 0.115625
0 0.984375 0.44609375 0.03046875 0.078125
0 0.97734375 0.61015625 0.0453125 0.07578125
0 0.3203125 0.809375 0.07265625 0.1140625
0 0.91015625 0.49609375 0.05078125 0.0734375
0 0.3109375 0.48203125 0.04921875 0.1375
0 0.584375 0.51484375 0.06171875 0.10625
0 0.04140625 0.73046875 0.0828125 0.1140625
0 0.19375 0.3921875 0.0765625 0.09765625
0 0.94140625 0.45234375 0.04453125 0.1046875
0 0.7984375 0.6125 0.04609375 0.10078125
0 0.58515625 0.6109375 0.0578125 0.09765625
0 0.903125 0.68046875 0.04296875 0.0828125
0 0.76328125 0.6109375 0.04140625 0.08046875
0 0.71796875 0.59140625 0.040625 0.0765625
0 0.69609375 0.5484375 0.05078125 0.07734375
0 0.53203125 0.80078125 0.0578125 0.1015625
0 0.23828125 0.46171875 0.05078125 0.1109375
0 0.353125 0.4953125 0.04609375 0.1046875
0 0.98125 0.5203125 0.0359375 0.0703125
0 0.7484375 0.90078125 0.046875 0.11171875
0 0.60703125 0.74765625 0.0625 0.0953125
0 0.290625 0.61875 0.05625 0.0828125
0 0.540625 0.51484375 0.04296875 0.08984375
0 0.453125 0.7375 0.0609375 0.1109375
0 0.11953125 0.6546875 0.06328125 0.10625
0 0.8234375 0.90546875 0.05859375 0.0828125
0 0.27734375 0.6640625 0.05390625 0.11875
0 0.93671875 0.90546875 0.05234375 0.078125
0 0.08359375 0.5890625 0.08046875 0.11953125
0 0.4015625 0.65546875 0.05546875 0.09375
0 0.40859375 0.48828125 0.04921875 0.07421875
0 0.58671875 0.78046875 0.05390625 0.08515625
0 0.9875 0.68046875 0.025 0.0671875
0 0.0359375 0.4453125 0.06328125 0.121875
0 0.8375 0.74921875 0.0609375 0.0828125
0 0.17109375 0.6828125 0.05546875 0.153125
0 0.20625 0.69296875 0.04375 0.14609375
0 0.9265625 0.05625 0.0359375 0.071875
0 0.8859375 0.03046875 0.03203125 0.0609375
0 0.8921875 0.77109375 0.03125 0.084375
0 0.728125 0.784375 0.053125 0.0890625
0 0.54140625 0.3390625 0.05859375 0.11796875