0 0.21484375 0.7140625 0.05703125 0.13125
0 0.290625 0.79765625 0.08203125 0.1109375
0 0.209375 0.82734375 0.071875 0.0921875
0 0.0546875 0.76875 0.06015625 0.1078125
0 0.58203125 0.67265625 0.06015625 0.08984375
0 0.859375 0.3265625 0.05703125 0.109375
0 0.76328125 0.22890625 0.0390625 0.08046875
0 0.53046875 0.71953125 0.04296875 0.08984375
0 0.69453125 0.82421875 0.0484375 0.1015625
0 0.81171875 0.87421875 0.04453125 0.08515625
0 0.796875 0.17734375 0.0484375 0.09140625
0 0.9703125 0.31171875 0.04296875 0.0984375
0 0.840625 0.1578125 0.04765625 0.10078125
0 0.9171875 0.3484375 0.03515625 0.0796875
0 0.51875 0.93046875 0.0609375 0.0859375
0 0.1203125 0.9328125 0.0765625 0.09140625
0 0.16875 0.9203125 0.0484375 0.115625