0 0.64765625 0.35078125 0.06875 0.146875
0 0.775 0.44609375 0.05546875 0.16484375
0 0.88828125 0.359375 0.06484375 0.11484375
0 0.67421875 0.5875 0.09375 0.11796875
0 0.68359375 0.7046875 0.0578125 0.13515625
0 0.6265625 0.73203125 0.05859375 0.1578125
0 0.53984375 0.8453125 0.0921875 0.11953125
0 0.921875 0.75859375 0.06953125 0.15390625
0 0.9625 0.746875 0.05078125 0.1078125
0 0.0625 0.9203125 0.078125 0.13671875
0 0.1984375 0.39765625 0.0859375 0.1578125
0 0.17734375 0.31484375 0.0828125 0.10703125
0 0.22578125 0.16015625 0.06328125 0.15078125
0 0.1421875 0.05546875 0.06875 0.1109375
0 0.0609375 0.11953125 0.0625 0.15703125
0 0.0296875 0.3 0.059375 0.165625
0 0.04765625 0.48046875 0.0921875 0.078125
0 0.37421875 0.11015625 0.1046875 0.1390625
0 0.58984375 0.04765625 0.08828125 0.0953125
0 0.703125 0.0359375 0.08125 0.071875
0 0.7515625 0.103125 0.06875 0.1015625
0 0.85859375 0.1328125 0.06015625 0.10703125
0 0.9265625 0.159375 0.05859375 0.134375
0 0.95625 0.078125 0.078125 0.08828125
0 0.87578125 0.03828125 0.053125 0.0765625
0 0.546875 0.109375 0.0546875 0.1609375
0 0.47578125 0.07265625 0.08515625 0.07109375