0 0.44296875 0.509375 0.071875 0.16796875
0 0.04921875 0.52109375 0.05859375 0.1609375
0 0.0484375 0.88203125 0.05390625 0.13984375
0 0.75234375 0.1953125 0.090625 0.1328125
0 0.68203125 0.11328125 0.0625 0.125
0 0.74140625 0.0703125 0.059375 0.10625
0 0.47734375 0.1421875 0.05859375 0.10625
0 0.58828125 0.03046875 0.0609375 0.0609375
0 0.9421875 0.08359375 0.115625 0.1234375
0 0.1390625 0.10234375 0.04140625 0.10546875
0 0.2109375 0.08984375 0.0546875 0.09140625
0 0.27578125 0.07578125 0.07265625 0.09140625
0 0.17734375 0.0296875 0.0390625 0.059375
0 0.0515625 0.0375 0.0625 0.075
0 0.3984375 0.07421875 0.0625 0.11484375
0 0.7796875 0.0359375 0.06796875 0.071875
0 0.09921875 0.0390625 0.03125 0.0765625
0 0.134375 0.02890625 0.034375 0.05703125