0 0.45 0.16796875 0.0625 0.1640625
0 0.503125 0.1046875 0.075 0.165625
0 0.29453125 0.03046875 0.07265625 0.0609375
0 0.1625 0.0765625 0.06328125 0.153125
0 0.08515625 0.15859375 0.06640625 0.16484375
0 0.6421875 0.23515625 0.084375 0.15859375
0 0.7171875 0.29453125 0.11328125 0.11484375
0 0.78515625 0.19921875 0.08046875 0.1984375
0 0.84765625 0.165625 0.0640625 0.20859375
0 0.89609375 0.30625 0.0921875 0.11875
0 0.9734375 0.2578125 0.053125 0.18125
0 0.975 0.5875 0.05 0.215625
0 0.9046875 0.5609375 0.090625 0.12734375
0 0.80859375 0.590625 0.1046875 0.125
0 0.76640625 0.4296875 0.05234375 0.165625
0 0.65 0.446875 0.0625 0.19765625
0 0.5796875 0.44296875 0.06328125 0.18203125
0 0.50625 0.4546875 0.08125 0.13359375
0 0.68984375 0.64765625 0.08515625 0.1203125
0 0.73125 0.83125 0.08125 0.240625
0 0.86875 0.940625 0.08984375 0.11875
0 0.9265625 0.9046875 0.08984375 0.14921875
0 0.29296875 0.71015625 0.0671875 0.1875
0 0.45078125 0.9078125 0.0828125 0.12265625
0 0.41171875 0.83125 0.06875 0.16796875
0 0.078125 0.6234375 0.08515625 0.15
0 0.25078125 0.51484375 0.053125 0.11328125
0 0.5265625 0.95 0.0984375 0.0953125
0 0.17734375 0.53046875 0.084375 0.15078125
0 0.1546875 0.3921875 0.07421875 0.1328125
0 0.35234375 0.79609375 0.059375 0.17578125
0 0.2015625 0.88359375 0.096875 0.12109375
0 0.4625 0.02265625 0.08046875 0.040625
0 0.2421875 0.29921875 0.07578125 0.1203125
0 0.371875 0.428125 0.05390625 0.196875