0 0.4046875 0.48984375 0.06796875 0.15390625
0 0.325 0.49765625 0.0796875 0.18984375
0 0.26875 0.4140625 0.10546875 0.12734375
0 0.8140625 0.46953125 0.08359375 0.13671875
0 0.25625 0.6671875 0.0859375 0.13671875
0 0.4546875 0.76796875 0.0765625 0.16953125
0 0.89296875 0.5171875 0.07265625 0.15234375
0 0.43515625 0.415625 0.09609375 0.09140625
0 0.9296875 0.63125 0.08828125 0.10390625
0 0.40625 0.9203125 0.08828125 0.1234375
0 0.33046875 0.9484375 0.0890625 0.103125
0 0.1234375 0.36953125 0.08203125 0.134375
0 0.046875 0.896875 0.09375 0.115625
0 0.76796875 0.36484375 0.10234375 0.14375
0 0.8734375 0.9171875 0.08046875 0.1109375
0 0.0765625 0.225 0.08671875 0.1171875
0 0.33125 0.34921875 0.046875 0.09765625
0 0.0390625 0.33125 0.078125 0.08828125
0 0.515625 0.0984375 0.07734375 0.16015625
0 0.46796875 0.1328125 0.05546875 0.109375
0 0.4 0.11796875 0.0625 0.12109375
0 0.96171875 0.4 0.053125 0.12109375