0 0.0453125 0.11796875 0.0796875 0.17734375
0 0.88359375 0.14765625 0.06640625 0.15078125
0 0.4328125 0.4625 0.0734375 0.08515625
0 0.5421875 0.77109375 0.0625 0.1625
0 0.5421875 0.40078125 0.0921875 0.10078125
0 0.92265625 0.60859375 0.06015625 0.12109375
0 0.76875 0.3296875 0.0671875 0.10390625
0 0.36015625 0.81875 0.05859375 0.165625
0 0.84453125 0.27734375 0.0765625 0.0921875
0 0.76640625 0.44609375 0.0546875 0.0875
0 0.628125 0.384375 0.06484375 0.10234375
0 0.90546875 0.8328125 0.06875 0.1046875
0 0.865625 0.753125 0.0515625 0.12109375
0 0.90859375 0.2296875 0.0515625 0.12578125
0 0.42109375 0.92265625 0.06875 0.1109375
0 0.303125 0.6828125 0.07265625 0.16640625
0 0.82421875 0.7984375 0.05625 0.103125
0 0.15625 0.60078125 0.103125 0.0734375