0 0.7359375 0.68671875 0.0765625 0.13671875
0 0.86953125 0.5578125 0.08828125 0.11953125
0 0.91640625 0.653125 0.06484375 0.16875
0 0.728125 0.84375 0.06328125 0.13046875
0 0.7515625 0.2484375 0.06171875 0.13046875
0 0.59765625 0.85859375 0.08203125 0.12109375
0 0.7859375 0.89765625 0.0765625 0.10859375
0 0.95 0.2859375 0.0703125 0.14453125
0 0.03671875 0.1046875 0.04609375 0.13828125
0 0.8359375 0.9578125 0.078125 0.084375
0 0.90625 0.29609375 0.0578125 0.18203125
0 0.57734375 0.95703125 0.07578125 0.0859375
0 0.73984375 0.96171875 0.103125 0.0765625