0 0.3 0.32265625 0.04296875 0.15859375
0 0.434375 0.271875 0.04453125 0.1171875
0 0.33046875 0.2140625 0.0453125 0.1265625
0 0.175 0.26328125 0.04453125 0.12421875
0 0.8984375 0.56953125 0.040625 0.12265625
0 0.56953125 0.353125 0.06953125 0.0984375
0 0.16484375 0.7171875 0.07265625 0.11875
0 0.840625 0.24375 0.046875 0.12421875
0 0.6625 0.33515625 0.07109375 0.10703125
0 0.71953125 0.259375 0.046875 0.10078125
0 0.46953125 0.25390625 0.04453125 0.1015625
0 0.72734375 0.37421875 0.04921875 0.10390625
0 0.2703125 0.62421875 0.053125 0.10703125
0 0.02890625 0.75625 0.05625 0.13984375
0 0.28515625 0.14140625 0.05078125 0.12421875
0 0.21796875 0.840625 0.06328125 0.1140625
0 0.9671875 0.68828125 0.04296875 0.10859375
0 0.1625 0.79921875 0.07421875 0.08984375
0 0.93515625 0.56171875 0.034375 0.1171875
0 0.38125 0.2140625 0.03984375 0.109375
0 0.05546875 0.4875 0.053125 0.11171875
0 0.5109375 0.8875 0.05625 0.12734375
0 0.096875 0.353125 0.07265625 0.0984375
0 0.76015625 0.70859375 0.071875 0.1046875
0 0.30625 0.575 0.06953125 0.10234375
0 0.0296875 0.115625 0.059375 0.071875
0 0.7 0.9140625 0.05234375 0.12890625
0 0.44375 0.68828125 0.065625 0.1015625
0 0.040625 0.26015625 0.05078125 0.12265625
0 0.35703125 0.15625 0.04765625 0.11484375
0 0.746875 0.57265625 0.0671875 0.09765625
0 0.0765625 0.05859375 0.07109375 0.09375
0 0.8734375 0.95625 0.0546875 0.08203125
0 0.903125 0.03046875 0.04296875 0.059375
0 0.5984375 0.21015625 0.0578125 0.10234375
0 0.33984375 0.34453125 0.0484375 0.134375
0 0.3234375 0.1578125 0.0453125 0.11171875
0 0.5734375 0.2671875 0.05078125 0.09921875
0 0.12890625 0.2390625 0.0625 0.11953125
0 0.7734375 0.37890625 0.04375 0.084375
0 0.63515625 0.13515625 0.05625 0.1109375
0 0.32578125 0.0640625 0.06171875 0.0609375
0 0.7984375 0.31015625 0.04296875 0.10234375
0 0.8859375 0.28359375 0.04375 0.11484375
0 0.96640625 0.21640625 0.0421875 0.115625
0 0.21875 0.19921875 0.08046875 0.0828125
0 0.91640625 0.29375 0.046875 0.125
0 0.290625 0.7546875 0.0546875 0.14765625
0 0.96796875 0.5953125 0.03671875 0.1015625
0 0.91875 0.71328125 0.04296875 0.128125
0 0.50859375 0.24375 0.04140625 0.0765625
0 0.22265625 0.68515625 0.0546875 0.13046875
0 0.1 0.1625 0.06953125 0.09453125
0 0.96953125 0.775 0.04921875 0.11328125
0 0.446875 0.1578125 0.0453125 0.11640625
0 0.671875 0.15234375 0.04453125 0.0703125
0 0.8703125 0.05078125 0.04140625 0.0546875
0 0.99375 0.6921875 0.0125 0.10859375
0 0.50078125 0.578125 0.0515625 0.10703125
0 0.64296875 0.6765625 0.05078125 0.109375
0 0.84375 0.49375 0.065625 0.103125
0 0.84921875 0.20625 0.05078125 0.09921875
0 0.40078125 0.09765625 0.0859375 0.08515625