0 0.3109375 0.45390625 0.0734375 0.0828125
0 0.5015625 0.4265625 0.05078125 0.11640625
0 0.42578125 0.484375 0.059375 0.1140625
0 0.3765625 0.4171875 0.05703125 0.11953125
0 0.31640625 0.1 0.0578125 0.09453125
0 0.1359375 0.45078125 0.08125 0.096875
0 0.5609375 0.40234375 0.0640625 0.0921875
0 0.728125 0.378125 0.04140625 0.10703125
0 0.70390625 0.63046875 0.06015625 0.10859375
0 0.421875 0.63046875 0.05625 0.125
0 0.35234375 0.678125 0.0609375 0.1390625
0 0.6578125 0.7046875 0.065625 0.10078125
0 0.584375 0.35 0.06640625 0.11640625
0 0.6234375 0.3171875 0.0734375 0.109375
0 0.1171875 0.67109375 0.05703125 0.1484375
0 0.1 0.35625 0.04921875 0.125
0 0.2984375 0.2984375 0.05625 0.15234375
0 0.04765625 0.33984375 0.06171875 0.125
0 0.46953125 0.63671875 0.05859375 0.11953125
0 0.4828125 0.72734375 0.071875 0.09609375
0 0.7921875 0.309375 0.0421875 0.11328125
0 0.29453125 0.690625 0.05546875 0.14609375
0 0.146875 0.78046875 0.06953125 0.1171875
0 0.77265625 0.7046875 0.0640625 0.09375
0 0.2421875 0.79140625 0.0875 0.13671875
0 0.05 0.23046875 0.059375 0.12265625
0 0.73828125 0.24296875 0.046875 0.096875
0 0.1359375 0.2203125 0.05625 0.10703125
0 0.53671875 0.55390625 0.0703125 0.09765625
0 0.56171875 0.68828125 0.06328125 0.09921875
0 0.5765625 0.628125 0.06875 0.096875
0 0.909375 0.2453125 0.046875 0.0921875
0 0.55234375 0.84296875 0.05 0.15234375
0 0.240625 0.25234375 0.04765625 0.1109375
0 0.2703125 0.2 0.0625 0.1140625
0 0.5296875 0.28984375 0.046875 0.15234375
0 0.9359375 0.5453125 0.04765625 0.11171875
0 0.18515625 0.6265625 0.05390625 0.17265625
0 0.73046875 0.16796875 0.07890625 0.1171875
0 0.1890625 0.24296875 0.059375 0.15546875
0 0.9515625 0.25546875 0.04375 0.0859375
0 0.9234375 0.32734375 0.04375 0.08671875
0 0.51640625 0.87109375 0.06015625 0.1046875
0 0.909375 0.37109375 0.04296875 0.08046875
0 0.97734375 0.57421875 0.0453125 0.10078125
0 0.740625 0.84140625 0.04921875 0.1375
0 0.759375 0.2859375 0.04453125 0.1
0 0.9359375 0.0390625 0.04140625 0.07734375
0 0.02734375 0.6984375 0.05390625 0.16953125
0 0.19609375 0.86796875 0.06953125 0.13671875
0 0.60234375 0.18359375 0.07734375 0.125
0 0.18203125 0.9421875 0.059375 0.115625
0 0.021875 0.11484375 0.04375 0.08203125
0 0.31484375 0.81015625 0.0671875 0.1359375
0 0.0734375 0.04140625 0.08125 0.0640625
0 0.89453125 0.03671875 0.03828125 0.0734375
0 0.0546875 0.41171875 0.06171875 0.08203125
0 0.24453125 0.93515625 0.08671875 0.1234375
0 0.8703125 0.1578125 0.06328125 0.0875
0 0.93046875 0.85390625 0.04296875 0.13125
0 0.05 0.48046875 0.05234375 0.109375
0 0.12421875 0.12421875 0.05625 0.103125