0 0.8265625 0.346875 0.10234375 0.1578125
0 0.634375 0.3703125 0.08984375 0.178125
0 0.4078125 0.42578125 0.12109375 0.13125
0 0.22890625 0.54609375 0.0671875 0.1953125
0 0.33828125 0.58515625 0.0734375 0.1859375
0 0.3703125 0.92578125 0.0875 0.1484375
0 0.4671875 0.946875 0.09765625 0.1046875
0 0.5515625 0.5421875 0.07890625 0.1375
0 0.29921875 0.38828125 0.06796875 0.18203125
0 0.934375 0.6421875 0.09609375 0.16015625
0 0.5921875 0.64609375 0.0625 0.18125
0 0.62890625 0.51640625 0.08203125 0.134375