0 0.62890625 0.83671875 0.05234375 0.11328125
0 0.8046875 0.934375 0.05234375 0.07421875
0 0.70390625 0.87734375 0.05078125 0.07578125
0 0.42421875 0.9234375 0.04140625 0.10390625
0 0.3640625 0.92734375 0.046875 0.0796875
0 0.665625 0.70390625 0.06015625 0.09609375
0 0.70546875 0.74609375 0.04140625 0.08125
0 0.7640625 0.76171875 0.03828125 0.08125
0 0.71484375 0.6859375 0.04375 0.0609375
0 0.64296875 0.6609375 0.0578125 0.07890625
0 0.7578125 0.68671875 0.04453125 0.06484375
0 0.85625 0.7328125 0.0453125 0.0984375
0 0.72265625 0.6296875 0.04765625 0.0625
0 0.95234375 0.65234375 0.04921875 0.0765625
0 0.4859375 0.8421875 0.05078125 0.1015625