0 0.33046875 0.1046875 0.13515625 0.115625
0 0.40234375 0.3421875 0.08046875 0.19921875
0 0.3609375 0.4515625 0.1265625 0.11875
0 0.79140625 0.2390625 0.08828125 0.19140625
0 0.86875 0.16953125 0.08359375 0.15078125
0 0.63203125 0.4828125 0.0875 0.1328125
0 0.934375 0.74375 0.08671875 0.15234375
0 0.440625 0.77890625 0.0953125 0.12734375
0 0.04140625 0.596875 0.0828125 0.13515625
0 0.80625 0.51953125 0.10859375 0.128125
0 0.634375 0.84296875 0.0875 0.15390625
0 0.6359375 0.58984375 0.1140625 0.11875
0 0.06015625 0.75859375 0.09609375 0.1609375
0 0.75 0.6703125 0.06484375 0.22265625
0 0.3125 0.64453125 0.08359375 0.1875