0 0.42265625 0.1515625 0.07265625 0.084375
0 0.5578125 0.34453125 0.05 0.0703125
0 0.59296875 0.228125 0.0640625 0.10078125
0 0.46953125 0.2078125 0.05234375 0.10625
0 0.49296875 0.07734375 0.05234375 0.0765625
0 0.55546875 0.43359375 0.05625 0.1015625
0 0.059375 0.88046875 0.0765625 0.10625
0 0.709375 0.4609375 0.0515625 0.07265625
0 0.07265625 0.665625 0.06640625 0.096875
0 0.490625 0.93984375 0.075 0.09375
0 0.084375 0.3296875 0.05234375 0.109375
0 0.25078125 0.8234375 0.06484375 0.08828125
0 0.71015625 0.165625 0.05546875 0.10703125
0 0.89296875 0.24765625 0.04375 0.08359375
0 0.34765625 0.675 0.065625 0.10390625
0 0.28046875 0.6953125 0.06875 0.0890625
0 0.95 0.3984375 0.03828125 0.08984375
0 0.96328125 0.08515625 0.0359375 0.05234375
0 0.15703125 0.3734375 0.0484375 0.0828125
0 0.26640625 0.5890625 0.04921875 0.0921875
0 0.7421875 0.32109375 0.046875 0.11875
0 0.56640625 0.6890625 0.05 0.08203125
0 0.0296875 0.41875 0.059375 0.115625
0 0.9046875 0.6921875 0.059375 0.06328125
0 0.71171875 0.7984375 0.05546875 0.084375
0 0.85625 0.9484375 0.0421875 0.0796875
0 0.03203125 0.5546875 0.05390625 0.10234375
0 0.97578125 0.7 0.04140625 0.06796875
0 0.07265625 0.55546875 0.053125 0.0921875
0 0.753125 0.61171875 0.03203125 0.05859375
0 0.18828125 0.734375 0.05234375 0.10859375
0 0.91953125 0.9546875 0.04765625 0.07265625
0 0.47578125 0.48828125 0.0375 0.08515625
0 0.35390625 0.46015625 0.04765625 0.0734375
0 0.67109375 0.590625 0.04296875 0.05859375
0 0.02109375 0.38125 0.040625 0.04765625
0 0.69453125 0.56484375 0.0453125 0.09765625
0 0.23125 0.71015625 0.046875 0.11640625
0 0.8390625 0.8109375 0.04453125 0.06875
0 0.7625 0.91328125 0.05859375 0.12421875
0 0.42578125 0.4828125 0.05546875 0.071875
0 0.940625 0.91328125 0.0421875 0.09609375
0 0.72578125 0.58359375 0.0296875 0.0859375
0 0.55 0.8203125 0.05234375 0.14140625
0 0.56328125 0.76015625 0.04921875 0.1140625
0 0.73125 0.853125 0.040625 0.10859375
0 0.80234375 0.90390625 0.0515625 0.14765625
0 0.82265625 0.8625 0.05078125 0.11328125
0 0.85625 0.8625 0.040625 0.09609375
0 0.1265625 0.628125 0.07265625 0.11875
0 0.17578125 0.6375 0.0609375 0.09375
0 0.21484375 0.5953125 0.04140625 0.10625
0 0.325 0.50859375 0.04140625 0.09921875
0 0.42734375 0.74296875 0.05859375 0.1390625
0 0.45703125 0.75546875 0.0484375 0.1328125
0 0.43359375 0.65546875 0.0453125 0.1140625
0 0.50546875 0.75078125 0.05390625 0.1046875