0 0.96171875 0.2609375 0.0765625 0.10703125
0 0.25625 0.5515625 0.10078125 0.1359375
0 0.70078125 0.5609375 0.0796875 0.11875
0 0.59375 0.56875 0.10859375 0.12890625
0 0.8515625 0.80546875 0.08671875 0.1109375
0 0.27265625 0.73515625 0.09375 0.13671875
0 0.72109375 0.75 0.09375 0.13515625
0 0.6453125 0.76640625 0.078125 0.153125
0 0.734375 0.89609375 0.09921875 0.1203125
0 0.50078125 0.8875 0.08671875 0.153125
0 0.384375 0.696875 0.11328125 0.109375
0 0.4796875 0.6921875 0.07109375 0.1953125
0 0.20390625 0.334375 0.07578125 0.1921875
0 0.8359375 0.95390625 0.08515625 0.09140625
0 0.37265625 0.9609375 0.08828125 0.07734375
0 0.371875 0.7984375 0.08828125 0.125
0 0.41640625 0.821875 0.0828125 0.13671875
0 0.58515625 0.96953125 0.1015625 0.0609375
0 0.7515625 0.975 0.065625 0.05