0 0.5875 0.68125 0.05859375 0.10859375
0 0.49609375 0.61640625 0.06953125 0.07109375
0 0.584375 0.50859375 0.06171875 0.0765625
0 0.65703125 0.50859375 0.05234375 0.1
0 0.7078125 0.5234375 0.06171875 0.08515625
0 0.50625 0.5 0.0703125 0.0859375
0 0.821875 0.8296875 0.07109375 0.0921875
0 0.70078125 0.828125 0.0796875 0.09609375
0 0.4390625 0.50546875 0.06328125 0.0703125
0 0.94453125 0.603125 0.053125 0.09609375
0 0.86953125 0.65859375 0.059375 0.0953125
0 0.93671875 0.8453125 0.07890625 0.08515625
0 0.81484375 0.715625 0.07734375 0.08125
0 0.97578125 0.6984375 0.0484375 0.0984375
0 0.9109375 0.65078125 0.04609375 0.07421875
0 0.93359375 0.53359375 0.06796875 0.0625
0 0.9828125 0.61875 0.03359375 0.0953125
0 0.8625 0.51953125 0.08046875 0.059375
0 0.76171875 0.5171875 0.05390625 0.06484375
0 0.05078125 0.88125 0.05234375 0.10078125
0 0.09921875 0.87578125 0.06796875 0.12578125
0 0.85546875 0.56875 0.05703125 0.05625
0 0.80703125 0.603125 0.0734375 0.065625
0 0.4203125 0.96015625 0.05625 0.078125