0 0.434375 0.45546875 0.0796875 0.1515625
0 0.790625 0.0984375 0.0578125 0.10859375
0 0.396875 0.6296875 0.0609375 0.11484375
0 0.96953125 0.76171875 0.04375 0.1296875
0 0.734375 0.86875 0.0515625 0.096875
0 0.1796875 0.5359375 0.06484375 0.16015625
0 0.85 0.92265625 0.06484375 0.11953125
0 0.9375 0.3578125 0.075 0.1203125
0 0.6 0.721875 0.0609375 0.109375
0 0.68359375 0.83828125 0.07578125 0.11171875
0 0.7578125 0.51640625 0.0734375 0.09609375
0 0.26875 0.690625 0.0734375 0.12265625
0 0.97578125 0.88984375 0.04765625 0.090625
0 0.52265625 0.93984375 0.06328125 0.10859375
0 0.803125 0.40390625 0.0796875 0.0859375
0 0.559375 0.859375 0.06640625 0.1109375
0 0.60625 0.83671875 0.05703125 0.11953125