0 0.45234375 0.125 0.05859375 0.1328125
0 0.51484375 0.19375 0.07421875 0.12734375
0 0.58125 0.28515625 0.07421875 0.13046875
0 0.58125 0.09375 0.06875 0.16640625
0 0.746875 0.184375 0.084375 0.13671875
0 0.71640625 0.334375 0.090625 0.12890625
0 0.23125 0.04296875 0.065625 0.0828125
0 0.53046875 0.45625 0.06640625 0.13828125
0 0.08203125 0.22578125 0.05546875 0.12109375
0 0.9265625 0.271875 0.0890625 0.11328125
0 0.3765625 0.33828125 0.05625 0.12109375
0 0.30625 0.87578125 0.078125 0.1078125
0 0.1046875 0.0640625 0.0453125 0.12265625
0 0.44296875 0.3875 0.059375 0.14765625
0 0.24140625 0.54765625 0.04921875 0.11484375
0 0.0265625 0.7046875 0.0484375 0.12265625
0 0.065625 0.10703125 0.053125 0.13125
0 0.4234375 0.69453125 0.07265625 0.1578125
0 0.38984375 0.7546875 0.0671875 0.16953125
0 0.528125 0.70703125 0.06171875 0.1484375
0 0.3359375 0.74609375 0.05 0.17421875
0 0.09375 0.48671875 0.05703125 0.10703125
0 0.0609375 0.540625 0.0546875 0.13125
0 0.85390625 0.82890625 0.08046875 0.10703125
0 0.83203125 0.5828125 0.071875 0.12265625
0 0.2796875 0.3890625 0.04921875 0.12421875
0 0.4984375 0.8109375 0.06875 0.11328125
0 0.0390625 0.5984375 0.04765625 0.13515625
0 0.225 0.37578125 0.06796875 0.12109375
0 0.72265625 0.4484375 0.10546875 0.1140625