0 0.77421875 0.35 0.090625 0.1125
0 0.38125 0.3984375 0.08828125 0.090625
0 0.15 0.28515625 0.090625 0.08671875
0 0.30546875 0.32265625 0.09453125 0.08984375
0 0.2890625 0.45390625 0.109375 0.08984375
0 0.47265625 0.30234375 0.078125 0.09296875
0 0.35625 0.53125 0.10390625 0.1078125
0 0.35234375 0.25625 0.09140625 0.0828125
0 0.6125 0.23671875 0.0515625 0.090625
0 0.04921875 0.66171875 0.0828125 0.0921875
0 0.053125 0.42890625 0.0796875 0.11484375
0 0.44296875 0.590625 0.10625 0.1140625
0 0.8234375 0.5296875 0.09453125 0.11796875
0 0.54609375 0.6453125 0.0921875 0.1015625
0 0.49921875 0.42421875 0.10078125 0.16328125
0 0.571875 0.46171875 0.08203125 0.134375
0 0.58828125 0.7015625 0.08671875 0.10546875
0 0.659375 0.69921875 0.0765625 0.13046875
0 0.859375 0.83359375 0.0921875 0.0796875
0 0.4125 0.71875 0.09296875 0.0796875
0 0.60859375 0.78046875 0.059375 0.09609375
0 0.63671875 0.62109375 0.08515625 0.0859375
0 0.0578125 0.86953125 0.11171875 0.1015625
0 0.321875 0.8625 0.08984375 0.1484375
0 0.2390625 0.81328125 0.06328125 0.0703125
0 0.6390625 0.509375 0.0703125 0.11328125
0 0.95390625 0.846875 0.0859375 0.13671875
0 0.83515625 0.72421875 0.07890625 0.1265625
0 0.52421875 0.8109375 0.034375 0.075
0 0.49140625 0.80703125 0.04765625 0.09921875
0 0.4515625 0.79140625 0.0421875 0.12109375
0 0.40703125 0.803125 0.0515625 0.09765625