0 0.9359375 0.1484375 0.08671875 0.13125
0 0.43046875 0.1 0.0671875 0.19140625
0 0.81875 0.46640625 0.06328125 0.16484375
0 0.125 0.91484375 0.0859375 0.16015625
0 0.24296875 0.16875 0.0875 0.13359375
0 0.4171875 0.8625 0.08046875 0.15234375
0 0.31875 0.13359375 0.0765625 0.1703125
0 0.571875 0.8015625 0.0671875 0.17890625
0 0.78984375 0.6171875 0.08828125 0.134375
0 0.97109375 0.7140625 0.05703125 0.18671875
0 0.2609375 0.48046875 0.06953125 0.1421875
0 0.6203125 0.11328125 0.065625 0.19140625
0 0.55546875 0.1328125 0.06796875 0.18671875
0 0.696875 0.21015625 0.0828125 0.1125
0 0.63984375 0.634375 0.096875 0.13125
0 0.46328125 0.9421875 0.11015625 0.109375
0 0.27890625 0.02890625 0.07890625 0.05703125
0 0.71015625 0.49296875 0.084375 0.12578125
0 0.03125 0.72109375 0.06171875 0.14296875
0 0.3203125 0.36484375 0.103125 0.1296875
0 0.334375 0.246875 0.07421875 0.13125
0 0.04765625 0.58125 0.08671875 0.09609375
0 0.43515625 0.45546875 0.09921875 0.10859375
0 0.525 0.4578125 0.07109375 0.140625
0 0.53359375 0.296875 0.0734375 0.109375
0 0.6484375 0.26953125 0.078125 0.10390625