0 0.1859375 0.8734375 0.04921875 0.10625
0 0.22890625 0.8234375 0.0546875 0.08671875
0 0.165625 0.9234375 0.06328125 0.0859375
0 0.2640625 0.78671875 0.05859375 0.0796875
0 0.02109375 0.78203125 0.0390625 0.07109375
0 0.13125 0.76484375 0.0390625 0.08359375
0 0.0640625 0.88359375 0.05625 0.09296875
0 0.1546875 0.81953125 0.0375 0.0625
0 0.13203125 0.9546875 0.04765625 0.06875
0 0.28828125 0.896875 0.04765625 0.078125
0 0.31796875 0.815625 0.05625 0.09140625
0 0.0890625 0.740625 0.05546875 0.07265625
0 0.221875 0.903125 0.046875 0.0671875
0 0.1859375 0.784375 0.028125 0.0640625
0 0.109375 0.85625 0.03046875 0.053125
0 0.796875 0.96953125 0.05078125 0.059375
0 0.07578125 0.96015625 0.04453125 0.05390625
0 0.771875 0.9703125 0.0390625 0.05
0 0.8390625 0.97890625 0.0609375 0.04140625
0 0.28984375 0.95 0.0359375 0.0546875
0 0.03671875 0.92109375 0.03984375 0.1015625