0 0.103125 0.3546875 0.075 0.175
0 0.1359375 0.50703125 0.08359375 0.1453125
0 0.175 0.3375 0.07265625 0.146875
0 0.71171875 0.228125 0.06015625 0.1390625
0 0.4 0.2953125 0.0671875 0.13203125
0 0.228125 0.33828125 0.0734375 0.12421875
0 0.3140625 0.25234375 0.07890625 0.11953125
0 0.26484375 0.56328125 0.06015625 0.15625
0 0.86875 0.25625 0.06953125 0.10859375
0 0.9171875 0.0734375 0.04609375 0.140625
0 0.753125 0.11484375 0.053125 0.13984375
0 0.04609375 0.075 0.08828125 0.134375
0 0.4296875 0.05703125 0.05859375 0.1125
0 0.11015625 0.6640625 0.07578125 0.153125
0 0.9765625 0.7 0.04609375 0.1234375
0 0.21953125 0.54375 0.07421875 0.13515625
0 0.7390625 0.89375 0.0609375 0.16640625
0 0.26875 0.72109375 0.05703125 0.1234375
0 0.46484375 0.48515625 0.08984375 0.14609375
0 0.61875 0.8796875 0.06171875 0.13828125
0 0.67109375 0.75234375 0.0546875 0.128125
0 0.934375 0.1765625 0.04140625 0.128125
0 0.7703125 0.25390625 0.0671875 0.1140625
0 0.9421875 0.5421875 0.06484375 0.09140625
0 0.64375 0.44921875 0.06171875 0.09296875
0 0.728125 0.4546875 0.0546875 0.1234375
0 0.61875 0.75859375 0.05859375 0.12265625
0 0.028125 0.53359375 0.05625 0.1234375
0 0.68984375 0.42421875 0.04921875 0.1421875
0 0.1546875 0.7484375 0.08828125 0.1078125
0 0.81953125 0.4015625 0.04921875 0.1125
0 0.54765625 0.6078125 0.075 0.109375
0 0.3953125 0.92578125 0.065625 0.1375
0 0.98125 0.19453125 0.0375 0.0921875
0 0.86640625 0.9015625 0.0671875 0.1171875
0 0.8484375 0.7796875 0.07109375 0.09609375
0 0.3640625 0.8609375 0.08671875 0.10390625
0 0.79453125 0.03984375 0.05859375 0.07421875
0 0.925 0.81171875 0.04765625 0.1078125
0 0.95859375 0.8125 0.05 0.09609375
0 0.5671875 0.73125 0.05859375 0.09375
0 0.91484375 0.903125 0.0625 0.10078125
0 0.32421875 0.03203125 0.06015625 0.06015625
0 0.8390625 0.87265625 0.05625 0.08984375
0 0.396875 0.72421875 0.05234375 0.146875
0 0.8125 0.79609375 0.04765625 0.09765625
0 0.915625 0.96796875 0.0703125 0.059375
0 0.0375 0.7609375 0.075 0.09921875
0 0.765625 0.7015625 0.078125 0.134375
0 0.98671875 0.4984375 0.0265625 0.07421875
0 0.86796875 0.45703125 0.05625 0.084375
0 0.740625 0.59453125 0.040625 0.12734375
0 0.46640625 0.8609375 0.07109375 0.0828125
0 0.85 0.41015625 0.03515625 0.08828125
0 0.2 0.7703125 0.06328125 0.15703125
0 0.959375 0.37578125 0.04765625 0.1265625
0 0.92890625 0.41171875 0.0546875 0.11328125
0 0.69609375 0.571875 0.0515625 0.11171875