0 0.46875 0.09453125 0.10390625 0.115625
0 0.52265625 0.1734375 0.1078125 0.15234375
0 0.63046875 0.14609375 0.08828125 0.16640625
0 0.04765625 0.1421875 0.0875 0.21640625
0 0.1859375 0.5078125 0.12890625 0.12265625
0 0.1234375 0.603125 0.06484375 0.2046875
0 0.24296875 0.69765625 0.0765625 0.2109375
0 0.178125 0.5921875 0.08046875 0.1859375
0 0.29921875 0.59453125 0.0859375 0.12890625
0 0.5390625 0.46640625 0.0859375 0.18515625
0 0.71015625 0.48515625 0.09296875 0.13125
0 0.4640625 0.5890625 0.0953125 0.1234375
0 0.89765625 0.44453125 0.07109375 0.14375
0 0.959375 0.4359375 0.06640625 0.10390625
0 0.78515625 0.4859375 0.0609375 0.16640625
0 0.56015625 0.690625 0.0671875 0.1796875
0 0.63515625 0.6453125 0.1078125 0.15625
0 0.7046875 0.26015625 0.0671875 0.11875
0 0.9734375 0.51875 0.05234375 0.1421875
0 0.37734375 0.5359375 0.0984375 0.13359375
0 0.95703125 0.28203125 0.06875 0.15078125
0 0.859375 0.8015625 0.10859375 0.10859375
0 0.878125 0.71171875 0.0875 0.11875
0 0.39765625 0.775 0.09453125 0.1203125
0 0.9703125 0.05390625 0.05859375 0.10390625
0 0.70625 0.0375 0.0671875 0.075
0 0.63515625 0.9484375 0.1015625 0.103125
0 0.53515625 0.271875 0.078125 0.115625