0 0.6515625 0.45625 0.09609375 0.13515625
0 0.10390625 0.6921875 0.0671875 0.1734375
0 0.37890625 0.1796875 0.084375 0.11015625
0 0.64453125 0.1828125 0.09453125 0.11484375
0 0.265625 0.53046875 0.06875 0.1859375
0 0.80390625 0.40703125 0.07265625 0.09453125
0 0.26875 0.1890625 0.09453125 0.09296875
0 0.47109375 0.60546875 0.08515625 0.13984375
0 0.95390625 0.159375 0.06171875 0.09609375
0 0.559375 0.5171875 0.0796875 0.15
0 0.75859375 0.74453125 0.10859375 0.1375
0 0.3984375 0.5734375 0.0671875 0.12109375
0 0.04296875 0.62109375 0.06796875 0.1015625
0 0.2984375 0.73984375 0.06953125 0.11953125
0 0.50390625 0.509375 0.0859375 0.109375
0 0.134375 0.09296875 0.07890625 0.1
0 0.321875 0.4453125 0.0578125 0.1125
0 0.35390625 0.5109375 0.09140625 0.1640625
0 0.16015625 0.44921875 0.0859375 0.0953125
0 0.81484375 0.48984375 0.08984375 0.0953125
0 0.91015625 0.44921875 0.08203125 0.0859375
0 0.13125 0.246875 0.07265625 0.10859375
0 0.5828125 0.22421875 0.07734375 0.0671875
0 0.85390625 0.17734375 0.0484375 0.08828125
0 0.18203125 0.3328125 0.0796875 0.11328125
0 0.3453125 0.3546875 0.05625 0.06328125
0 0.30234375 0.05234375 0.12109375 0.1015625
0 0.4 0.240625 0.05546875 0.08671875
0 0.89765625 0.178125 0.0484375 0.07890625
0 0.48515625 0.44765625 0.0546875 0.08671875
0 0.740625 0.3234375 0.075 0.10703125
0 0.275 0.46875 0.05234375 0.09140625
0 0.9859375 0.3875 0.028125 0.0984375
0 0.11484375 0.1890625 0.05078125 0.07265625
0 0.83359375 0.3578125 0.04140625 0.0625
0 0.8828125 0.45 0.0390625 0.059375
0 0.07578125 0.434375 0.0609375 0.15625