0 0.21640625 0.1734375 0.06953125 0.18359375
0 0.321875 0.15859375 0.065625 0.146875
0 0.3109375 0.37421875 0.071875 0.12265625
0 0.82109375 0.04765625 0.05625 0.09140625
0 0.74296875 0.12421875 0.0625 0.103125
0 0.26640625 0.5203125 0.0796875 0.103125
0 0.934375 0.24765625 0.0453125 0.14296875
0 0.6890625 0.378125 0.04921875 0.0859375
0 0.1375 0.521875 0.0734375 0.10625
0 0.375 0.5328125 0.075 0.1171875
0 0.40546875 0.05390625 0.06796875 0.10390625
0 0.5109375 0.31640625 0.0625 0.12734375
0 0.45390625 0.290625 0.0578125 0.15234375
0 0.52421875 0.53203125 0.0578125 0.1203125
0 0.91953125 0.15546875 0.0625 0.09375
0 0.55390625 0.328125 0.04921875 0.1265625
0 0.9546875 0.56875 0.06328125 0.11640625
0 0.73828125 0.76015625 0.059375 0.1375
0 0.72109375 0.503125 0.05859375 0.10859375
0 0.37421875 0.6421875 0.059375 0.14921875
0 0.4765625 0.44453125 0.07265625 0.096875
0 0.24296875 0.92421875 0.0921875 0.10625
0 0.18828125 0.54296875 0.0484375 0.1421875
0 0.54765625 0.93359375 0.03984375 0.12890625
0 0.7828125 0.815625 0.0546875 0.13046875
0 0.32421875 0.9484375 0.07265625 0.0984375
0 0.6421875 0.5125 0.0484375 0.1234375
0 0.97265625 0.45390625 0.0453125 0.1171875
0 0.946875 0.90546875 0.06640625 0.10234375
0 0.2828125 0.7140625 0.05078125 0.11015625
0 0.6015625 0.74609375 0.0703125 0.1046875
0 0.18515625 0.6578125 0.0609375 0.128125
0 0.3515625 0.81953125 0.07890625 0.10390625
0 0.88203125 0.71015625 0.046875 0.084375
0 0.6484375 0.871875 0.0609375 0.11015625
0 0.971875 0.9640625 0.0546875 0.07109375
0 0.84921875 0.82734375 0.04765625 0.13125
0 0.6375 0.7828125 0.053125 0.0984375
0 0.965625 0.33203125 0.040625 0.090625
0 0.24765625 0.41796875 0.06640625 0.13359375
0 0.8890625 0.94140625 0.06015625 0.09140625
0 0.98359375 0.22734375 0.0328125 0.090625
0 0.97734375 0.0828125 0.04453125 0.12109375
0 0.18984375 0.759375 0.09453125 0.08125
0 0.57578125 0.24375 0.071875 0.1078125
0 0.909375 0.07265625 0.0578125 0.09609375
0 0.62578125 0.5953125 0.0625 0.109375
0 0.67109375 0.60234375 0.05546875 0.12734375
0 0.89296875 0.6109375 0.0421875 0.140625
0 0.4875 0.12578125 0.04375 0.13125
0 0.44140625 0.125 0.05546875 0.14453125
0 0.87734375 0.8359375 0.0390625 0.13984375
0 0.9078125 0.8109375 0.04296875 0.13046875
0 0.91953125 0.84453125 0.0484375 0.12109375
0 0.5046875 0.91875 0.06015625 0.153125
0 0.4265625 0.86328125 0.05 0.0828125
0 0.21953125 0.67890625 0.05234375 0.1421875
0 0.4609375 0.61328125 0.0875 0.0921875
0 0.59296875 0.91171875 0.0734375 0.09140625