0 0.05859375 0.7296875 0.09140625 0.1375
0 0.60703125 0.5421875 0.08125 0.1109375
0 0.715625 0.24140625 0.08359375 0.103125
0 0.75234375 0.515625 0.07265625 0.09921875
0 0.93828125 0.7203125 0.0578125 0.125
0 0.6 0.37265625 0.0671875 0.06953125
0 0.96640625 0.39375 0.0671875 0.1
0 0.3125 0.409375 0.08125 0.11484375
0 0.4234375 0.41328125 0.10859375 0.1203125
0 0.9765625 0.8671875 0.04453125 0.1171875
0 0.16640625 0.3859375 0.07421875 0.0765625
0 0.21328125 0.45546875 0.11796875 0.1265625
0 0.709375 0.02578125 0.07421875 0.05
0 0.0390625 0.05703125 0.0578125 0.11328125
0 0.3546875 0.20234375 0.06484375 0.15078125
0 0.11328125 0.11015625 0.07890625 0.1078125
0 0.07421875 0.32734375 0.08203125 0.13203125
0 0.05390625 0.16796875 0.071875 0.1265625
0 0.728125 0.33359375 0.09765625 0.12734375
0 0.01875 0.328125 0.0375 0.15078125