0 0.740625 0.0828125 0.10390625 0.134375
0 0.62109375 0.4140625 0.08671875 0.16796875
0 0.1984375 0.371875 0.0625 0.11015625
0 0.3265625 0.33671875 0.08046875 0.15703125
0 0.10546875 0.83359375 0.059375 0.08671875
0 0.08828125 0.221875 0.059375 0.1375
0 0.0421875 0.73125 0.05390625 0.10234375
0 0.22109375 0.24921875 0.065625 0.16640625
0 0.70625 0.5953125 0.08046875 0.121875
0 0.58671875 0.6328125 0.07421875 0.1015625
0 0.190625 0.9265625 0.08203125 0.08046875
0 0.653125 0.7875 0.05859375 0.16015625
0 0.396875 0.52734375 0.1 0.11796875
0 0.240625 0.6875 0.0921875 0.09765625
0 0.753125 0.809375 0.06328125 0.11875
0 0.73125 0.68046875 0.10078125 0.08828125
0 0.35078125 0.66328125 0.09453125 0.11875
0 0.853125 0.76953125 0.09765625 0.1125