0 0.31875 0.4015625 0.1265625 0.171875
0 0.4234375 0.81015625 0.1078125 0.1640625
0 0.246875 0.86796875 0.09140625 0.11953125
0 0.35546875 0.946875 0.0875 0.1046875
0 0.93125 0.9515625 0.0828125 0.09609375
0 0.5015625 0.9625 0.06171875 0.075
0 0.2765625 0.453125 0.0609375 0.19375
0 0.02890625 0.93828125 0.0578125 0.12109375
0 0.18671875 0.30625 0.09921875 0.2375
0 0.73671875 0.059375 0.08671875 0.1140625
0 0.94921875 0.40546875 0.08984375 0.11640625
0 0.6375 0.446875 0.16171875 0.203125
0 0.5796875 0.08359375 0.090625 0.16171875
0 0.109375 0.43984375 0.1078125 0.196875
0 0.7328125 0.98125 0.0734375 0.03671875
0 0.90859375 0.45390625 0.1171875 0.20546875
0 0.04453125 0.4484375 0.071875 0.078125
0 0.9125 0.03671875 0.06875 0.071875
0 0.83515625 0.14921875 0.21171875 0.2984375
0 0.025 0.3078125 0.0484375 0.15078125
0 0.79140625 0.26796875 0.02734375 0.05859375
0 0.21015625 0.96875 0.04140625 0.05390625
0 0.19375 0.7296875 0.025 0.0390625