0 0.85078125 0.109375 0.10546875 0.15859375
0 0.74765625 0.16328125 0.12265625 0.1296875
0 0.834375 0.28359375 0.1125 0.1359375
0 0.70546875 0.39609375 0.1046875 0.0984375
0 0.78984375 0.496875 0.1109375 0.12890625
0 0.9375 0.5609375 0.07734375 0.18984375
0 0.76484375 0.67890625 0.1109375 0.13984375
0 0.67265625 0.6171875 0.09453125 0.13828125
0 0.1484375 0.7046875 0.0984375 0.14921875
0 0.1671875 0.8609375 0.1140625 0.1265625
0 0.4390625 0.17109375 0.1203125 0.109375
0 0.58671875 0.309375 0.109375 0.11953125
0 0.51484375 0.7828125 0.0796875 0.19375
0 0.190625 0.05859375 0.12578125 0.115625
0 0.140625 0.3875 0.09140625 0.21640625
0 0.09921875 0.5984375 0.0734375 0.1578125
0 0.5453125 0.23359375 0.10234375 0.2046875
0 0.446875 0.27578125 0.1078125 0.11328125
0 0.2953125 0.534375 0.0578125 0.1734375
0 0.4765625 0.059375 0.096875 0.11875
0 0.53984375 0.95390625 0.0984375 0.0921875
0 0.18671875 0.95546875 0.11015625 0.0859375
0 0.04140625 0.29609375 0.08046875 0.1828125
0 0.4984375 0.58671875 0.121875 0.134375
0 0.39609375 0.6921875 0.09765625 0.178125
0 0.353125 0.62109375 0.084375 0.1796875