0 0.4140625 0.8046875 0.084375 0.159375
0 0.246875 0.86796875 0.09140625 0.11796875
0 0.35625 0.9484375 0.08515625 0.1
0 0.93046875 0.9515625 0.0796875 0.0953125
0 0.33359375 0.41875 0.0921875 0.16796875
0 0.503125 0.96328125 0.0609375 0.0734375
0 0.66953125 0.41015625 0.0859375 0.12890625
0 0.946875 0.4046875 0.0859375 0.10703125
0 0.7375 0.05625 0.08359375 0.1109375
0 0.275 0.4546875 0.059375 0.18359375
0 0.1109375 0.43828125 0.103125 0.1859375
0 0.190625 0.2734375 0.0796875 0.16796875
0 0.02734375 0.9359375 0.0546875 0.11796875
0 0.57890625 0.07890625 0.084375 0.15546875
0 0.60546875 0.4765625 0.1015625 0.11875
0 0.89296875 0.42265625 0.07421875 0.19453125