0 0.46328125 0.70703125 0.0828125 0.084375
0 0.7484375 0.62734375 0.0828125 0.09453125
0 0.8296875 0.5421875 0.0703125 0.103125
0 0.52421875 0.8375 0.0640625 0.090625
0 0.1703125 0.8671875 0.05 0.1046875
0 0.140625 0.6671875 0.0546875 0.0984375
0 0.29765625 0.85234375 0.05078125 0.12109375
0 0.021875 0.87734375 0.04375 0.0921875
0 0.50546875 0.93125 0.07109375 0.09765625
0 0.74140625 0.94609375 0.09296875 0.10625
0 0.3796875 0.26015625 0.05703125 0.096875
0 0.26015625 0.18515625 0.0625 0.0921875
0 0.9125 0.0453125 0.059375 0.0875
0 0.921875 0.16015625 0.0671875 0.11328125
0 0.9796875 0.19609375 0.040625 0.0921875
0 0.54296875 0.29375 0.06640625 0.10390625
0 0.73515625 0.35859375 0.090625 0.1515625