0 0.35703125 0.34375 0.05390625 0.165625
0 0.6546875 0.4796875 0.0515625 0.13359375
0 0.9734375 0.7171875 0.0484375 0.12421875
0 0.34453125 0.459375 0.075 0.11953125
0 0.38828125 0.503125 0.0546875 0.14140625
0 0.69453125 0.58359375 0.06171875 0.09375
0 0.96171875 0.3578125 0.0515625 0.09921875
0 0.05625 0.2109375 0.0890625 0.15703125
0 0.36953125 0.5984375 0.065625 0.15078125
0 0.846875 0.86640625 0.04453125 0.10703125
0 0.3171875 0.8546875 0.065625 0.1671875
0 0.0578125 0.8390625 0.06640625 0.14765625
0 0.84453125 0.590625 0.0625 0.1015625
0 0.26796875 0.684375 0.078125 0.128125
0 0.8578125 0.71953125 0.05546875 0.09140625
0 0.9578125 0.80859375 0.05390625 0.10703125
0 0.203125 0.84453125 0.07421875 0.15234375
0 0.1359375 0.84609375 0.075 0.1359375
0 0.96640625 0.8859375 0.04140625 0.11484375
0 0.65390625 0.94609375 0.0453125 0.1078125
0 0.29140625 0.91015625 0.05703125 0.1671875
0 0.646875 0.8375 0.0578125 0.11796875
0 0.67109375 0.69765625 0.0609375 0.1328125
0 0.7765625 0.86953125 0.08125 0.15703125
0 0.2578125 0.94375 0.0640625 0.1109375
0 0.50859375 0.65 0.075 0.08984375
0 0.646875 0.73515625 0.05546875 0.10859375
0 0.49296875 0.73984375 0.07890625 0.10859375
0 0.17421875 0.9234375 0.0796875 0.134375
0 0.52265625 0.93515625 0.07578125 0.1171875
0 0.06484375 0.93359375 0.07734375 0.103125
0 0.75234375 0.97421875 0.05 0.0515625
0 0.965625 0.97265625 0.05625 0.0546875
0 0.721875 0.69453125 0.06328125 0.103125
0 0.49296875 0.96171875 0.0609375 0.06796875