0 0.5859375 0.88671875 0.1 0.11640625
0 0.54765625 0.8359375 0.065625 0.08515625
0 0.47578125 0.82109375 0.06875 0.0875
0 0.45234375 0.9203125 0.078125 0.09453125
0 0.73359375 0.70234375 0.06640625 0.07109375
0 0.7546875 0.6625 0.05546875 0.08359375
0 0.690625 0.55234375 0.0421875 0.06953125
0 0.725 0.85859375 0.06875 0.0921875
0 0.88046875 0.81171875 0.0640625 0.09296875
0 0.89296875 0.7359375 0.06875 0.05859375
0 0.93828125 0.621875 0.06171875 0.10078125
0 0.34453125 0.8796875 0.05546875 0.0796875
0 0.3953125 0.815625 0.0640625 0.0828125
0 0.45703125 0.63203125 0.05859375 0.06640625