0 0.14921875 0.09921875 0.09296875 0.08046875
0 0.2125 0.03828125 0.084375 0.0765625
0 0.57734375 0.03359375 0.07734375 0.0671875
0 0.18125 0.68828125 0.078125 0.11015625
0 0.1796875 0.80234375 0.08359375 0.1140625
0 0.25390625 0.81953125 0.0484375 0.1359375
0 0.04453125 0.69765625 0.0859375 0.10859375
0 0.5453125 0.90859375 0.07890625 0.1359375
0 0.6171875 0.5734375 0.08671875 0.103125
0 0.79375 0.8015625 0.06953125 0.11171875
0 0.915625 0.64140625 0.0515625 0.128125
0 0.85078125 0.61953125 0.0546875 0.14375
0 0.08203125 0.49140625 0.065625 0.16640625
0 0.96875 0.40078125 0.0625 0.1078125
0 0.9375 0.090625 0.07421875 0.0734375
0 0.83671875 0.53359375 0.0640625 0.10234375
0 0.975 0.8171875 0.05 0.115625
0 0.90546875 0.88515625 0.04453125 0.09609375
0 0.8546875 0.834375 0.0640625 0.15625
0 0.8546875 0.71796875 0.06640625 0.09765625
0 0.68125 0.515625 0.0515625 0.18359375
0 0.2796875 0.43359375 0.09609375 0.0984375
0 0.41484375 0.0171875 0.04375 0.03359375
0 0.02109375 0.8453125 0.0421875 0.11484375
0 0.69921875 0.35078125 0.0734375 0.1140625
0 0.18046875 0.33359375 0.0703125 0.13359375
0 0.06015625 0.41171875 0.0578125 0.075
0 0.26015625 0.33125 0.06796875 0.128125
0 0.97890625 0.8859375 0.0421875 0.1390625
0 0.47734375 0.428125 0.071875 0.134375
0 0.6078125 0.22421875 0.08125 0.0984375
0 0.821875 0.23359375 0.06015625 0.11796875
0 0.96015625 0.28828125 0.040625 0.0609375
0 0.375 0.271875 0.0546875 0.07265625
0 0.896875 0.1515625 0.07578125 0.1015625
0 0.43671875 0.284375 0.0625 0.07421875
0 0.87109375 0.3265625 0.0453125 0.10234375
0 0.7703125 0.35078125 0.065625 0.09296875