0 0.440625 0.60546875 0.0765625 0.11484375
0 0.121875 0.4671875 0.06875 0.1640625
0 0.53203125 0.66484375 0.0765625 0.134375
0 0.609375 0.30234375 0.07265625 0.140625
0 0.6625 0.303125 0.0765625 0.13046875
0 0.7359375 0.37734375 0.05625 0.15625
0 0.590625 0.6453125 0.07109375 0.09453125
0 0.18984375 0.771875 0.09765625 0.1046875
0 0.68828125 0.61015625 0.0875 0.0875
0 0.94375 0.665625 0.07421875 0.0953125
0 0.66640625 0.675 0.08671875 0.0859375
0 0.403125 0.80859375 0.09375 0.08984375
0 0.33203125 0.7859375 0.07265625 0.10859375