0 0.91796875 0.6359375 0.10078125 0.11875
0 0.9578125 0.49453125 0.065625 0.12734375
0 0.890625 0.521875 0.04609375 0.14140625
0 0.85703125 0.42421875 0.0578125 0.1015625
0 0.96328125 0.403125 0.0703125 0.09140625
0 0.91953125 0.16171875 0.0609375 0.0984375
0 0.82734375 0.18515625 0.08515625 0.07578125
0 0.7859375 0.296875 0.06875 0.090625
0 0.69765625 0.459375 0.07578125 0.12734375
0 0.67578125 0.24375 0.06171875 0.12578125
0 0.58359375 0.14765625 0.07734375 0.13046875
0 0.56953125 0.259375 0.08046875 0.10234375
0 0.5609375 0.4 0.09140625 0.09375
0 0.61796875 0.51328125 0.0796875 0.1390625
0 0.4515625 0.66171875 0.10625 0.1109375
0 0.215625 0.66640625 0.07265625 0.1453125
0 0.02265625 0.6328125 0.0453125 0.128125
0 0.05546875 0.58125 0.0640625 0.12578125
0 0.04140625 0.52578125 0.06640625 0.09296875
0 0.1125 0.4890625 0.065625 0.11015625
0 0.2234375 0.47734375 0.05078125 0.08984375
0 0.26484375 0.3921875 0.03984375 0.103125
0 0.29453125 0.446875 0.07109375 0.07421875
0 0.334375 0.52265625 0.07578125 0.13046875
0 0.45625 0.5546875 0.05390625 0.09375
0 0.49140625 0.45390625 0.0640625 0.10703125
0 0.40859375 0.50234375 0.07890625 0.07578125
0 0.33515625 0.35390625 0.0484375 0.0578125
0 0.390625 0.246875 0.05625 0.08125
0 0.44609375 0.2265625 0.0484375 0.1125
0 0.37265625 0.4171875 0.03359375 0.07421875