0 0.38046875 0.41953125 0.1015625 0.13515625
0 0.83671875 0.48125 0.11953125 0.1265625
0 0.0359375 0.28046875 0.071875 0.1359375
0 0.159375 0.4546875 0.078125 0.18125
0 0.87265625 0.32109375 0.12890625 0.1484375
0 0.86328125 0.62421875 0.11171875 0.125
0 0.7640625 0.6265625 0.10234375 0.1484375
0 0.27421875 0.8171875 0.1140625 0.1140625
0 0.17109375 0.821875 0.11875 0.159375
0 0.93515625 0.140625 0.12265625 0.1203125
0 0.93125 0.93515625 0.084375 0.12890625
0 0.66484375 0.0453125 0.1140625 0.08828125