0 0.7234375 0.35546875 0.075 0.1515625
0 0.9484375 0.309375 0.08203125 0.14921875
0 0.64765625 0.0859375 0.04921875 0.10703125
0 0.66484375 0.209375 0.0609375 0.14296875
0 0.5421875 0.446875 0.053125 0.115625
0 0.5421875 0.66875 0.0578125 0.11953125
0 0.89921875 0.73984375 0.05703125 0.11171875
0 0.78046875 0.73515625 0.059375 0.134375
0 0.725 0.9046875 0.0703125 0.10703125
0 0.7046875 0.72890625 0.053125 0.15
0 0.0359375 0.39765625 0.06875 0.12734375
0 0.5671875 0.9578125 0.0796875 0.084375
0 0.2234375 0.1484375 0.09765625 0.1125
0 0.0953125 0.07578125 0.06640625 0.1484375
0 0.9625 0.86640625 0.04765625 0.12265625
0 0.9171875 0.89140625 0.05703125 0.121875
0 0.32109375 0.36015625 0.05546875 0.10703125
0 0.80546875 0.92890625 0.07890625 0.1375
0 0.01953125 0.753125 0.0390625 0.125
0 0.15390625 0.3921875 0.08359375 0.11875
0 0.346875 0.82421875 0.08515625 0.14140625
0 0.24140625 0.36171875 0.07421875 0.10546875
0 0.31875 0.97578125 0.0625 0.0484375
0 0.35703125 0.9296875 0.0390625 0.121875
0 0.428125 0.9046875 0.07421875 0.125
0 0.39453125 0.86640625 0.0640625 0.12421875
0 0.4296875 0.97734375 0.04765625 0.0453125