0 0.67421875 0.76640625 0.0796875 0.22109375
0 0.9140625 0.8984375 0.0578125 0.1328125
0 0.51328125 0.92734375 0.0921875 0.1453125
0 0.3984375 0.090625 0.053125 0.10859375
0 0.290625 0.81875 0.1015625 0.10390625
0 0.9265625 0.14453125 0.08046875 0.10546875
0 0.04609375 0.57109375 0.0921875 0.12890625
0 0.8546875 0.6234375 0.059375 0.1796875
0 0.075 0.3546875 0.06640625 0.14296875
0 0.34921875 0.9125 0.09296875 0.109375
0 0.0328125 0.38515625 0.065625 0.14140625
0 0.9484375 0.60546875 0.06640625 0.1625
0 0.9234375 0.265625 0.05546875 0.1078125
0 0.08046875 0.17421875 0.07578125 0.11484375
0 0.81015625 0.28828125 0.0640625 0.10546875
0 0.74609375 0.22578125 0.06640625 0.12890625
0 0.3984375 0.2140625 0.05390625 0.10546875
0 0.23203125 0.38515625 0.0640625 0.1296875
0 0.4875 0.61953125 0.0875 0.0984375
0 0.853125 0.36015625 0.04609375 0.13125
0 0.66171875 0.4515625 0.04140625 0.096875
0 0.765625 0.5890625 0.05703125 0.13984375
0 0.7015625 0.2859375 0.0828125 0.07421875
0 0.50390625 0.42421875 0.0875 0.12421875
0 0.36328125 0.5578125 0.0515625 0.14140625
0 0.5984375 0.40234375 0.06796875 0.11328125
0 0.44609375 0.52890625 0.06640625 0.12578125
0 0.71015625 0.54296875 0.06171875 0.12265625
0 0.2671875 0.49140625 0.08828125 0.1328125
0 0.3109375 0.50546875 0.05 0.13515625
0 0.29765625 0.4109375 0.0609375 0.11875
0 0.2484375 0.26875 0.09296875 0.115625
0 0.44921875 0.3265625 0.10859375 0.08828125
0 0.88984375 0.5234375 0.075 0.096875
0 0.38046875 0.47578125 0.07265625 0.10234375
0 0.45234375 0.4546875 0.0828125 0.09765625
0 0.79140625 0.56015625 0.0640625 0.12734375
0 0.83984375 0.5421875 0.0484375 0.13515625
0 0.67578125 0.37265625 0.0953125 0.0640625
0 0.72265625 0.43046875 0.0546875 0.1234375