0 0.528125 0.61953125 0.0625 0.1890625
0 0.7265625 0.6796875 0.053125 0.1625
0 0.82421875 0.6484375 0.05859375 0.14375
0 0.2484375 0.56328125 0.05859375 0.196875
0 0.18046875 0.675 0.0609375 0.1734375
0 0.91328125 0.64375 0.04609375 0.134375
0 0.928125 0.72734375 0.06796875 0.1296875
0 0.19296875 0.87265625 0.06953125 0.14453125
0 0.928125 0.39921875 0.05546875 0.12109375
0 0.74765625 0.4546875 0.07578125 0.1046875
0 0.02734375 0.63984375 0.053125 0.140625
0 0.1109375 0.5953125 0.05625 0.153125
0 0.0703125 0.8734375 0.11953125 0.1640625
0 0.8578125 0.04609375 0.053125 0.0921875
0 0.2109375 0.08984375 0.08125 0.1171875
0 0.19765625 0.4671875 0.06015625 0.18125
0 0.63671875 0.6546875 0.07265625 0.11484375
0 0.2890625 0.37265625 0.04296875 0.14921875
0 0.425 0.4546875 0.0546875 0.16015625
0 0.32109375 0.06015625 0.0796875 0.11640625
0 0.821875 0.42109375 0.046875 0.13125
0 0.57578125 0.509375 0.04609375 0.13671875
0 0.86875 0.43828125 0.04765625 0.109375
0 0.91328125 0.16953125 0.04375 0.134375
0 0.8484375 0.53046875 0.07734375 0.09140625
0 0.0203125 0.08984375 0.040625 0.121875
0 0.25390625 0.36484375 0.053125 0.13671875
0 0.159375 0.19921875 0.07734375 0.1359375
0 0.38984375 0.365625 0.0703125 0.1171875
0 0.675 0.1 0.059375 0.14140625
0 0.715625 0.28515625 0.0890625 0.1109375
0 0.15703125 0.5296875 0.078125 0.12265625
0 0.365625 0.2359375 0.07734375 0.16015625
0 0.73046875 0.0484375 0.0578125 0.09375
0 0.5875 0.39765625 0.08984375 0.1328125
0 0.5984375 0.05 0.07890625 0.09921875
0 0.8609375 0.3359375 0.06015625 0.0921875
0 0.01875 0.3921875 0.0375 0.128125
0 0.09296875 0.1453125 0.0484375 0.13984375
0 0.62734375 0.128125 0.075 0.1109375
0 0.034375 0.21328125 0.065625 0.128125
0 0.571875 0.28828125 0.06953125 0.09609375
0 0.20390625 0.3234375 0.06640625 0.046875
0 0.88203125 0.196875 0.04453125 0.08984375
0 0.63203125 0.271875 0.040625 0.07734375
0 0.7765625 0.3109375 0.05390625 0.08671875
0 0.71796875 0.115625 0.03984375 0.1125
0 0.56796875 0.16953125 0.05859375 0.059375
0 0.1875 0.41796875 0.03125 0.10078125
0 0.47265625 0.40390625 0.05078125 0.084375
0 0.08359375 0.44765625 0.06171875 0.09296875
0 0.13359375 0.3921875 0.0515625 0.1375
0 0.50703125 0.1484375 0.0609375 0.08203125
0 0.421875 0.22890625 0.05625 0.1296875