0 0.76015625 0.83828125 0.09453125 0.13828125
0 0.975 0.7546875 0.05 0.128125
0 0.246875 0.67578125 0.10546875 0.11328125
0 0.02890625 0.4953125 0.0578125 0.115625
0 0.34609375 0.1734375 0.1046875 0.125
0 0.15078125 0.0578125 0.0828125 0.115625
0 0.0640625 0.0703125 0.075 0.11328125
0 0.15390625 0.34453125 0.0703125 0.1578125
0 0.92734375 0.20703125 0.08828125 0.14921875
0 0.9421875 0.38515625 0.10234375 0.11640625
0 0.83828125 0.3875 0.10234375 0.10078125
0 0.725 0.4640625 0.09296875 0.17265625
0 0.6515625 0.42578125 0.06171875 0.15078125
0 0.58671875 0.409375 0.0859375 0.12421875
0 0.63359375 0.05546875 0.07578125 0.1109375