0 0.11171875 0.1328125 0.10390625 0.1203125
0 0.07421875 0.3140625 0.084375 0.13125
0 0.93984375 0.2390625 0.10546875 0.13203125
0 0.434375 0.7140625 0.09375 0.1203125
0 0.38125 0.303125 0.1078125 0.128125
0 0.6171875 0.56171875 0.1125 0.1390625
0 0.7328125 0.5890625 0.09609375 0.1484375
0 0.7859375 0.2875 0.07734375 0.17109375
0 0.33828125 0.22890625 0.0859375 0.1359375
0 0.48828125 0.34296875 0.1078125 0.140625
0 0.60390625 0.42265625 0.109375 0.11796875
0 0.90703125 0.796875 0.11015625 0.12734375
0 0.715625 0.3578125 0.06953125 0.1859375
0 0.253125 0.60390625 0.10703125 0.12890625
0 0.79765625 0.75078125 0.090625 0.184375
0 0.759375 0.14296875 0.07421875 0.14375
0 0.6140625 0.32734375 0.0953125 0.1140625
0 0.10703125 0.5578125 0.0671875 0.17265625
0 0.6859375 0.20859375 0.078125 0.190625
0 0.82421875 0.5421875 0.08671875 0.17109375
0 0.57421875 0.65546875 0.13125 0.09453125
0 0.16171875 0.6625 0.065625 0.14765625
0 0.56328125 0.77109375 0.10234375 0.14140625
0 0.2484375 0.5171875 0.07734375 0.12734375
0 0.0265625 0.5640625 0.053125 0.13125
0 0.38203125 0.871875 0.078125 0.16953125
0 0.05234375 0.878125 0.103125 0.15234375
0 0.6828125 0.084375 0.10234375 0.13046875
0 0.584375 0.92109375 0.115625 0.1421875
0 0.75625 0.046875 0.096875 0.09375
0 0.83984375 0.90390625 0.08046875 0.1234375
0 0.0578125 0.66796875 0.103125 0.1390625