0 0.34375 0.6015625 0.084375 0.153125
0 0.6859375 0.6171875 0.09921875 0.12734375
0 0.26328125 0.89765625 0.11015625 0.12421875
0 0.8 0.6703125 0.06015625 0.17578125
0 0.4421875 0.8421875 0.11015625 0.1109375
0 0.0578125 0.84765625 0.07890625 0.16484375
0 0.9015625 0.36796875 0.08984375 0.096875
0 0.7390625 0.8296875 0.0578125 0.171875
0 0.8859375 0.659375 0.05859375 0.15390625
0 0.68515625 0.7890625 0.05703125 0.159375
0 0.62421875 0.778125 0.0734375 0.11171875
0 0.559375 0.79609375 0.075 0.13046875
0 0.06328125 0.9421875 0.075 0.11484375
0 0.8234375 0.8171875 0.05703125 0.18515625
0 0.86796875 0.7875 0.0546875 0.19140625