0 0.4671875 0.76484375 0.0546875 0.15
0 0.36875 0.7640625 0.05078125 0.13125
0 0.64375 0.74375 0.05078125 0.11953125
0 0.69453125 0.69765625 0.0875 0.11484375
0 0.18046875 0.78203125 0.06640625 0.0875
0 0.58828125 0.74375 0.0609375 0.11484375
0 0.915625 0.60625 0.065625 0.09375
0 0.2640625 0.8609375 0.05390625 0.11875
0 0.246875 0.8109375 0.05 0.07421875
0 0.54609375 0.68046875 0.05 0.09296875
0 0.13828125 0.84453125 0.04140625 0.09921875
0 0.09453125 0.8484375 0.04375 0.09140625
0 0.2 0.87421875 0.05546875 0.0921875
0 0.68125 0.6109375 0.05 0.0859375
0 0.94453125 0.6453125 0.078125 0.134375
0 0.3921875 0.68671875 0.04921875 0.0859375
0 0.89921875 0.5109375 0.06484375 0.0734375
0 0.7484375 0.521875 0.078125 0.08984375
0 0.31875 0.7765625 0.05234375 0.0953125
0 0.80625 0.7765625 0.1078125 0.14453125
0 0.53359375 0.434375 0.06796875 0.08203125