0 0.7890625 0.5328125 0.053125 0.115625
0 0.66328125 0.621875 0.07109375 0.0875
0 0.58359375 0.57421875 0.0609375 0.0984375
0 0.49375 0.48515625 0.05625 0.13515625
0 0.671875 0.421875 0.065625 0.12109375
0 0.5671875 0.7984375 0.071875 0.08515625
0 0.74921875 0.7234375 0.0640625 0.0953125
0 0.41171875 0.46015625 0.05625 0.14765625
0 0.4140625 0.6265625 0.071875 0.12109375
0 0.3421875 0.66875 0.0734375 0.10859375
0 0.45546875 0.8765625 0.07734375 0.109375
0 0.93203125 0.76328125 0.05234375 0.0890625
0 0.3046875 0.83671875 0.08515625 0.13046875
0 0.73359375 0.8828125 0.06875 0.11875
0 0.31484375 0.50234375 0.06953125 0.12890625
0 0.18359375 0.43359375 0.0640625 0.128125
0 0.14609375 0.709375 0.0703125 0.1140625
0 0.2234375 0.6859375 0.0625 0.146875
0 0.82890625 0.89140625 0.06640625 0.109375
0 0.56953125 0.36640625 0.0578125 0.10703125
0 0.40234375 0.80859375 0.06484375 0.1625
0 0.90546875 0.22890625 0.05625 0.10234375
0 0.72578125 0.32734375 0.06328125 0.0953125
0 0.29375 0.14609375 0.06015625 0.134375
0 0.37109375 0.35703125 0.06875 0.09921875
0 0.146875 0.578125 0.06171875 0.16953125
0 0.246875 0.34921875 0.0625 0.1296875
0 0.0390625 0.884375 0.0765625 0.1390625
0 0.92890625 0.6515625 0.06796875 0.14375
0 0.64140625 0.82734375 0.084375 0.175
0 0.13359375 0.94609375 0.07109375 0.0984375
0 0.025 0.50625 0.05 0.15625
0 0.97578125 0.6828125 0.04765625 0.153125
0 0.8078125 0.43828125 0.04609375 0.0859375
0 0.22578125 0.0671875 0.06015625 0.13125
0 0.38046875 0.1765625 0.07734375 0.10234375
0 0.96796875 0.8578125 0.0546875 0.1390625
0 0.59296875 0.2390625 0.078125 0.15859375
0 0.0921875 0.10390625 0.0546875 0.15
0 0.03828125 0.12109375 0.0640625 0.128125
0 0.7359375 0.05390625 0.0671875 0.1015625
0 0.40390625 0.06015625 0.0578125 0.115625
0 0.4546875 0.05390625 0.05625 0.1078125
0 0.871875 0.1140625 0.05703125 0.0953125
0 0.190625 0.3296875 0.05546875 0.0578125
0 0.775 0.3109375 0.0453125 0.0890625
0 0.159375 0.14375 0.08515625 0.115625
0 0.7328125 0.1328125 0.09453125 0.0875
0 0.83671875 0.396875 0.07265625 0.10625
0 0.0765625 0.46640625 0.06953125 0.10234375
0 0.44921875 0.3921875 0.0671875 0.084375
0 0.14375 0.22265625 0.05859375 0.0828125
0 0.0203125 0.234375 0.040625 0.096875
0 0.6015625 0.31328125 0.053125 0.0671875
0 0.61484375 0.37109375 0.03671875 0.05234375