0 0.4375 0.17734375 0.09453125 0.17109375
0 0.190625 0.0921875 0.08125 0.15703125
0 0.22109375 0.296875 0.1109375 0.13984375
0 0.16328125 0.32265625 0.11328125 0.18046875
0 0.6078125 0.284375 0.07421875 0.175
0 0.13203125 0.5234375 0.08515625 0.14375
0 0.653125 0.5578125 0.08984375 0.15234375
0 0.3765625 0.453125 0.09296875 0.14453125
0 0.26328125 0.54921875 0.1140625 0.1796875
0 0.53828125 0.38046875 0.0953125 0.1265625
0 0.871875 0.328125 0.0765625 0.215625
0 0.6671875 0.11484375 0.0875 0.1984375
0 0.7953125 0.35234375 0.07421875 0.18125
0 0.1234375 0.62578125 0.12421875 0.12578125
0 0.31171875 0.7828125 0.07890625 0.15390625
0 0.03046875 0.1265625 0.059375 0.15234375
0 0.9015625 0.12890625 0.09765625 0.134375
0 0.7328125 0.4609375 0.103125 0.16640625
0 0.7453125 0.19453125 0.06875 0.159375
0 0.96171875 0.390625 0.075 0.2015625
0 0.4828125 0.60703125 0.08125 0.17734375
0 0.2078125 0.56171875 0.07265625 0.18203125
0 0.35546875 0.03828125 0.0859375 0.0734375
0 0.53984375 0.8078125 0.084375 0.1484375
0 0.828125 0.609375 0.103125 0.14453125
0 0.8734375 0.48671875 0.1265625 0.13359375
0 0.8109375 0.0625 0.0875 0.12109375
0 0.025 0.55234375 0.05 0.1484375
0 0.9625 0.22578125 0.07421875 0.1265625
0 0.11796875 0.815625 0.10625 0.12734375
0 0.6515625 0.834375 0.06875 0.1671875
0 0.45625 0.5453125 0.11875 0.1359375
0 0.73515625 0.059375 0.08046875 0.1140625
0 0.03046875 0.83359375 0.06015625 0.1515625
0 0.915625 0.634375 0.1015625 0.11875
0 0.2125 0.9171875 0.1046875 0.1375
0 0.1765625 0.73359375 0.16640625 0.13984375
0 0.775 0.64609375 0.07421875 0.17890625
0 0.96953125 0.06875 0.0609375 0.1375
0 0.965625 0.82578125 0.0671875 0.1828125
0 0.61015625 0.91328125 0.0796875 0.171875
0 0.7484375 0.74453125 0.12265625 0.1203125
0 0.29375 0.86796875 0.06953125 0.19296875
0 0.846875 0.93828125 0.1234375 0.11640625
0 0.9796875 0.540625 0.03984375 0.1296875
0 0.44453125 0.94453125 0.0703125 0.1109375
0 0.35234375 0.91796875 0.06484375 0.11328125
0 0.91875 0.02734375 0.0796875 0.0546875