0 0.6484375 0.42734375 0.0671875 0.0984375
0 0.60625 0.27734375 0.04609375 0.06484375
0 0.146875 0.55390625 0.06171875 0.0796875
0 0.18359375 0.61640625 0.0625 0.08046875
0 0.21015625 0.7125 0.0453125 0.08671875
0 0.33828125 0.321875 0.0390625 0.06953125
0 0.028125 0.37578125 0.03828125 0.06328125
0 0.1265625 0.37734375 0.03203125 0.1046875
0 0.56015625 0.0375 0.04921875 0.075
0 0.07578125 0.740625 0.05859375 0.08203125
0 0.61953125 0.0515625 0.065625 0.10234375
0 0.559375 0.753125 0.06875 0.11640625
0 0.31796875 0.025 0.04609375 0.04921875
0 0.45703125 0.2890625 0.05078125 0.046875
0 0.22578125 0.8125 0.06875 0.06875
0 0.425 0.79921875 0.0484375 0.075
0 0.134375 0.81953125 0.03359375 0.06015625
0 0.7203125 0.01796875 0.04296875 0.0359375
0 0.6609375 0.1015625 0.04609375 0.05625
0 0.18046875 0.8109375 0.04296875 0.0796875
0 0.38125 0.8015625 0.040625 0.075
0 0.83515625 0.95390625 0.059375 0.08515625
0 0.034375 0.78984375 0.0453125 0.0796875
0 0.50625 0.7921875 0.04453125 0.0890625
0 0.7515625 0.778125 0.0515625 0.1
0 0.1875 0.95546875 0.04921875 0.04765625
0 0.0125 0.828125 0.025 0.071875
0 0.678125 0.7984375 0.040625 0.0703125
0 0.2421875 0.9703125 0.04375 0.059375
0 0.7796875 0.8078125 0.05546875 0.07265625
0 0.540625 0.8453125 0.04453125 0.1140625
0 0.63515625 0.89296875 0.046875 0.05234375
0 0.5859375 0.97421875 0.05234375 0.0515625
0 0.284375 0.9765625 0.0625 0.046875
0 0.96875 0.9734375 0.0515625 0.0515625
0 0.43125 0.9 0.046875 0.04609375
0 0.58125 0.86328125 0.05 0.103125
0 0.3359375 0.8703125 0.0265625 0.0734375
0 0.771875 0.97109375 0.07734375 0.05703125