0 0.16875 0.2859375 0.071875 0.109375
0 0.96953125 0.38203125 0.0609375 0.1390625
0 0.178125 0.1796875 0.04921875 0.13671875
0 0.61328125 0.30859375 0.04921875 0.11796875
0 0.3171875 0.35 0.0515625 0.1234375
0 0.296875 0.77734375 0.05390625 0.12109375
0 0.9265625 0.26171875 0.05390625 0.14140625
0 0.43125 0.2671875 0.084375 0.1140625
0 0.71015625 0.0859375 0.0734375 0.10390625
0 0.1421875 0.17578125 0.0578125 0.1265625
0 0.4234375 0.171875 0.0671875 0.12578125
0 0.171875 0.59140625 0.05234375 0.14765625
0 0.3578125 0.7703125 0.05234375 0.13125
0 0.484375 0.678125 0.0625 0.146875
0 0.54609375 0.28359375 0.09140625 0.1109375
0 0.3921875 0.63515625 0.05390625 0.1171875
0 0.56015625 0.4765625 0.06328125 0.17265625
0 0.8421875 0.48515625 0.06640625 0.13125
0 0.1015625 0.43359375 0.07109375 0.078125
0 0.72578125 0.95 0.065625 0.09453125
0 0.22734375 0.08828125 0.0671875 0.115625
0 0.6703125 0.52734375 0.071875 0.14453125
0 0.80390625 0.81171875 0.06015625 0.11484375
0 0.97265625 0.53125 0.05390625 0.18046875
0 0.0625 0.36015625 0.053125 0.13828125
0 0.8953125 0.92109375 0.05859375 0.14296875
0 0.95859375 0.93125 0.07578125 0.11953125
0 0.303125 0.0453125 0.0703125 0.08515625
0 0.78359375 0.9578125 0.0734375 0.08203125
0 0.04453125 0.48203125 0.05546875 0.08203125
0 0.9171875 0.11171875 0.0671875 0.171875
0 0.25703125 0.8 0.0390625 0.1359375
0 0.04140625 0.6015625 0.0625 0.14453125
0 0.259375 0.6671875 0.0625 0.0953125
0 0.165625 0.840625 0.08125 0.1078125
0 0.22265625 0.6921875 0.06328125 0.1234375
0 0.97578125 0.24765625 0.0484375 0.11640625
0 0.4265625 0.95 0.06328125 0.0953125
0 0.07421875 0.0765625 0.075 0.13515625
0 0.3234375 0.21484375 0.05703125 0.146875
0 0.1109375 0.221875 0.04765625 0.13046875
0 0.6140625 0.540625 0.05859375 0.1453125
0 0.02734375 0.2578125 0.0515625 0.08515625
0 0.371875 0.17265625 0.0703125 0.13203125
0 0.5359375 0.03984375 0.0640625 0.078125
0 0.45234375 0.540625 0.06953125 0.1328125
0 0.35859375 0.428125 0.07109375 0.10859375
0 0.61640625 0.8203125 0.06953125 0.13046875
0 0.7484375 0.50234375 0.065625 0.16953125
0 0.58046875 0.6296875 0.059375 0.125
0 0.30703125 0.73515625 0.03515625 0.06953125
0 0.484375 0.2140625 0.06875 0.1125
0 0.615625 0.7171875 0.0640625 0.0953125
0 0.9796875 0.11640625 0.03984375 0.15
0 0.8578125 0.67109375 0.0890625 0.09609375
0 0.29140625 0.49921875 0.046875 0.09375
0 0.68515625 0.209375 0.0578125 0.1734375
0 0.6140625 0.92734375 0.07578125 0.10546875
0 0.7109375 0.38671875 0.08203125 0.11875
0 0.69921875 0.81875 0.04140625 0.09765625