0 0.19765625 0.26875 0.078125 0.12109375
0 0.253125 0.346875 0.08203125 0.1
0 0.19765625 0.46015625 0.08828125 0.11875
0 0.09921875 0.1609375 0.0703125 0.178125
0 0.359375 0.08046875 0.08359375 0.10703125
0 0.56015625 0.55078125 0.0625 0.15390625
0 0.62578125 0.8109375 0.07421875 0.14453125
0 0.38203125 0.84453125 0.08203125 0.09765625
0 0.44375 0.90078125 0.0796875 0.09140625
0 0.43359375 0.58828125 0.0625 0.11484375
0 0.14453125 0.8609375 0.08359375 0.109375
0 0.821875 0.69375 0.0625 0.1234375
0 0.565625 0.15390625 0.06953125 0.11328125
0 0.6109375 0.5625 0.05546875 0.09296875
0 0.2359375 0.6890625 0.065625 0.09296875
0 0.3921875 0.50625 0.053125 0.134375
0 0.9203125 0.6515625 0.046875 0.13125
0 0.434375 0.6859375 0.078125 0.10078125
0 0.60234375 0.3609375 0.06796875 0.09609375
0 0.54765625 0.946875 0.06328125 0.1046875
0 0.90546875 0.91484375 0.04765625 0.1296875
0 0.1 0.64140625 0.06796875 0.14609375
0 0.2546875 0.571875 0.0546875 0.13828125
0 0.94765625 0.2 0.0546875 0.1078125