0 0.33671875 0.1140625 0.05703125 0.146875
0 0.128125 0.290625 0.06953125 0.12578125
0 0.6796875 0.2765625 0.0625 0.1015625
0 0.1546875 0.43828125 0.08984375 0.12578125
0 0.178125 0.6390625 0.0734375 0.12734375
0 0.5890625 0.571875 0.0578125 0.13828125
0 0.89765625 0.521875 0.0609375 0.09296875
0 0.77265625 0.7421875 0.0578125 0.11953125
0 0.28046875 0.36328125 0.071875 0.10859375
0 0.46640625 0.5984375 0.0734375 0.1046875
0 0.771875 0.51875 0.046875 0.1484375
0 0.58515625 0.8484375 0.06015625 0.1078125
0 0.9625 0.78515625 0.05 0.0875
0 0.2515625 0.4671875 0.053125 0.15703125
0 0.6 0.15625 0.06953125 0.11484375
0 0.48671875 0.4015625 0.08984375 0.12109375
0 0.3734375 0.6921875 0.0734375 0.09296875
0 0.3828125 0.59453125 0.059375 0.10625
0 0.4125 0.44765625 0.05859375 0.1515625
0 0.63671875 0.8375 0.06171875 0.12109375
0 0.34453125 0.88828125 0.075 0.1046875
0 0.38828125 0.78984375 0.08125 0.11953125
0 0.3359375 0.4890625 0.0609375 0.1046875
0 0.590625 0.96484375 0.071875 0.0703125
0 0.96171875 0.678125 0.03828125 0.1203125
0 0.97421875 0.6 0.0515625 0.0828125
0 0.39453125 0.51015625 0.07578125 0.09765625