0 0.440625 0.5296875 0.08125 0.1546875
0 0.4078125 0.87421875 0.071875 0.13203125
0 0.14453125 0.9046875 0.06796875 0.1453125
0 0.740625 0.9171875 0.06875 0.12734375
0 0.48203125 0.13203125 0.05625 0.15234375
0 0.18203125 0.09375 0.07578125 0.1
0 0.03359375 0.0484375 0.065625 0.096875
0 0.64296875 0.3734375 0.0515625 0.1171875
0 0.02890625 0.33984375 0.0578125 0.08515625
0 0.83125 0.2734375 0.04921875 0.1
0 0.16484375 0.40703125 0.0625 0.121875
0 0.46953125 0.3828125 0.053125 0.17421875
0 0.9703125 0.26640625 0.04453125 0.140625
0 0.42890625 0.2890625 0.1 0.07578125
0 0.60546875 0.2671875 0.07890625 0.08203125
0 0.75 0.296875 0.07734375 0.11015625