0 0.39375 0.17109375 0.11875 0.11328125
0 0.50390625 0.240625 0.09140625 0.10703125
0 0.6703125 0.23203125 0.10390625 0.15625
0 0.45546875 0.5953125 0.06015625 0.1578125
0 0.409375 0.303125 0.08671875 0.1265625
0 0.58984375 0.49296875 0.0859375 0.1234375
0 0.70703125 0.3578125 0.1 0.11484375
0 0.121875 0.3359375 0.1125 0.12265625
0 0.628125 0.59453125 0.0671875 0.153125
0 0.1484375 0.63984375 0.07109375 0.18046875
0 0.9078125 0.54921875 0.109375 0.1171875
0 0.29140625 0.6875 0.0578125 0.153125
0 0.259375 0.34453125 0.0859375 0.140625
0 0.03984375 0.39765625 0.07421875 0.1234375
0 0.7359375 0.115625 0.096875 0.11484375
0 0.465625 0.0921875 0.06484375 0.18125
0 0.553125 0.6703125 0.09140625 0.15625
0 0.23828125 0.17578125 0.07578125 0.12734375
0 0.16484375 0.05546875 0.103125 0.109375
0 0.34140625 0.78671875 0.08046875 0.13359375
0 0.35703125 0.66796875 0.0796875 0.11953125