0 0.58046875 0.3359375 0.05078125 0.0984375
0 0.57265625 0.50546875 0.0734375 0.10625
0 0.73125 0.53359375 0.06953125 0.13046875
0 0.8046875 0.48359375 0.0703125 0.08984375
0 0.85 0.55625 0.0515625 0.125
0 0.87109375 0.44296875 0.065625 0.12890625
0 0.759375 0.77109375 0.07734375 0.090625
0 0.646875 0.7609375 0.06328125 0.10078125
0 0.6265625 0.6734375 0.07109375 0.06328125
0 0.69765625 0.63984375 0.065625 0.08203125
0 0.76875 0.68359375 0.04296875 0.09375
0 0.725 0.68125 0.046875 0.08828125
0 0.41015625 0.7046875 0.05703125 0.11171875
0 0.13515625 0.396875 0.046875 0.09609375
0 0.0640625 0.7015625 0.046875 0.09921875
0 0.140625 0.75859375 0.0359375 0.071875
0 0.20234375 0.7234375 0.053125 0.08984375
0 0.25234375 0.7734375 0.05859375 0.1015625
0 0.1828125 0.80546875 0.0296875 0.065625
0 0.096875 0.8 0.053125 0.090625
0 0.03984375 0.77265625 0.040625 0.07109375
0 0.88359375 0.759375 0.07421875 0.08515625
0 0.54453125 0.78046875 0.028125 0.09609375
0 0.49453125 0.71796875 0.04140625 0.08984375
0 0.40625 0.8 0.05 0.07734375
0 0.88125 0.68671875 0.07265625 0.06171875
0 0.91640625 0.659375 0.06015625 0.08203125
0 0.97734375 0.9109375 0.0453125 0.096875
0 0.1796875 0.965625 0.0609375 0.06875
0 0.83984375 0.89140625 0.0625 0.0484375
0 0.86953125 0.94765625 0.07734375 0.08984375
0 0.4875 0.8 0.06796875 0.0671875