0 0.440625 0.271875 0.10546875 0.1015625
0 0.59375 0.57890625 0.11171875 0.146875
0 0.49296875 0.5796875 0.08984375 0.13046875
0 0.53359375 0.71328125 0.0859375 0.171875
0 0.3796875 0.6421875 0.0796875 0.19921875
0 0.803125 0.6171875 0.11171875 0.13515625
0 0.89296875 0.64765625 0.1046875 0.175
0 0.18203125 0.9265625 0.08203125 0.14375
0 0.178125 0.70390625 0.10546875 0.13984375
0 0.9046875 0.51328125 0.1 0.1015625
0 0.2609375 0.9234375 0.09375 0.13828125
0 0.275 0.6140625 0.1046875 0.12578125
0 0.63984375 0.9171875 0.0765625 0.165625
0 0.9703125 0.646875 0.059375 0.209375
0 0.0609375 0.5953125 0.0765625 0.1671875
0 0.16796875 0.53671875 0.07421875 0.17890625
0 0.5375 0.340625 0.07109375 0.10234375
0 0.8859375 0.9015625 0.0859375 0.196875