0 0.83359375 0.46015625 0.0515625 0.1015625
0 0.7828125 0.0296875 0.05 0.059375
0 0.84765625 0.0296875 0.0546875 0.059375
0 0.89765625 0.03671875 0.04765625 0.0734375
0 0.965625 0.02421875 0.06875 0.0484375
0 0.9765625 0.06796875 0.046875 0.1015625
0 0.978125 0.4125 0.04375 0.109375
0 0.98203125 0.2515625 0.0359375 0.109375
0 0.9796875 0.6734375 0.040625 0.16171875
0 0.75703125 0.8640625 0.0796875 0.1125
0 0.9078125 0.97890625 0.05 0.0421875
0 0.2375 0.69921875 0.059375 0.0984375
0 0.171875 0.03125 0.0453125 0.0609375
0 0.35546875 0.34765625 0.06640625 0.11484375
0 0.0328125 0.21796875 0.046875 0.08125
0 0.68125 0.221875 0.07265625 0.09453125
0 0.1515625 0.078125 0.0421875 0.08515625
0 0.3578125 0.65 0.05234375 0.1390625
0 0.24296875 0.0421875 0.03828125 0.0828125
0 0.6234375 0.271875 0.065625 0.084375
0 0.3921875 0.484375 0.0625 0.10625
0 0.03125 0.03515625 0.04296875 0.06484375
0 0.059375 0.5546875 0.0453125 0.078125
0 0.74375 0.1984375 0.0578125 0.1015625
0 0.0453125 0.27734375 0.0609375 0.09375
0 0.31640625 0.515625 0.06953125 0.115625
0 0.48203125 0.6546875 0.046875 0.15390625
0 0.16484375 0.1828125 0.05625 0.0796875
0 0.71953125 0.0875 0.04921875 0.12890625
0 0.15078125 0.2671875 0.07578125 0.08984375
0 0.01171875 0.4671875 0.021875 0.08984375
0 0.6203125 0.14921875 0.0640625 0.0921875
0 0.41953125 0.140625 0.05546875 0.11328125
0 0.540625 0.04375 0.05625 0.0875
0 0.05390625 0.0953125 0.04921875 0.12109375
0 0.07421875 0.059375 0.0484375 0.08203125
0 0.584375 0.1765625 0.05 0.103125
0 0.01171875 0.56484375 0.0234375 0.059375
0 0.54765625 0.66875 0.07109375 0.12109375
0 0.678125 0.10625 0.046875 0.1171875
0 0.37734375 0.11875 0.04375 0.07734375
0 0.0984375 0.47265625 0.05078125 0.1078125
0 0.415625 0.071875 0.046875 0.08515625
0 0.3296875 0.121875 0.06484375 0.0875
0 0.3078125 0.05703125 0.0546875 0.08359375
0 0.4390625 0.0546875 0.04765625 0.07734375
0 0.5375 0.5609375 0.05625 0.11015625
0 0.59765625 0.5578125 0.059375 0.1375
0 0.61796875 0.0859375 0.059375 0.078125
0 0.3578125 0.0359375 0.04609375 0.071875
0 0.09765625 0.12734375 0.03984375 0.1046875