0 0.265625 0.4546875 0.103125 0.09296875
0 0.665625 0.41484375 0.096875 0.1046875
0 0.50703125 0.45859375 0.11640625 0.09140625
0 0.36875 0.67265625 0.0921875 0.1
0 0.903125 0.646875 0.103125 0.11875
0 0.47265625 0.31640625 0.10390625 0.10703125
0 0.13515625 0.4015625 0.09453125 0.14375
0 0.96640625 0.50234375 0.0671875 0.096875
0 0.32734375 0.8796875 0.13359375 0.15546875
0 0.81328125 0.36640625 0.1015625 0.11328125
0 0.896875 0.42578125 0.08515625 0.09453125
0 0.234375 0.5828125 0.109375 0.10859375
0 0.94921875 0.33984375 0.08125 0.10625
0 0.13125 0.6140625 0.065625 0.1546875
0 0.32421875 0.19921875 0.07421875 0.10390625
0 0.259375 0.1015625 0.0953125 0.11484375
0 0.41015625 0.9390625 0.0796875 0.1171875
0 0.9703125 0.12578125 0.059375 0.1234375
0 0.2265625 0.6578125 0.0984375 0.08515625
0 0.95234375 0.96015625 0.09140625 0.07890625
0 0.18984375 0.04140625 0.06640625 0.07890625
0 0.03515625 0.11953125 0.06953125 0.11640625
0 0.5203125 0.0734375 0.0828125 0.0890625
0 0.909375 0.18203125 0.0640625 0.11875
0 0.04140625 0.02890625 0.08203125 0.05703125
0 0.04765625 0.80234375 0.07890625 0.09140625
0 0.05 0.8921875 0.0953125 0.19375
0 0.50234375 0.12734375 0.075 0.12578125
0 0.39375 0.2125 0.0640625 0.15625
0 0.75625 0.2125 0.04921875 0.14296875
0 0.45078125 0.19140625 0.0671875 0.1734375
0 0.8953125 0.02265625 0.05859375 0.0453125
0 0.0953125 0.115625 0.06328125 0.17890625
0 0.86328125 0.2375 0.05390625 0.16796875
0 0.01171875 0.3875 0.0234375 0.11484375
0 0.815625 0.2328125 0.0515625 0.1734375
0 0.60234375 0.05 0.08359375 0.090625
0 0.86328125 0.82421875 0.1046875 0.10546875
0 0.90859375 0.8546875 0.0734375 0.153125
0 0.96328125 0.8546875 0.05234375 0.09375
0 0.36796875 0.93984375 0.08671875 0.1203125
0 0.2703125 0.7546875 0.1 0.11171875
0 0.21875 0.728125 0.09453125 0.08515625
0 0.14765625 0.89921875 0.07265625 0.1734375
0 0.121875 0.82421875 0.05390625 0.11015625
0 0.13671875 0.14140625 0.0609375 0.14296875
0 0.1703125 0.14921875 0.06484375 0.11796875
0 0.3765625 0.11875 0.1125 0.08125
0 0.31875 0.0390625 0.053125 0.07265625
0 0.75234375 0.078125 0.04296875 0.11875
0 0.628125 0.12421875 0.053125 0.12890625
0 0.67578125 0.12421875 0.0640625 0.1328125
0 0.709375 0.1265625 0.04765625 0.084375