0 0.91875 0.13125 0.05625 0.1984375
0 0.74921875 0.33671875 0.090625 0.103125
0 0.8078125 0.365625 0.08671875 0.1140625
0 0.47890625 0.27734375 0.08125 0.11015625
0 0.415625 0.125 0.05390625 0.16953125
0 0.95390625 0.3375 0.06953125 0.15390625
0 0.884375 0.46953125 0.06171875 0.1625
0 0.4671875 0.93125 0.05390625 0.12578125
0 0.6109375 0.40703125 0.0921875 0.12265625
0 0.6859375 0.12890625 0.0609375 0.14140625
0 0.73046875 0.1203125 0.06484375 0.1484375
0 0.69609375 0.0421875 0.084375 0.08046875
0 0.5796875 0.6984375 0.0796875 0.1125
0 0.68984375 0.49140625 0.0640625 0.1625
0 0.5 0.35234375 0.0578125 0.13203125
0 0.78046875 0.05625 0.084375 0.1109375
0 0.2578125 0.1 0.05546875 0.1296875
0 0.1234375 0.05625 0.0484375 0.1109375
0 0.09375 0.109375 0.05 0.09609375
0 0.853125 0.68203125 0.08515625 0.084375
0 0.215625 0.04140625 0.07734375 0.0828125
0 0.34375 0.9375 0.0734375 0.1140625
0 0.61796875 0.740625 0.09140625 0.0984375
0 0.25234375 0.18046875 0.04765625 0.11484375
0 0.93984375 0.5203125 0.0609375 0.17734375
0 0.52421875 0.7875 0.06796875 0.14296875
0 0.4234375 0.3984375 0.0625 0.1203125
0 0.59375 0.475 0.07421875 0.16484375
0 0.40625 0.04140625 0.06640625 0.08046875
0 0.08828125 0.24921875 0.06640625 0.0890625
0 0.17578125 0.47421875 0.06015625 0.07734375
0 0.25859375 0.62890625 0.05546875 0.09609375
0 0.240625 0.43984375 0.0640625 0.0671875
0 0.28984375 0.3515625 0.0453125 0.12109375
0 0.0875 0.4828125 0.06171875 0.09609375
0 0.47421875 0.040625 0.07265625 0.0765625
0 0.190625 0.60234375 0.05546875 0.13671875
0 0.46953125 0.57734375 0.06328125 0.1390625
0 0.08359375 0.371875 0.065625 0.1328125
0 0.084375 0.57578125 0.0609375 0.12265625
0 0.665625 0.8890625 0.05546875 0.1515625
0 0.20703125 0.29921875 0.059375 0.134375
0 0.86484375 0.03125 0.09296875 0.05859375
0 0.58515625 0.9109375 0.08125 0.11484375
0 0.02109375 0.171875 0.0421875 0.09296875
0 0.08046875 0.6875 0.05703125 0.12890625
0 0.24375 0.8609375 0.065625 0.1171875
0 0.40390625 0.57109375 0.0515625 0.13984375
0 0.97734375 0.83046875 0.0453125 0.075
0 0.9828125 0.9484375 0.034375 0.07109375
0 0.9265625 0.98125 0.071875 0.0375
0 0.30390625 0.0265625 0.0453125 0.04921875
0 0.8046875 0.81171875 0.06796875 0.1265625
0 0.4875 0.815625 0.0609375 0.1125
0 0.7390625 0.86328125 0.08359375 0.0859375
0 0.778125 0.6109375 0.05859375 0.1
0 0.3609375 0.66796875 0.07890625 0.090625
0 0.36640625 0.43203125 0.06953125 0.0859375
0 0.0296875 0.48515625 0.05703125 0.08125
0 0.03046875 0.25859375 0.0484375 0.06640625