0 0.4375 0.57421875 0.07890625 0.13203125
0 0.55390625 0.32578125 0.065625 0.1296875
0 0.4625 0.26171875 0.0921875 0.1046875
0 0.2203125 0.46640625 0.046875 0.13203125
0 0.42265625 0.21875 0.046875 0.13125
0 0.3078125 0.1015625 0.078125 0.1390625
0 0.2203125 0.665625 0.0703125 0.12890625
0 0.6703125 0.06015625 0.0921875 0.11640625
0 0.378125 0.66328125 0.059375 0.10234375
0 0.21796875 0.1765625 0.065625 0.15234375
0 0.33671875 0.54609375 0.0921875 0.0890625
0 0.07109375 0.32734375 0.06171875 0.11875
0 0.01640625 0.3453125 0.0328125 0.10234375
0 0.54140625 0.04140625 0.07109375 0.0796875
0 0.0171875 0.146875 0.03046875 0.12734375
0 0.27109375 0.0390625 0.08203125 0.078125
0 0.91640625 0.90625 0.05390625 0.146875
0 0.04140625 0.2484375 0.05078125 0.0859375
0 0.14453125 0.19765625 0.07265625 0.103125
0 0.02734375 0.71328125 0.0515625 0.10234375
0 0.12421875 0.67890625 0.084375 0.10390625
0 0.165625 0.02890625 0.07890625 0.05703125
0 0.059375 0.13359375 0.0421875 0.10625
0 0.6546875 0.85078125 0.08203125 0.14375
0 0.23515625 0.89140625 0.06640625 0.0953125