0 0.57734375 0.75 0.05390625 0.078125
0 0.896875 0.62890625 0.0484375 0.078125
0 0.96875 0.66875 0.06015625 0.06328125
0 0.84296875 0.6078125 0.0625 0.07421875
0 0.7890625 0.634375 0.05703125 0.08203125
0 0.74453125 0.5953125 0.059375 0.08359375
0 0.93125 0.76875 0.059375 0.11015625
0 0.85703125 0.8390625 0.05546875 0.09921875
0 0.17421875 0.68984375 0.04921875 0.07734375
0 0.4984375 0.5875 0.053125 0.08046875
0 0.85234375 0.6984375 0.05703125 0.096875
0 0.778125 0.84921875 0.04765625 0.1140625
0 0.3765625 0.6734375 0.08203125 0.0734375
0 0.22734375 0.615625 0.05078125 0.0828125
0 0.734375 0.8421875 0.05390625 0.12265625
0 0.0296875 0.78046875 0.05859375 0.0796875
0 0.6171875 0.690625 0.05546875 0.0703125
0 0.26953125 0.69609375 0.05234375 0.0859375
0 0.1640625 0.76875 0.04765625 0.08671875
0 0.44765625 0.6359375 0.0515625 0.08515625
0 0.4984375 0.79765625 0.05078125 0.08828125
0 0.70703125 0.5484375 0.0453125 0.07421875
0 0.88125 0.78046875 0.06796875 0.12265625
0 0.675 0.8984375 0.059375 0.11015625
0 0.09140625 0.784375 0.053125 0.10859375
0 0.23125 0.7828125 0.0671875 0.07421875
0 0.55859375 0.5640625 0.05546875 0.096875
0 0.61484375 0.6046875 0.065625 0.08046875
0 0.4796875 0.7359375 0.0671875 0.078125
0 0.4375 0.56171875 0.0453125 0.09296875
0 0.425 0.74140625 0.0546875 0.1125
0 0.49375 0.6609375 0.053125 0.0859375
0 0.39609375 0.584375 0.06328125 0.07109375
0 0.38828125 0.86171875 0.05625 0.1203125
0 0.98046875 0.7921875 0.0390625 0.11328125
0 0.8875 0.52578125 0.06796875 0.11796875
0 0.6578125 0.503125 0.06484375 0.065625
0 0.5296875 0.5171875 0.06484375 0.07421875
0 0.86796875 0.93046875 0.071875 0.0828125
0 0.3375 0.60390625 0.053125 0.075
0 0.9546875 0.51484375 0.065625 0.115625
0 0.58515625 0.50390625 0.053125 0.071875
0 0.79140625 0.53828125 0.05703125 0.07578125
0 0.3453125 0.7390625 0.053125 0.07734375
0 0.6671875 0.56328125 0.06875 0.07734375
0 0.47265625 0.51796875 0.06875 0.0859375
0 0.25234375 0.58203125 0.0359375 0.06953125
0 0.75625 0.5015625 0.05 0.115625
0 0.31015625 0.7375 0.04921875 0.09140625
0 0.1765625 0.56171875 0.03203125 0.06328125
0 0.321875 0.53515625 0.0625 0.05390625
0 0.81328125 0.490625 0.059375 0.053125
0 0.12890625 0.8609375 0.06875 0.09296875
0 0.2984375 0.57421875 0.0546875 0.07109375
0 0.571875 0.98125 0.0703125 0.0375
0 0.046875 0.90625 0.05546875 0.09765625
0 0.4140625 0.52578125 0.05234375 0.0625
0 0.0125 0.69453125 0.025 0.0609375
0 0.3765625 0.5375 0.0515625 0.06640625
0 0.27578125 0.54921875 0.03203125 0.08046875
0 0.1390625 0.63828125 0.040625 0.09609375
0 0.1375 0.5546875 0.03515625 0.075
0 0.05078125 0.65234375 0.0546875 0.07265625
0 0.01875 0.55859375 0.0375 0.090625
0 0.04609375 0.55625 0.0359375 0.08828125
0 0.0828125 0.56171875 0.065625 0.06171875
0 0.0875 0.61875 0.06484375 0.059375
0 0.23359375 0.53671875 0.040625 0.06640625