0 0.55234375 0.3703125 0.090625 0.209375
0 0.39921875 0.628125 0.075 0.17421875
0 0.825 0.15625 0.0765625 0.16171875
0 0.853125 0.559375 0.09765625 0.15625
0 0.5125 0.5890625 0.11484375 0.14765625
0 0.2625 0.3609375 0.07578125 0.18984375
0 0.240625 0.13125 0.08203125 0.1265625
0 0.19453125 0.38203125 0.08203125 0.2140625
0 0.4765625 0.17109375 0.06171875 0.15859375
0 0.9515625 0.37890625 0.09609375 0.1671875
0 0.78828125 0.28046875 0.10390625 0.1234375
0 0.125 0.196875 0.0609375 0.18515625
0 0.4359375 0.3140625 0.0859375 0.13046875
0 0.72265625 0.77265625 0.06484375 0.20078125
0 0.403125 0.4484375 0.09921875 0.12734375
0 0.059375 0.08359375 0.065625 0.15859375
0 0.66328125 0.5078125 0.08671875 0.17578125
0 0.1515625 0.5 0.06796875 0.1546875
0 0.6421875 0.8328125 0.07578125 0.17890625
0 0.59453125 0.58046875 0.078125 0.1359375
0 0.965625 0.796875 0.06796875 0.17265625
0 0.8 0.38671875 0.09765625 0.109375
0 0.3328125 0.36875 0.06875 0.1546875
0 0.7390625 0.49375 0.08359375 0.1578125
0 0.0734375 0.9140625 0.06796875 0.14609375
0 0.04609375 0.446875 0.0828125 0.11328125
0 0.0765625 0.184375 0.0671875 0.225
0 0.9578125 0.5421875 0.0765625 0.17890625
0 0.3984375 0.8765625 0.084375 0.246875
0 0.5109375 0.9203125 0.09140625 0.1515625
0 0.09921875 0.52421875 0.0890625 0.13515625
0 0.078125 0.7375 0.115625 0.13984375
0 0.47109375 0.79375 0.0765625 0.18046875
0 0.39453125 0.07578125 0.08984375 0.12109375
0 0.371875 0.33046875 0.07734375 0.13203125
0 0.34296875 0.1390625 0.08671875 0.11640625
0 0.95625 0.66328125 0.08359375 0.13671875
0 0.31640625 0.06875 0.0828125 0.1296875
0 0.271875 0.78203125 0.0859375 0.12890625
0 0.05625 0.34765625 0.1125 0.11328125
0 0.05390625 0.62734375 0.07421875 0.1546875
0 0.171875 0.9609375 0.059375 0.078125
0 0.15703125 0.82734375 0.05078125 0.17265625
0 0.79765625 0.84765625 0.06953125 0.13828125