0 0.06015625 0.384375 0.09921875 0.14375
0 0.89140625 0.45234375 0.090625 0.1453125
0 0.4671875 0.3875 0.08125 0.0890625
0 0.3375 0.4203125 0.10625 0.165625
0 0.3953125 0.81171875 0.1234375 0.1140625
0 0.76953125 0.440625 0.08671875 0.1671875
0 0.87734375 0.0609375 0.07265625 0.121875
0 0.95 0.109375 0.0796875 0.13046875
0 0.66328125 0.88125 0.0796875 0.17109375
0 0.4046875 0.06328125 0.0828125 0.1234375
0 0.740625 0.90703125 0.08359375 0.1234375
0 0.3921875 0.69453125 0.06953125 0.16640625
0 0.9234375 0.19765625 0.096875 0.11015625
0 0.56953125 0.92734375 0.09765625 0.14140625
0 0.83203125 0.271875 0.103125 0.15
0 0.5078125 0.946875 0.0828125 0.10390625