0 0.2296875 0.7296875 0.0921875 0.1265625
0 0.3734375 0.92578125 0.08828125 0.10703125
0 0.12265625 0.7859375 0.0796875 0.1
0 0.159375 0.86328125 0.084375 0.0828125
0 0.4671875 0.88203125 0.06171875 0.0890625
0 0.47890625 0.7921875 0.07421875 0.10625
0 0.32578125 0.7890625 0.0921875 0.17265625
0 0.21328125 0.93671875 0.11484375 0.1140625
0 0.03828125 0.653125 0.0765625 0.08984375
0 0.91484375 0.940625 0.04609375 0.08203125
0 0.8578125 0.94375 0.0515625 0.09453125
0 0.05625 0.71171875 0.0640625 0.0796875
0 0.56171875 0.73203125 0.059375 0.09375
0 0.39375 0.66484375 0.06796875 0.10546875
0 0.73671875 0.95859375 0.0578125 0.08046875
0 0.2859375 0.69609375 0.06953125 0.09296875
0 0.23125 0.54140625 0.05703125 0.1125
0 0.23828125 0.6265625 0.0578125 0.10078125
0 0.940625 0.90078125 0.053125 0.078125
0 0.56171875 0.81875 0.053125 0.0921875
0 0.88125 0.79921875 0.06328125 0.096875
0 0.6078125 0.771875 0.0375 0.08125
0 0.5015625 0.959375 0.053125 0.075
0 0.0484375 0.85 0.06640625 0.10859375
0 0.06640625 0.61640625 0.046875 0.065625
0 0.978125 0.72734375 0.04296875 0.08203125
0 0.7234375 0.81953125 0.04765625 0.075