0 0.87890625 0.1390625 0.06953125 0.18125
0 0.9015625 0.371875 0.07890625 0.12421875
0 0.65234375 0.5765625 0.07578125 0.165625
0 0.64921875 0.41171875 0.07890625 0.1828125
0 0.6640625 0.20078125 0.053125 0.14609375
0 0.60546875 0.24375 0.07890625 0.13671875
0 0.67421875 0.32265625 0.0546875 0.1421875
0 0.7796875 0.821875 0.08046875 0.10859375
0 0.796875 0.97109375 0.11640625 0.0578125
0 0.7015625 0.95625 0.07578125 0.0875
0 0.578125 0.94921875 0.1 0.1015625
0 0.55703125 0.8125 0.0828125 0.11328125
0 0.49765625 0.89453125 0.0765625 0.1703125
0 0.3953125 0.9546875 0.096875 0.090625
0 0.39296875 0.825 0.09453125 0.15
0 0.24921875 0.8671875 0.10546875 0.128125
0 0.046875 0.96875 0.09375 0.0625
0 0.04609375 0.56953125 0.08828125 0.14609375
0 0.1234375 0.33515625 0.04375 0.17265625
0 0.240625 0.2890625 0.08984375 0.11953125
0 0.31015625 0.3390625 0.0890625 0.14296875
0 0.390625 0.31796875 0.08359375 0.12890625
0 0.51171875 0.3359375 0.07890625 0.1375