0 0.61171875 0.5296875 0.09296875 0.11484375
0 0.1203125 0.6078125 0.09921875 0.128125
0 0.12734375 0.459375 0.096875 0.1203125
0 0.38828125 0.0921875 0.090625 0.128125
0 0.21953125 0.1328125 0.0921875 0.10546875
0 0.49609375 0.44921875 0.084375 0.10625
0 0.73203125 0.56484375 0.0609375 0.10625
0 0.3140625 0.19296875 0.06171875 0.1109375
0 0.9140625 0.5375 0.0703125 0.0921875
0 0.86953125 0.60859375 0.07421875 0.13125
0 0.46328125 0.95390625 0.1 0.0921875
0 0.26953125 0.48125 0.059375 0.13046875
0 0.9515625 0.60234375 0.0671875 0.1234375
0 0.215625 0.48046875 0.05390625 0.153125
0 0.90078125 0.30859375 0.06015625 0.1140625
0 0.4078125 0.565625 0.06640625 0.12734375
0 0.4984375 0.55546875 0.059375 0.1171875
0 0.78828125 0.60859375 0.0515625 0.13203125
0 0.4375 0.48046875 0.07578125 0.1265625
0 0.321875 0.51484375 0.065625 0.16171875
0 0.884375 0.4109375 0.09296875 0.0734375
0 0.24375 0.06484375 0.09453125 0.0765625