0 0.77890625 0.2609375 0.06171875 0.084375
0 0.89609375 0.28828125 0.0640625 0.1109375
0 0.8796875 0.7265625 0.07734375 0.0875
0 0.76484375 0.6671875 0.0453125 0.08671875
0 0.72578125 0.64921875 0.0734375 0.11640625
0 0.75 0.771875 0.05078125 0.096875
0 0.4328125 0.790625 0.040625 0.090625
0 0.62109375 0.74921875 0.06796875 0.09453125
0 0.31875 0.7796875 0.059375 0.10078125
0 0.87578125 0.79765625 0.08046875 0.06953125
0 0.56328125 0.68203125 0.0703125 0.1015625
0 0.975 0.77265625 0.05 0.10859375
0 0.51640625 0.7609375 0.04765625 0.11171875
0 0.140625 0.80234375 0.0625 0.0859375
0 0.55546875 0.74375 0.04453125 0.0796875
0 0.475 0.809375 0.03828125 0.0671875
0 0.47109375 0.9578125 0.0453125 0.0765625
0 0.784375 0.971875 0.06953125 0.05546875
0 0.96640625 0.9515625 0.0515625 0.0859375
0 0.9125 0.9125 0.06328125 0.06875
0 0.71171875 0.015625 0.04609375 0.03125
0 0.1109375 0.83203125 0.0375 0.0421875
0 0.7453125 0.0140625 0.05 0.028125
0 0.42265625 0.959375 0.04140625 0.07890625
0 0.0234375 0.83359375 0.046875 0.0609375
0 0.1265625 0.525 0.059375 0.11796875
0 0.9015625 0.97421875 0.075 0.0515625
0 0.8609375 0.940625 0.04921875 0.11015625