0 0.1296875 0.2265625 0.10859375 0.10234375
0 0.7203125 0.22421875 0.06640625 0.0890625
0 0.47578125 0.8375 0.11796875 0.109375
0 0.74375 0.45234375 0.05625 0.0765625
0 0.2484375 0.2125 0.09140625 0.125
0 0.603125 0.7453125 0.10390625 0.11328125
0 0.17578125 0.45625 0.059375 0.11015625
0 0.54453125 0.346875 0.0828125 0.07578125
0 0.13359375 0.71953125 0.10703125 0.12578125
0 0.53046875 0.20078125 0.0765625 0.096875
0 0.915625 0.0453125 0.090625 0.090625
0 0.89765625 0.35546875 0.09921875 0.1125
0 0.73515625 0.309375 0.10546875 0.09765625
0 0.29296875 0.18203125 0.0921875 0.13125
0 0.65703125 0.34375 0.0625 0.07734375
0 0.47265625 0.234375 0.071875 0.11953125
0 0.67421875 0.46796875 0.0703125 0.103125
0 0.5421875 0.05703125 0.06484375 0.1140625
0 0.784375 0.0671875 0.05625 0.0765625
0 0.4890625 0.05078125 0.071875 0.1015625
0 0.315625 0.4515625 0.08125 0.0890625
0 0.46640625 0.14921875 0.1 0.125
0 0.60078125 0.4765625 0.0921875 0.115625
0 0.66484375 0.6296875 0.09609375 0.1359375
0 0.5828125 0.14609375 0.10234375 0.12265625
0 0.41796875 0.08515625 0.06015625 0.140625
0 0.1890625 0.81953125 0.10234375 0.11171875
0 0.8796875 0.23671875 0.0828125 0.1078125
0 0.096875 0.82890625 0.0921875 0.09765625
0 0.7171875 0.69609375 0.06328125 0.1609375
0 0.8734375 0.4625 0.10078125 0.09375
0 0.02578125 0.4390625 0.0453125 0.1078125
0 0.959375 0.4546875 0.075 0.075
0 0.11484375 0.4765625 0.08046875 0.13359375
0 0.91171875 0.9359375 0.0671875 0.10859375
0 0.32265625 0.296875 0.07109375 0.11796875
0 0.36875 0.15390625 0.065625 0.1578125
0 0.63828125 0.203125 0.1 0.1234375
0 0.71953125 0.94453125 0.0953125 0.11015625
0 0.5078125 0.53203125 0.10234375 0.1640625
0 0.23046875 0.5734375 0.06953125 0.08515625
0 0.6078125 0.03046875 0.0625 0.0609375
0 0.19765625 0.95625 0.078125 0.0875
0 0.29921875 0.54140625 0.08359375 0.1140625
0 0.96796875 0.85 0.0609375 0.12265625
0 0.11796875 0.33671875 0.0671875 0.06015625
0 0.321875 0.96484375 0.0890625 0.0703125
0 0.434375 0.509375 0.0734375 0.19453125
0 0.0234375 0.81875 0.046875 0.1125
0 0.6359375 0.96015625 0.09375 0.0796875
0 0.1046875 0.91171875 0.09609375 0.103125
0 0.90078125 0.53203125 0.09609375 0.15625
0 0.77890625 0.7953125 0.128125 0.115625
0 0.02734375 0.93359375 0.0546875 0.1015625
0 0.025 0.13125 0.0484375 0.1
0 0.54765625 0.971875 0.0953125 0.05546875
0 0.6765625 0.06875 0.07265625 0.09921875
0 0.79765625 0.93359375 0.06171875 0.1328125
0 0.3109375 0.7390625 0.07109375 0.1578125
0 0.23671875 0.39453125 0.090625 0.1703125
0 0.4390625 0.9546875 0.09765625 0.08984375
0 0.9546875 0.1140625 0.07265625 0.2
0 0.85078125 0.59921875 0.1 0.0953125
0 0.85625 0.92265625 0.05625 0.1546875
0 0.4671875 0.31015625 0.078125 0.11640625
0 0.86171875 0.0796875 0.06015625 0.096875
0 0.7296875 0.05390625 0.06953125 0.1078125