0 0.0921875 0.35859375 0.078125 0.15234375
0 0.465625 0.390625 0.0953125 0.12265625
0 0.39453125 0.275 0.1015625 0.14609375
0 0.20546875 0.109375 0.08046875 0.19296875
0 0.89921875 0.28671875 0.07578125 0.17734375
0 0.725 0.2125 0.065625 0.1171875
0 0.42890625 0.1265625 0.08046875 0.115625
0 0.2703125 0.91484375 0.1015625 0.1234375
0 0.5921875 0.04921875 0.06875 0.09765625
0 0.5484375 0.13046875 0.0578125 0.15703125
0 0.36796875 0.04296875 0.0765625 0.0859375
0 0.41171875 0.8625 0.09375 0.12109375
0 0.33203125 0.81484375 0.08359375 0.10703125
0 0.45859375 0.5359375 0.06484375 0.1265625
0 0.3890625 0.56875 0.078125 0.1078125
0 0.6703125 0.30390625 0.08828125 0.09765625
0 0.0875 0.1109375 0.0640625 0.13125
0 0.8625 0.10625 0.10546875 0.134375
0 0.95546875 0.07421875 0.0859375 0.078125