0 0.57890625 0.39765625 0.14453125 0.12265625
0 0.475 0.17890625 0.12421875 0.125
0 0.75703125 0.58046875 0.1203125 0.10703125
0 0.3 0.18515625 0.12109375 0.20546875
0 0.91796875 0.7765625 0.11875 0.11015625
0 0.14765625 0.08828125 0.1203125 0.11484375
0 0.59296875 0.1953125 0.12421875 0.15
0 0.92578125 0.3953125 0.1265625 0.1390625
0 0.3484375 0.91484375 0.09921875 0.1125
0 0.71015625 0.74296875 0.09375 0.20546875
0 0.21015625 0.86171875 0.11171875 0.128125
0 0.96484375 0.86796875 0.0703125 0.13515625
0 0.55 0.8875 0.071875 0.1234375
0 0.76640625 0.04375 0.08828125 0.08203125
0 0.3984375 0.8125 0.0859375 0.1609375
0 0.88984375 0.03828125 0.0796875 0.07421875
0 0.79609375 0.90859375 0.0765625 0.11640625
0 0.60703125 0.82890625 0.065625 0.17734375
0 0.69296875 0.925 0.08359375 0.13203125