0 0.22734375 0.65234375 0.0453125 0.0890625
0 0.38828125 0.6765625 0.05078125 0.0765625
0 0.72734375 0.70625 0.059375 0.10234375
0 0.72890625 0.90859375 0.053125 0.10546875
0 0.83515625 0.64765625 0.05546875 0.11953125
0 0.78046875 0.6296875 0.071875 0.08359375
0 0.9171875 0.71875 0.0765625 0.07734375
0 0.025 0.7703125 0.0484375 0.090625
0 0.0953125 0.71015625 0.04453125 0.11015625
0 0.62890625 0.5609375 0.04765625 0.08515625
0 0.9125 0.63515625 0.084375 0.08046875
0 0.05859375 0.721875 0.04453125 0.07890625
0 0.196875 0.6328125 0.0375 0.09765625
0 0.29453125 0.57734375 0.06015625 0.06484375
0 0.77890625 0.8609375 0.08359375 0.08671875
0 0.3890625 0.6140625 0.05625 0.1
0 0.2453125 0.5609375 0.0453125 0.09296875
0 0.6671875 0.5109375 0.0578125 0.1375
0 0.478125 0.596875 0.0796875 0.0765625
0 0.45546875 0.96796875 0.0703125 0.0640625
0 0.46953125 0.52421875 0.0421875 0.109375
0 0.13125 0.6421875 0.0578125 0.07578125
0 0.02890625 0.696875 0.04921875 0.09453125
0 0.340625 0.57734375 0.040625 0.0828125
0 0.215625 0.7515625 0.05546875 0.0703125
0 0.09765625 0.61015625 0.05703125 0.07109375
0 0.9015625 0.57109375 0.06640625 0.07421875
0 0.35859375 0.5203125 0.05078125 0.0625
0 0.1515625 0.575 0.04140625 0.0765625
0 0.5609375 0.509375 0.0625 0.04765625
0 0.621875 0.5046875 0.04296875 0.0734375