0 0.6421875 0.4328125 0.05625 0.159375
0 0.7296875 0.73125 0.07734375 0.1265625
0 0.2125 0.91484375 0.059375 0.14140625
0 0.34921875 0.90546875 0.0703125 0.11328125
0 0.47265625 0.97421875 0.06328125 0.0515625
0 0.8546875 0.9515625 0.0703125 0.09375
0 0.3296875 0.1296875 0.0734375 0.1265625
0 0.24921875 0.83125 0.04453125 0.13203125
0 0.81015625 0.790625 0.0828125 0.121875
0 0.50390625 0.225 0.06875 0.1453125
0 0.653125 0.87578125 0.06328125 0.15625
0 0.07265625 0.5765625 0.0515625 0.09921875
0 0.46640625 0.19921875 0.0640625 0.14765625
0 0.60234375 0.221875 0.0671875 0.14375
0 0.753125 0.52109375 0.075 0.1453125
0 0.64375 0.05234375 0.075 0.1046875
0 0.2328125 0.10859375 0.05 0.0984375
0 0.49921875 0.88828125 0.0953125 0.1078125
0 0.9640625 0.903125 0.071875 0.1125
0 0.271875 0.93046875 0.05 0.1265625