0 0.303125 0.43984375 0.11015625 0.15390625
0 0.7015625 0.175 0.1 0.1515625
0 0.80078125 0.7203125 0.078125 0.16875
0 0.52265625 0.07578125 0.09140625 0.1484375
0 0.196875 0.93671875 0.12421875 0.11640625
0 0.47578125 0.5578125 0.08984375 0.23046875
0 0.79609375 0.11640625 0.09453125 0.14375
0 0.26796875 0.7828125 0.08046875 0.13203125
0 0.728125 0.06015625 0.1 0.11640625
0 0.87890625 0.8640625 0.065625 0.1375
0 0.659375 0.871875 0.075 0.1671875
0 0.725 0.92734375 0.08359375 0.11875
0 0.83828125 0.06953125 0.103125 0.134375
0 0.56328125 0.834375 0.08046875 0.1390625
0 0.4296875 0.97109375 0.0796875 0.0578125
0 0.10078125 0.76875 0.05625 0.15234375
0 0.81796875 0.86796875 0.0828125 0.1578125