0 0.4296875 0.603125 0.05859375 0.134375
0 0.41640625 0.790625 0.07109375 0.14921875
0 0.24140625 0.8953125 0.07421875 0.13203125
0 0.12109375 0.8640625 0.06875 0.15
0 0.625 0.7984375 0.08671875 0.09921875
0 0.0328125 0.63359375 0.065625 0.1046875
0 0.728125 0.4265625 0.05703125 0.1
0 0.6515625 0.1203125 0.071875 0.09140625
0 0.775 0.921875 0.075 0.15234375
0 0.6734375 0.903125 0.065625 0.153125
0 0.38359375 0.9203125 0.0734375 0.11484375
0 0.359375 0.11796875 0.0625 0.13046875
0 0.85546875 0.884375 0.05546875 0.15625