0 0.40390625 0.07421875 0.08046875 0.1390625
0 0.68125 0.06640625 0.0640625 0.12578125
0 0.7875 0.06328125 0.0640625 0.12421875
0 0.6703125 0.753125 0.0609375 0.12109375
0 0.5421875 0.78984375 0.075 0.1265625
0 0.60625 0.490625 0.05546875 0.17265625
0 0.528125 0.57265625 0.06875 0.12421875
0 0.84453125 0.7375 0.05234375 0.12109375
0 0.9421875 0.19765625 0.08515625 0.10859375
0 0.40703125 0.8421875 0.084375 0.1203125
0 0.959375 0.67109375 0.05078125 0.10625
0 0.8109375 0.37734375 0.0640625 0.17265625
0 0.909375 0.89140625 0.05859375 0.13515625
0 0.44765625 0.56328125 0.07109375 0.16328125
0 0.50859375 0.91953125 0.0703125 0.11640625
0 0.93671875 0.9078125 0.053125 0.13671875
0 0.559375 0.8953125 0.0546875 0.109375
0 0.98359375 0.809375 0.0328125 0.19609375
0 0.3421875 0.515625 0.0828125 0.06953125
0 0.7390625 0.90390625 0.04609375 0.1015625
0 0.69921875 0.93203125 0.0765625 0.1359375
0 0.44375 0.92734375 0.05546875 0.11328125
0 0.3671875 0.946875 0.05234375 0.10625
0 0.20859375 0.78984375 0.0484375 0.13359375
0 0.1578125 0.840625 0.10625 0.128125