0 0.6 0.684375 0.1265625 0.1265625
0 0.703125 0.80234375 0.125 0.13515625
0 0.4109375 0.6125 0.115625 0.19375
0 0.33203125 0.7203125 0.10703125 0.14296875
0 0.4953125 0.2953125 0.11328125 0.10390625
0 0.1890625 0.82578125 0.12265625 0.12265625
0 0.45859375 0.17578125 0.1265625 0.11953125
0 0.20234375 0.6671875 0.11875 0.1296875
0 0.36875 0.05390625 0.1140625 0.10546875
0 0.23671875 0.7421875 0.1078125 0.109375
0 0.20625 0.93203125 0.11640625 0.11875
0 0.5890625 0.51171875 0.1109375 0.15703125
0 0.66015625 0.27421875 0.10234375 0.1078125
0 0.75078125 0.48828125 0.103125 0.1234375
0 0.37890625 0.24765625 0.08515625 0.11953125
0 0.3375 0.165625 0.11796875 0.115625
0 0.88671875 0.865625 0.11953125 0.11953125
0 0.04921875 0.47421875 0.09453125 0.13046875
0 0.4015625 0.94921875 0.1375 0.1015625
0 0.79140625 0.2828125 0.08125 0.10546875
0 0.20546875 0.48046875 0.121875 0.134375
0 0.7484375 0.10625 0.10234375 0.1015625
0 0.2171875 0.12109375 0.10234375 0.14921875
0 0.8953125 0.56171875 0.0671875 0.171875
0 0.7234375 0.95234375 0.14921875 0.0921875