0 0.803125 0.66875 0.1046875 0.1265625
0 0.61484375 0.559375 0.0890625 0.09609375
0 0.646875 0.653125 0.0828125 0.10625
0 0.62578125 0.7921875 0.109375 0.13046875
0 0.71953125 0.7390625 0.075 0.08828125
0 0.87890625 0.78359375 0.06640625 0.0875
0 0.89453125 0.85625 0.059375 0.10625
0 0.50703125 0.58671875 0.06484375 0.096875
0 0.55546875 0.74609375 0.084375 0.090625
0 0.8328125 0.60234375 0.06953125 0.11875
0 0.8125 0.8046875 0.06796875 0.12578125
0 0.57265625 0.6765625 0.06171875 0.08203125
0 0.88671875 0.6671875 0.05078125 0.07734375
0 0.8828125 0.55546875 0.0578125 0.07109375
0 0.96015625 0.85 0.06875 0.0921875
0 0.75625 0.5609375 0.053125 0.103125
0 0.6984375 0.534375 0.04609375 0.1140625
0 0.728125 0.93125 0.0890625 0.134375
0 0.540625 0.946875 0.05546875 0.09375
0 0.7328125 0.634375 0.0609375 0.0828125
0 0.8890625 0.73359375 0.05390625 0.0609375
0 0.6359375 0.9546875 0.04765625 0.0890625
0 0.77109375 0.853125 0.05703125 0.090625
0 0.9828125 0.64140625 0.034375 0.140625
0 0.66484375 0.73671875 0.04765625 0.06171875
0 0.9765625 0.925 0.046875 0.08046875
0 0.6234375 0.728125 0.05625 0.05390625
0 0.53125 0.79921875 0.05 0.09921875
0 0.47578125 0.92578125 0.0859375 0.06640625