0 0.63203125 0.47890625 0.0890625 0.1015625
0 0.51953125 0.74296875 0.0921875 0.12578125
0 0.73125 0.865625 0.09765625 0.12109375
0 0.434375 0.47734375 0.065625 0.1171875
0 0.89609375 0.7328125 0.07734375 0.13359375
0 0.1359375 0.77421875 0.08828125 0.1421875
0 0.3 0.471875 0.0640625 0.10390625
0 0.796875 0.7265625 0.06796875 0.1421875
0 0.97265625 0.80625 0.0546875 0.1484375
0 0.61796875 0.61328125 0.05234375 0.10078125
0 0.3703125 0.4984375 0.0578125 0.15703125
0 0.81328125 0.8484375 0.0640625 0.1421875
0 0.271875 0.371875 0.0703125 0.1546875
0 0.84765625 0.94921875 0.08203125 0.09765625
0 0.8703125 0.840625 0.0671875 0.1484375
0 0.13125 0.54921875 0.08984375 0.1828125
0 0.26953125 0.0703125 0.0796875 0.11953125
0 0.2140625 0.85625 0.07578125 0.1640625
0 0.23671875 0.5453125 0.06171875 0.16484375
0 0.3171875 0.909375 0.071875 0.1703125
0 0.940625 0.36171875 0.07265625 0.12890625
0 0.36484375 0.37421875 0.0890625 0.12578125
0 0.0421875 0.50859375 0.0765625 0.13984375
0 0.13125 0.14609375 0.0703125 0.18359375
0 0.334375 0.05859375 0.078125 0.11640625
0 0.98125 0.49765625 0.0375 0.1671875
0 0.4953125 0.1625 0.0703125 0.14296875
0 0.359375 0.94921875 0.090625 0.0953125
0 0.4671875 0.05234375 0.06796875 0.1015625
0 0.24765625 0.2390625 0.1046875 0.134375
0 0.43515625 0.94921875 0.10078125 0.096875
0 0.18359375 0.184375 0.0671875 0.15234375
0 0.23671875 0.13828125 0.08203125 0.1046875
0 0.534375 0.92265625 0.05703125 0.1046875
0 0.91171875 0.94609375 0.0640625 0.1078125