0 0.89296875 0.03984375 0.0703125 0.0796875
0 0.7453125 0.15234375 0.10625 0.0765625
0 0.5453125 0.07265625 0.09609375 0.10078125
0 0.48046875 0.16015625 0.03671875 0.11328125
0 0.540625 0.17265625 0.06484375 0.0984375
0 0.57890625 0.3015625 0.05546875 0.09375
0 0.634375 0.23125 0.05703125 0.11640625
0 0.72421875 0.2609375 0.09765625 0.05390625
0 0.79921875 0.33203125 0.0578125 0.0984375
0 0.65859375 0.43046875 0.05078125 0.1265625
0 0.7078125 0.475 0.071875 0.0875
0 0.846875 0.48984375 0.053125 0.14453125
0 0.90625 0.41171875 0.07734375 0.0703125
0 0.98125 0.44765625 0.0375 0.12734375
0 0.81953125 0.634375 0.07578125 0.14375
0 0.784375 0.521875 0.05078125 0.12734375
0 0.85546875 0.796875 0.0609375 0.1125
0 0.69375 0.70078125 0.0875 0.1109375
0 0.64921875 0.8046875 0.08984375 0.10625
0 0.221875 0.915625 0.0875 0.1078125
0 0.59375 0.49921875 0.07421875 0.10625
0 0.53828125 0.44375 0.0609375 0.11171875
0 0.36953125 0.5765625 0.059375 0.11328125
0 0.21875 0.5375 0.0625 0.12109375
0 0.31328125 0.84296875 0.0625 0.11875
0 0.06328125 0.58671875 0.0515625 0.140625
0 0.11484375 0.6375 0.0671875 0.09921875
0 0.12265625 0.453125 0.065625 0.10390625
0 0.1984375 0.66328125 0.06484375 0.13203125
0 0.075 0.73359375 0.09375 0.12890625
0 0.17734375 0.7546875 0.090625 0.109375
0 0.2609375 0.65703125 0.0703125 0.13046875
0 0.96640625 0.125 0.06640625 0.1046875
0 0.30625 0.5890625 0.0703125 0.09375
0 0.51640625 0.85859375 0.0515625 0.153125
0 0.56796875 0.8859375 0.07265625 0.15859375
0 0.47890625 0.95 0.0609375 0.0921875
0 0.45859375 0.715625 0.059375 0.171875
0 0.11171875 0.04453125 0.08203125 0.08671875
0 0.3484375 0.4703125 0.0875 0.0890625
0 0.15546875 0.078125 0.0859375 0.11328125
0 0.02265625 0.60703125 0.04453125 0.13203125
0 0.36171875 0.26875 0.05625 0.10390625
0 0.1484375 0.20078125 0.0859375 0.10390625
0 0.10390625 0.97109375 0.0765625 0.0578125
0 0.29453125 0.07109375 0.06171875 0.11953125
0 0.45390625 0.459375 0.08671875 0.084375
0 0.38359375 0.39453125 0.04765625 0.10078125
0 0.9265625 0.96796875 0.10546875 0.06171875
0 0.3109375 0.3296875 0.0703125 0.07578125
0 0.065625 0.4890625 0.06171875 0.09140625
0 0.12578125 0.340625 0.0734375 0.1203125
0 0.03984375 0.02265625 0.03984375 0.04453125
0 0.98203125 0.34453125 0.0359375 0.1234375