0 0.7203125 0.546875 0.0953125 0.15234375
0 0.6703125 0.62734375 0.071875 0.16640625
0 0.46015625 0.64765625 0.096875 0.11484375
0 0.71953125 0.353125 0.13125 0.14609375
0 0.5953125 0.13125 0.0796875 0.04765625
0 0.80390625 0.8765625 0.07890625 0.18125
0 0.37578125 0.68125 0.07109375 0.13125
0 0.2328125 0.64765625 0.08359375 0.11484375
0 0.11953125 0.83984375 0.0640625 0.1515625
0 0.87421875 0.46875 0.08203125 0.1671875
0 0.75 0.74140625 0.13046875 0.12421875
0 0.94375 0.50390625 0.0671875 0.1453125
0 0.52265625 0.55234375 0.09296875 0.1125
0 0.55859375 0.87109375 0.08828125 0.14765625
0 0.31171875 0.87265625 0.0953125 0.12421875
0 0.290625 0.5125 0.071875 0.20078125
0 0.42109375 0.81328125 0.1015625 0.1234375
0 0.22265625 0.27734375 0.0671875 0.121875
0 0.39921875 0.090625 0.06015625 0.1203125
0 0.9390625 0.79140625 0.08515625 0.115625
0 0.91796875 0.6765625 0.065625 0.1265625
0 0.27109375 0.38046875 0.0890625 0.14140625
0 0.528125 0.4546875 0.08046875 0.13125
0 0.684375 0.0484375 0.06875 0.096875
0 0.146875 0.4671875 0.0640625 0.13125
0 0.25078125 0.9546875 0.09296875 0.0890625
0 0.9359375 0.08125 0.05859375 0.140625
0 0.0671875 0.37109375 0.07109375 0.13515625
0 0.0734375 0.10703125 0.078125 0.10078125
0 0.42734375 0.9203125 0.090625 0.13515625
0 0.3390625 0.11640625 0.06796875 0.07578125
0 0.1671875 0.03515625 0.065625 0.0703125
0 0.95078125 0.40234375 0.06875 0.09453125
0 0.88359375 0.134375 0.05078125 0.0859375
0 0.515625 0.2015625 0.1140625 0.125
0 0.08828125 0.05 0.08046875 0.0984375
0 0.2046875 0.38671875 0.07734375 0.11875
0 0.86484375 0.7046875 0.06640625 0.13125
0 0.78125 0.19140625 0.08359375 0.10234375
0 0.90390625 0.03984375 0.05703125 0.0796875
0 0.5453125 0.06015625 0.06953125 0.11796875
0 0.95625 0.88125 0.075 0.1296875
0 0.421875 0.5265625 0.09921875 0.1109375
0 0.43828125 0.42109375 0.0578125 0.1203125
0 0.4859375 0.315625 0.05546875 0.1109375
0 0.34765625 0.31640625 0.053125 0.10390625
0 0.30390625 0.2171875 0.1375 0.07109375