0 0.625 0.54296875 0.06484375 0.17421875
0 0.84453125 0.5546875 0.08203125 0.140625
0 0.91015625 0.28671875 0.07265625 0.14609375
0 0.74375 0.1484375 0.1078125 0.09921875
0 0.69609375 0.1171875 0.07109375 0.1
0 0.8390625 0.73359375 0.06015625 0.11484375
0 0.06875 0.34921875 0.04921875 0.1453125
0 0.515625 0.68671875 0.075 0.11484375
0 0.30703125 0.1921875 0.05078125 0.103125
0 0.05 0.2375 0.06328125 0.10625
0 0.11953125 0.8453125 0.05859375 0.125
0 0.178125 0.0953125 0.06328125 0.10078125
0 0.89921875 0.1359375 0.1234375 0.15703125
0 0.409375 0.05625 0.059375 0.1109375
0 0.60390625 0.74921875 0.08046875 0.1
0 0.1265625 0.13828125 0.059375 0.11171875
0 0.4359375 0.8140625 0.06484375 0.10546875
0 0.32265625 0.10625 0.07109375 0.09453125
0 0.57734375 0.84765625 0.09921875 0.10546875
0 0.0984375 0.74921875 0.06953125 0.0984375
0 0.259375 0.11796875 0.06484375 0.1375
0 0.07421875 0.8796875 0.05234375 0.140625