0 0.61328125 0.14765625 0.090625 0.1265625
0 0.5890625 0.5921875 0.06171875 0.13671875
0 0.396875 0.5265625 0.0640625 0.2078125
0 0.46484375 0.48984375 0.09296875 0.0953125
0 0.1609375 0.4828125 0.08828125 0.13046875
0 0.28125 0.62734375 0.0703125 0.20859375
0 0.190625 0.18515625 0.0671875 0.16796875
0 0.584375 0.85546875 0.08203125 0.2046875
0 0.1453125 0.265625 0.071875 0.09921875
0 0.2046875 0.59140625 0.07578125 0.16875
0 0.928125 0.7859375 0.07265625 0.24296875
0 0.84921875 0.67421875 0.0765625 0.1671875
0 0.05546875 0.21953125 0.0953125 0.1453125
0 0.475 0.834375 0.08125 0.209375
0 0.96328125 0.52265625 0.0734375 0.13359375
0 0.03671875 0.09453125 0.0734375 0.13046875
0 0.41640625 0.21171875 0.1109375 0.12109375
0 0.2390625 0.121875 0.0640625 0.21953125
0 0.1765625 0.90625 0.10078125 0.14921875
0 0.8609375 0.771875 0.07578125 0.12890625
0 0.93203125 0.29609375 0.08359375 0.13125
0 0.83515625 0.5421875 0.1046875 0.1
0 0.21875 0.40703125 0.04765625 0.10625