0 0.66328125 0.5484375 0.0828125 0.1125
0 0.4546875 0.565625 0.07734375 0.109375
0 0.52265625 0.7015625 0.075 0.09453125
0 0.46328125 0.790625 0.08359375 0.09453125
0 0.80078125 0.5796875 0.071875 0.09375
0 0.67265625 0.68515625 0.06640625 0.1171875
0 0.61015625 0.75859375 0.08828125 0.0828125
0 0.83515625 0.74921875 0.08203125 0.090625
0 0.375 0.53046875 0.05390625 0.08359375
0 0.83671875 0.65703125 0.059375 0.11171875
0 0.30859375 0.49375 0.05390625 0.09609375
0 0.74453125 0.65625 0.05546875 0.13359375
0 0.5484375 0.36015625 0.075 0.08046875
0 0.69375 0.82265625 0.07890625 0.13984375
0 0.36796875 0.4375 0.084375 0.10390625
0 0.32265625 0.61484375 0.10546875 0.15859375
0 0.309375 0.7234375 0.1109375 0.1125
0 0.690625 0.35390625 0.08515625 0.10078125
0 0.8625 0.434375 0.13203125 0.10703125
0 0.384375 0.8328125 0.06171875 0.0953125
0 0.19375 0.6 0.0609375 0.07421875
0 0.759375 0.42890625 0.0546875 0.12578125
0 0.96953125 0.4265625 0.0609375 0.0953125
0 0.53828125 0.7828125 0.059375 0.08671875
0 0.92109375 0.53046875 0.08359375 0.14140625
0 0.24921875 0.3890625 0.05390625 0.05
0 0.37890625 0.3765625 0.040625 0.0640625
0 0.8671875 0.33046875 0.10078125 0.0921875
0 0.14453125 0.684375 0.075 0.12890625
0 0.19921875 0.8171875 0.0703125 0.115625
0 0.0234375 0.57109375 0.046875 0.08046875
0 0.80859375 0.85859375 0.06171875 0.07890625
0 0.96875 0.75 0.0625 0.09453125
0 0.20390625 0.7078125 0.071875 0.14296875
0 0.45390625 0.353125 0.04453125 0.0421875
0 0.97109375 0.8484375 0.0578125 0.08515625
0 0.0671875 0.5421875 0.05078125 0.08984375
0 0.12734375 0.5125 0.05859375 0.078125
0 0.12578125 0.81328125 0.0671875 0.09453125
0 0.05625 0.63984375 0.04375 0.096875
0 0.153125 0.61171875 0.06484375 0.1
0 0.41328125 0.85859375 0.046875 0.0921875
0 0.8171875 0.0765625 0.06484375 0.0984375
0 0.75703125 0.5359375 0.0484375 0.10703125
0 0.95703125 0.66640625 0.08515625 0.08984375
0 0.52421875 0.109375 0.08046875 0.1015625
0 0.275 0.86875 0.10078125 0.08984375
0 0.36796875 0.1640625 0.06796875 0.08203125
0 0.021875 0.76640625 0.04375 0.07109375
0 0.75703125 0.046875 0.06328125 0.09296875
0 0.34765625 0.065625 0.05859375 0.11171875
0 0.63359375 0.03984375 0.0765625 0.0796875
0 0.09609375 0.421875 0.05390625 0.06328125
0 0.4109375 0.11171875 0.08203125 0.13671875
0 0.3078125 0.14453125 0.0625 0.0875
0 0.9796875 0.34609375 0.03984375 0.0703125
0 0.0375 0.83828125 0.0734375 0.09921875
0 0.084375 0.84765625 0.05703125 0.096875
0 0.915625 0.084375 0.0625 0.096875
0 0.325 0.565625 0.04375 0.084375
0 0.1546875 0.88046875 0.059375 0.0703125
0 0.5921875 0.88046875 0.05 0.053125