0 0.6015625 0.3703125 0.046875 0.15234375
0 0.64375 0.540625 0.04921875 0.13984375
0 0.86640625 0.44453125 0.05 0.13671875
0 0.40859375 0.14296875 0.05625 0.15703125
0 0.878125 0.296875 0.05703125 0.1203125
0 0.56953125 0.21015625 0.07578125 0.115625
0 0.5609375 0.67265625 0.05234375 0.16953125
0 0.62265625 0.6921875 0.05703125 0.1515625
0 0.06484375 0.8375 0.0671875 0.18203125
0 0.30859375 0.75078125 0.0609375 0.15
0 0.446875 0.865625 0.05390625 0.165625
0 0.3328125 0.40625 0.0578125 0.15234375
0 0.4390625 0.39296875 0.07265625 0.12265625
0 0.03828125 0.20234375 0.07421875 0.184375
0 0.85859375 0.7203125 0.06171875 0.1140625
0 0.49921875 0.78125 0.04921875 0.16171875
0 0.490625 0.26328125 0.065625 0.11328125
0 0.95703125 0.48828125 0.0640625 0.11171875
0 0.79453125 0.24609375 0.0640625 0.08828125
0 0.29375 0.1890625 0.0953125 0.13203125
0 0.821875 0.41015625 0.04140625 0.15703125
0 0.36015625 0.31015625 0.0671875 0.128125
0 0.3375 0.56484375 0.0953125 0.13203125
0 0.41875 0.290625 0.071875 0.1203125
0 0.7234375 0.1921875 0.07734375 0.11171875
0 0.58046875 0.784375 0.0703125 0.1078125
0 0.14375 0.9015625 0.08203125 0.17734375
0 0.9421875 0.7515625 0.0484375 0.19921875
0 0.81640625 0.8296875 0.0515625 0.15390625
0 0.57734375 0.94609375 0.09921875 0.1046875
0 0.48515625 0.35390625 0.0625 0.11015625
0 0.97734375 0.6484375 0.04296875 0.125
0 0.41328125 0.95390625 0.0609375 0.09140625
0 0.68125 0.6859375 0.06640625 0.17265625
0 0.71640625 0.84375 0.06640625 0.13671875
0 0.871875 0.95234375 0.0578125 0.0953125
0 0.775 0.5140625 0.084375 0.09453125
0 0.98046875 0.88359375 0.0390625 0.0765625
0 0.809375 0.946875 0.08828125 0.10625