0 0.234375 0.33125 0.10078125 0.1125
0 0.3078125 0.9421875 0.10234375 0.115625
0 0.4765625 0.46875 0.08359375 0.18203125
0 0.71171875 0.58203125 0.08984375 0.15078125
0 0.58359375 0.621875 0.10078125 0.1328125
0 0.7984375 0.775 0.09609375 0.1296875
0 0.38125 0.75 0.1 0.1375
0 0.496875 0.2859375 0.06640625 0.19765625
0 0.8703125 0.84765625 0.08046875 0.16015625
0 0.57578125 0.48671875 0.07890625 0.140625
0 0.53984375 0.35390625 0.06640625 0.171875
0 0.3390625 0.0953125 0.09140625 0.13828125
0 0.6421875 0.43828125 0.065625 0.17265625