0 0.90859375 0.71328125 0.06796875 0.10078125
0 0.12734375 0.73125 0.06015625 0.065625
0 0.18515625 0.715625 0.05390625 0.071875
0 0.23984375 0.72265625 0.04296875 0.0859375
0 0.30625 0.7265625 0.05 0.05703125
0 0.3484375 0.75234375 0.03515625 0.09453125
0 0.3140625 0.79921875 0.05 0.1265625
0 0.3921875 0.71484375 0.05859375 0.07578125
0 0.5640625 0.56796875 0.06328125 0.05859375
0 0.61796875 0.64296875 0.06484375 0.0640625
0 0.69921875 0.8328125 0.07578125 0.1359375
0 0.4703125 0.6265625 0.04140625 0.10859375
0 0.1109375 0.82421875 0.0484375 0.103125
0 0.521875 0.5953125 0.0515625 0.07578125
0 0.4890625 0.759375 0.0515625 0.128125
0 0.55234375 0.67734375 0.06953125 0.1171875
0 0.31875 0.940625 0.05859375 0.096875
0 0.240625 0.9015625 0.05703125 0.1234375
0 0.44140625 0.86640625 0.07265625 0.10859375
0 0.7265625 0.58984375 0.0625 0.1015625
0 0.52578125 0.85 0.06484375 0.13203125
0 0.20859375 0.51875 0.05625 0.1140625
0 0.09296875 0.54765625 0.05234375 0.0953125
0 0.50703125 0.53046875 0.05859375 0.0734375
0 0.2921875 0.33046875 0.05390625 0.059375
0 0.85703125 0.4234375 0.06953125 0.07421875
0 0.09453125 0.95390625 0.05703125 0.0890625
0 0.23125 0.34140625 0.03671875 0.0515625
0 0.45546875 0.5484375 0.05 0.06796875
0 0.1234375 0.59453125 0.04375 0.07734375
0 0.425 0.478125 0.04765625 0.08203125
0 0.85 0.50859375 0.05625 0.08984375
0 0.38515625 0.46484375 0.0546875 0.10546875
0 0.7984375 0.53984375 0.05390625 0.12265625
0 0.1625 0.44375 0.06015625 0.08046875
0 0.41015625 0.65390625 0.078125 0.09765625
0 0.7234375 0.3953125 0.0703125 0.0796875
0 0.63359375 0.38125 0.0640625 0.1015625
0 0.33125 0.50078125 0.05546875 0.06484375
0 0.321875 0.7671875 0.0265625 0.06875
0 0.37109375 0.1203125 0.0609375 0.10390625
0 0.02578125 0.853125 0.03046875 0.07734375
0 0.39609375 0.3671875 0.0484375 0.1140625
0 0.97578125 0.63125 0.0484375 0.16328125
0 0.97734375 0.84140625 0.0453125 0.15
0 0.0421875 0.875 0.05078125 0.125
0 0.3453125 0.359375 0.05234375 0.10859375
0 0.5234375 0.42109375 0.0515625 0.10078125
0 0.9796875 0.5203125 0.03203125 0.0953125
0 0.3703125 0.98125 0.0640625 0.03671875
0 0.2921875 0.52421875 0.03125 0.05234375
0 0.18125 0.40546875 0.0546875 0.06953125
0 0.01875 0.4375 0.0375 0.128125
0 0.83125 0.9546875 0.04375 0.08984375
0 0.4390625 0.05546875 0.0734375 0.10625
0 0.3109375 0.08515625 0.08203125 0.0734375
0 0.24921875 0.61484375 0.046875 0.0421875
0 0.68359375 0.646875 0.0421875 0.125
0 0.490625 0.97421875 0.034375 0.0515625
0 0.53515625 0.9515625 0.06015625 0.08125
0 0.5828125 0.97734375 0.06875 0.0453125
0 0.165625 0.9828125 0.05234375 0.034375
0 0.0328125 0.615625 0.04375 0.10390625
0 0.0234375 0.5578125 0.046875 0.12265625
0 0.703125 0.50859375 0.04765625 0.0890625
0 0.72265625 0.0984375 0.12421875 0.11875
0 0.86796875 0.290625 0.06796875 0.1
0 0.8078125 0.2796875 0.059375 0.10546875
0 0.7625 0.2640625 0.059375 0.121875
0 0.8125 0.17421875 0.04765625 0.08984375
0 0.94609375 0.059375 0.06171875 0.084375
0 0.6875 0.30390625 0.07109375 0.1015625
0 0.51953125 0.30859375 0.0765625 0.0828125
0 0.2140625 0.2828125 0.06640625 0.08359375