0 0.6046875 0.246875 0.10546875 0.15546875
0 0.3765625 0.09296875 0.0765625 0.1703125
0 0.146875 0.2859375 0.14453125 0.1515625
0 0.42109375 0.2671875 0.1125 0.1140625
0 0.5125 0.34296875 0.0890625 0.1265625
0 0.4109375 0.40703125 0.07890625 0.2078125
0 0.65 0.49296875 0.11328125 0.17578125
0 0.5421875 0.81796875 0.0859375 0.13125
0 0.54453125 0.6765625 0.07890625 0.18125
0 0.8953125 0.30859375 0.12265625 0.1375
0 0.2140625 0.815625 0.0859375 0.1953125
0 0.47265625 0.6515625 0.10390625 0.165625
0 0.6546875 0.725 0.08203125 0.159375
0 0.72890625 0.603125 0.07109375 0.18359375
0 0.94453125 0.5359375 0.07265625 0.1984375