0 0.52734375 0.71796875 0.0453125 0.1109375
0 0.5671875 0.6265625 0.071875 0.07265625
0 0.58671875 0.69921875 0.05234375 0.0703125
0 0.384375 0.884375 0.05 0.09140625
0 0.49140625 0.665625 0.059375 0.0875
0 0.69765625 0.77734375 0.0515625 0.0875
0 0.409375 0.74453125 0.053125 0.090625
0 0.46875 0.746875 0.0515625 0.09609375
0 0.13515625 0.8125 0.0390625 0.09609375
0 0.1546875 0.6125 0.07265625 0.11171875
0 0.6015625 0.7484375 0.05 0.09765625
0 0.2953125 0.86875 0.0578125 0.15625
0 0.25390625 0.8390625 0.05 0.090625
0 0.88125 0.7765625 0.04765625 0.0921875
0 0.53984375 0.884375 0.03671875 0.07578125
0 0.70703125 0.85234375 0.06640625 0.09765625
0 0.17421875 0.72890625 0.0484375 0.12421875
0 0.3203125 0.784375 0.065625 0.11328125
0 0.83828125 0.84453125 0.04296875 0.0828125
0 0.59296875 0.8578125 0.04765625 0.096875
0 0.4109375 0.6625 0.06328125 0.115625
0 0.4734375 0.91328125 0.05390625 0.0796875
0 0.5609375 0.959375 0.0578125 0.08125
0 0.709375 0.71171875 0.05078125 0.1
0 0.02890625 0.778125 0.05546875 0.10234375
0 0.2109375 0.65546875 0.0671875 0.16015625
0 0.36484375 0.66796875 0.07734375 0.12109375
0 0.0375 0.603125 0.059375 0.10234375
0 0.8515625 0.92890625 0.06328125 0.0859375
0 0.05546875 0.65546875 0.05703125 0.08671875
0 0.15234375 0.86875 0.0640625 0.15234375
0 0.9515625 0.7515625 0.06953125 0.10546875
0 0.7828125 0.9203125 0.06796875 0.121875
0 0.93046875 0.80625 0.05 0.08984375
0 0.1921875 0.78515625 0.053125 0.11484375
0 0.81875 0.71875 0.0671875 0.1078125
0 0.06484375 0.8421875 0.0703125 0.0828125
0 0.9640625 0.8765625 0.0515625 0.16015625
0 0.31875 0.96640625 0.05625 0.0671875
0 0.10625 0.64609375 0.04453125 0.071875
0 0.09296875 0.89765625 0.05546875 0.096875
0 0.7734375 0.71015625 0.06484375 0.09296875
0 0.67265625 0.97578125 0.0453125 0.04765625
0 0.9140625 0.97578125 0.06796875 0.04765625
0 0.8015625 0.88203125 0.05859375 0.075
0 0.375 0.9765625 0.04453125 0.046875
0 0.83359375 0.77578125 0.0484375 0.084375
0 0.33203125 0.73046875 0.059375 0.09609375
0 0.72265625 0.95546875 0.0484375 0.0859375
0 0.04453125 0.90234375 0.0765625 0.0828125
0 0.14375 0.9625 0.06796875 0.075
0 0.21015625 0.9671875 0.0703125 0.065625
0 0.92890625 0.88984375 0.04453125 0.07578125
0 0.87890625 0.859375 0.0484375 0.07109375
0 0.278125 0.5953125 0.05703125 0.09140625
0 0.26953125 0.68359375 0.0484375 0.07734375
0 0.7703125 0.78671875 0.071875 0.08671875
0 0.0515625 0.97578125 0.059375 0.0484375
0 0.84140625 0.975 0.0546875 0.05