0 0.44375 0.27734375 0.0875 0.1203125
0 0.571875 0.15390625 0.09453125 0.16484375
0 0.896875 0.50390625 0.0921875 0.12890625
0 0.534375 0.85625 0.06640625 0.16328125
0 0.35703125 0.47421875 0.078125 0.146875
0 0.14765625 0.525 0.0640625 0.1046875
0 0.040625 0.67890625 0.075 0.11640625
0 0.07421875 0.5140625 0.065625 0.16640625
0 0.13125 0.7734375 0.0578125 0.1734375
0 0.45390625 0.94921875 0.0671875 0.096875
0 0.0703125 0.35 0.06875 0.1265625
0 0.303125 0.85859375 0.0875 0.11015625
0 0.375 0.903125 0.1046875 0.10078125
0 0.07421875 0.86875 0.084375 0.16484375