0 0.125 0.09765625 0.0625 0.12421875
0 0.06640625 0.20390625 0.0640625 0.17265625
0 0.028125 0.1234375 0.053125 0.09609375
0 0.0984375 0.56328125 0.06953125 0.20703125
0 0.25390625 0.48359375 0.06796875 0.1515625
0 0.37265625 0.49609375 0.084375 0.14140625
0 0.1625 0.5359375 0.0875 0.16015625
0 0.6328125 0.296875 0.06875 0.13671875
0 0.1640625 0.4125 0.07109375 0.12421875
0 0.58125 0.45546875 0.08984375 0.103125
0 0.0546875 0.9015625 0.09296875 0.18125
0 0.76875 0.35546875 0.05859375 0.09453125
0 0.43828125 0.30078125 0.0515625 0.12734375
0 0.02109375 0.4828125 0.04140625 0.1265625
0 0.55546875 0.3171875 0.053125 0.1375
0 0.72421875 0.5609375 0.0796875 0.09609375
0 0.871875 0.75625 0.08984375 0.096875
0 0.70703125 0.9625 0.0921875 0.075