0 0.14140625 0.41171875 0.06875 0.11484375
0 0.75234375 0.46015625 0.0953125 0.1515625
0 0.89609375 0.4203125 0.05546875 0.125
0 0.78203125 0.37578125 0.1046875 0.16796875
0 0.521875 0.4109375 0.1078125 0.1453125
0 0.2484375 0.47734375 0.08359375 0.13359375
0 0.1921875 0.55546875 0.07109375 0.15859375
0 0.76015625 0.7703125 0.090625 0.16796875
0 0.57890625 0.19453125 0.08515625 0.13359375
0 0.6203125 0.37421875 0.09296875 0.1328125
0 0.846875 0.23203125 0.078125 0.140625
0 0.596875 0.2890625 0.08828125 0.1015625
0 0.30546875 0.6078125 0.0890625 0.15625
0 0.4359375 0.425 0.08359375 0.12109375
0 0.25859375 0.32421875 0.1015625 0.1484375
0 0.14921875 0.69296875 0.08671875 0.10703125
0 0.5875 0.58671875 0.09921875 0.12109375
0 0.65390625 0.18359375 0.06171875 0.10703125
0 0.89609375 0.259375 0.05859375 0.1859375
0 0.04453125 0.75078125 0.08828125 0.11875
0 0.540625 0.73203125 0.10625 0.1296875
0 0.1125 0.1625 0.0703125 0.13671875
0 0.76953125 0.5875 0.09140625 0.10859375
0 0.821875 0.66640625 0.1078125 0.1171875
0 0.375 0.4359375 0.0703125 0.1109375
0 0.634375 0.6421875 0.08046875 0.15078125
0 0.184375 0.22578125 0.08125 0.14609375
0 0.49296875 0.24453125 0.0890625 0.13203125
0 0.42578125 0.5171875 0.07890625 0.12890625
0 0.94921875 0.7484375 0.090625 0.12421875
0 0.15390625 0.07421875 0.07265625 0.1
0 0.9671875 0.62734375 0.06484375 0.1140625
0 0.66796875 0.0828125 0.0640625 0.13515625
0 0.38359375 0.1734375 0.075 0.10625
0 0.26796875 0.190625 0.07890625 0.14609375
0 0.0625 0.45 0.08828125 0.13359375
0 0.33046875 0.1890625 0.06953125 0.15234375
0 0.94921875 0.253125 0.06171875 0.18828125
0 0.25390625 0.11015625 0.084375 0.10625
0 0.42109375 0.6390625 0.10546875 0.1265625
0 0.6828125 0.5984375 0.0765625 0.15078125
0 0.5828125 0.0875 0.09140625 0.13984375
0 0.37265625 0.53671875 0.059375 0.10546875
0 0.6671875 0.5015625 0.096875 0.15
0 0.06640625 0.196875 0.0515625 0.15078125
0 0.528125 0.140625 0.07890625 0.12578125
0 0.5359375 0.89140625 0.09609375 0.10546875
0 0.0671875 0.6265625 0.0796875 0.140625
0 0.28125 0.8125 0.09921875 0.12578125
0 0.35234375 0.2984375 0.08671875 0.09453125
0 0.43828125 0.1765625 0.0515625 0.12890625
0 0.828125 0.14609375 0.09140625 0.10390625
0 0.78984375 0.06640625 0.0921875 0.1171875
0 0.42421875 0.84453125 0.1390625 0.14453125
0 0.9640625 0.1140625 0.071875 0.14921875
0 0.94609375 0.85859375 0.1 0.125
0 0.74921875 0.04921875 0.0515625 0.096875
0 0.85625 0.05390625 0.0515625 0.1078125
0 0.371875 0.05234375 0.06328125 0.0984375
0 0.9546875 0.94453125 0.0859375 0.10390625
0 0.65546875 0.96328125 0.1265625 0.0734375