0 0.503125 0.396875 0.1265625 0.16953125
0 0.10390625 0.31015625 0.078125 0.18984375
0 0.0765625 0.4984375 0.0640625 0.1796875
0 0.50234375 0.81796875 0.08828125 0.20546875
0 0.93671875 0.14765625 0.08671875 0.15625
0 0.56484375 0.80078125 0.0703125 0.18984375
0 0.45703125 0.89609375 0.109375 0.10703125
0 0.23046875 0.784375 0.10703125 0.16796875
0 0.959375 0.7484375 0.0703125 0.18203125
0 0.28984375 0.878125 0.0984375 0.15234375
0 0.9046875 0.86796875 0.10546875 0.12421875
0 0.6421875 0.87578125 0.12890625 0.12109375