0 0.59375 0.54453125 0.11171875 0.16640625
0 0.52109375 0.6265625 0.07578125 0.21484375
0 0.5390625 0.8390625 0.109375 0.209375
0 0.6890625 0.625 0.078125 0.21875
0 0.76796875 0.4765625 0.12734375 0.140625
0 0.47578125 0.23828125 0.10546875 0.12265625
0 0.5453125 0.1984375 0.06484375 0.21484375
0 0.58046875 0.7328125 0.08203125 0.18125
0 0.60625 0.26796875 0.11484375 0.16015625
0 0.81640625 0.21953125 0.10390625 0.14453125
0 0.3609375 0.6421875 0.08515625 0.21015625
0 0.33671875 0.2296875 0.0859375 0.20703125
0 0.9234375 0.740625 0.12265625 0.1453125
0 0.94609375 0.57890625 0.10546875 0.14375
0 0.4046875 0.73359375 0.07109375 0.14453125
0 0.7125 0.2515625 0.1078125 0.1515625
0 0.23515625 0.1984375 0.1125 0.240625
0 0.2015625 0.87578125 0.10078125 0.16328125
0 0.06328125 0.75703125 0.1125 0.14921875
0 0.29609375 0.8890625 0.08046875 0.21328125
0 0.11640625 0.41171875 0.090625 0.18359375
0 0.7953125 0.915625 0.09375 0.165625
0 0.3703125 0.471875 0.05859375 0.11640625