0 0.45 0.08828125 0.09375 0.1265625
0 0.85546875 0.62265625 0.0796875 0.1484375
0 0.88984375 0.11875 0.065625 0.0953125
0 0.16328125 0.490625 0.0640625 0.13125
0 0.30546875 0.86640625 0.08203125 0.14453125
0 0.62109375 0.5078125 0.1125 0.178125
0 0.4484375 0.7390625 0.071875 0.13984375
0 0.278125 0.63359375 0.065625 0.13046875
0 0.1265625 0.2296875 0.046875 0.09765625
0 0.96796875 0.1234375 0.06171875 0.0953125
0 0.71640625 0.55859375 0.07109375 0.1421875
0 0.6546875 0.203125 0.06015625 0.12890625
0 0.4234375 0.19375 0.0625 0.10390625
0 0.971875 0.621875 0.05625 0.115625
0 0.871875 0.87734375 0.09140625 0.10078125
0 0.8890625 0.515625 0.0625 0.153125
0 0.8125 0.4546875 0.090625 0.12109375
0 0.90390625 0.41484375 0.0546875 0.08984375
0 0.96640625 0.40078125 0.05546875 0.11015625
0 0.79921875 0.36796875 0.0734375 0.0609375
0 0.84140625 0.2875 0.03671875 0.12265625
0 0.71640625 0.36015625 0.06328125 0.07265625
0 0.66015625 0.35859375 0.06328125 0.09921875
0 0.5921875 0.35234375 0.05078125 0.1046875
0 0.5390625 0.44765625 0.06015625 0.1265625
0 0.465625 0.46171875 0.06640625 0.0921875
0 0.4 0.4421875 0.053125 0.10234375
0 0.33125 0.3953125 0.08359375 0.075
0 0.23515625 0.3484375 0.0734375 0.075