0 0.69296875 0.1953125 0.071875 0.12421875
0 0.81171875 0.0953125 0.0765625 0.12890625
0 0.2609375 0.278125 0.0734375 0.171875
0 0.40390625 0.4640625 0.0796875 0.18046875
0 0.26953125 0.496875 0.084375 0.14453125
0 0.28515625 0.67734375 0.09453125 0.11640625
0 0.384375 0.6765625 0.0875 0.1125
0 0.13828125 0.77421875 0.07734375 0.15703125
0 0.3046875 0.884375 0.08359375 0.13828125
0 0.753125 0.7546875 0.0625 0.184375
0 0.2109375 0.775 0.06796875 0.1546875
0 0.240625 0.11328125 0.096875 0.11875
0 0.10703125 0.865625 0.1015625 0.12109375
0 0.80625 0.759375 0.05859375 0.1328125