0 0.5265625 0.4390625 0.0625 0.14921875
0 0.76875 0.5359375 0.05859375 0.115625
0 0.04296875 0.70546875 0.05390625 0.153125
0 0.48515625 0.8296875 0.06875 0.16328125
0 0.6265625 0.7828125 0.05546875 0.16015625
0 0.0828125 0.6390625 0.046875 0.146875
0 0.921875 0.0734375 0.07109375 0.14140625
0 0.47421875 0.0671875 0.08046875 0.1046875
0 0.1484375 0.26171875 0.07734375 0.08984375
0 0.5203125 0.30234375 0.07265625 0.09140625
0 0.3953125 0.15 0.05859375 0.14921875
0 0.75078125 0.84140625 0.09765625 0.12421875
0 0.04609375 0.94453125 0.06640625 0.09453125
0 0.1953125 0.05 0.07265625 0.06640625