0 0.2140625 0.1953125 0.1078125 0.15390625
0 0.31328125 0.21328125 0.1 0.24765625
0 0.40546875 0.2984375 0.08984375 0.21328125
0 0.5765625 0.42734375 0.11328125 0.16171875
0 0.3625 0.60859375 0.0921875 0.2203125
0 0.6828125 0.56328125 0.08203125 0.15
0 0.7515625 0.5484375 0.0921875 0.13359375
0 0.89921875 0.54296875 0.0734375 0.15
0 0.82734375 0.509375 0.07421875 0.15625
0 0.48125 0.25 0.07890625 0.1625
0 0.63984375 0.29921875 0.10703125 0.12578125
0 0.3015625 0.47578125 0.0875 0.16171875
0 0.7140625 0.8421875 0.1078125 0.14375
0 0.68671875 0.68671875 0.09140625 0.1625
0 0.77421875 0.17109375 0.08203125 0.1578125
0 0.25859375 0.60078125 0.09453125 0.17890625
0 0.8703125 0.43046875 0.08359375 0.1140625
0 0.58671875 0.8375 0.075 0.215625
0 0.684375 0.14296875 0.0859375 0.1640625
0 0.70859375 0.35625 0.07578125 0.18046875
0 0.4984375 0.76953125 0.06796875 0.17578125
0 0.203125 0.83203125 0.096875 0.14140625
0 0.52734375 0.09375 0.0734375 0.17734375
0 0.92109375 0.625 0.0703125 0.1390625
0 0.878125 0.3296875 0.07578125 0.171875
0 0.9 0.0640625 0.071875 0.128125
0 0.8234375 0.12890625 0.071875 0.1390625
0 0.9234375 0.825 0.0640625 0.1875
0 0.96875 0.58359375 0.0625 0.13515625
0 0.97265625 0.21875 0.0546875 0.1625
0 0.10703125 0.778125 0.09765625 0.23671875
0 0.41328125 0.94609375 0.0703125 0.1078125