0 0.4453125 0.85859375 0.0859375 0.115625
0 0.296875 0.653125 0.078125 0.134375
0 0.19375 0.6078125 0.06875 0.15
0 0.0953125 0.4984375 0.0625 0.15625
0 0.0375 0.56796875 0.06328125 0.1578125
0 0.3828125 0.50546875 0.05546875 0.11171875
0 0.209375 0.88125 0.07734375 0.115625
0 0.3421875 0.35703125 0.065625 0.13046875
0 0.66484375 0.44609375 0.0671875 0.09609375
0 0.13125 0.328125 0.06328125 0.1109375
0 0.284375 0.4078125 0.05625 0.13046875
0 0.1953125 0.4734375 0.05625 0.1375
0 0.7921875 0.66875 0.05078125 0.13984375
0 0.46484375 0.37890625 0.0625 0.11171875
0 0.5859375 0.54453125 0.07265625 0.09921875
0 0.234375 0.3015625 0.05546875 0.1078125
0 0.5140625 0.33671875 0.04921875 0.1
0 0.171875 0.95 0.0875 0.0984375
0 0.78984375 0.48046875 0.0453125 0.13671875
0 0.5484375 0.6859375 0.065625 0.13828125
0 0.25390625 0.4828125 0.053125 0.12109375
0 0.9171875 0.6828125 0.04453125 0.1390625
0 0.9703125 0.69375 0.053125 0.1109375
0 0.69375 0.87578125 0.07578125 0.09609375
0 0.6453125 0.778125 0.04765625 0.13515625
0 0.26640625 0.22734375 0.06484375 0.10234375
0 0.325 0.215625 0.0515625 0.11640625
0 0.65859375 0.70390625 0.04609375 0.11328125
0 0.56328125 0.30078125 0.065625 0.0953125
0 0.709375 0.40390625 0.0453125 0.13125
0 0.93828125 0.86015625 0.04765625 0.125
0 0.82578125 0.6140625 0.05078125 0.11875
0 0.5921875 0.6515625 0.07890625 0.121875
0 0.98046875 0.34921875 0.0390625 0.1234375
0 0.621875 0.2296875 0.0640625 0.14921875
0 0.7859375 0.34921875 0.04921875 0.1140625
0 0.30703125 0.5328125 0.09375 0.103125