0 0.3265625 0.5 0.075 0.11953125
0 0.41875 0.6109375 0.084375 0.17578125
0 0.6421875 0.45390625 0.05859375 0.1015625
0 0.06953125 0.525 0.10390625 0.1234375
0 0.2375 0.7984375 0.09375 0.10546875
0 0.85078125 0.72734375 0.0890625 0.090625
0 0.7890625 0.47734375 0.0875 0.1046875
0 0.271875 0.4 0.0875 0.09921875
0 0.9484375 0.4625 0.05625 0.06953125
0 0.65390625 0.69140625 0.14296875 0.1078125
0 0.5046875 0.78828125 0.0640625 0.12109375
0 0.92421875 0.92734375 0.08359375 0.11015625
0 0.83671875 0.84296875 0.07109375 0.1046875
0 0.61171875 0.95 0.09140625 0.0828125
0 0.27265625 0.059375 0.0671875 0.0828125
0 0.72578125 0.109375 0.0734375 0.10546875
0 0.3859375 0.90078125 0.06171875 0.10625
0 0.7515625 0.9375 0.05 0.10859375
0 0.28203125 0.93671875 0.065625 0.0578125
0 0.9078125 0.1625 0.06953125 0.0890625
0 0.94375 0.09609375 0.06328125 0.0734375
0 0.32890625 0.06953125 0.06484375 0.07265625
0 0.784375 0.04375 0.0546875 0.0828125
0 0.87421875 0.965625 0.04921875 0.065625
0 0.321875 0.90078125 0.05546875 0.1328125
0 0.7078125 0.95625 0.05 0.0875
0 0.8015625 0.96171875 0.05 0.0765625
0 0.56640625 0.8109375 0.06484375 0.12421875
0 0.5375 0.86328125 0.09765625 0.0890625
0 0.53046875 0.9390625 0.0859375 0.084375
0 0.640625 0.04453125 0.0625 0.0890625
0 0.84453125 0.07578125 0.0734375 0.10078125
0 0.4484375 0.0421875 0.05390625 0.07734375