0 0.67109375 0.5203125 0.09296875 0.09921875
0 0.6828125 0.41796875 0.0671875 0.1265625
0 0.28125 0.5859375 0.078125 0.1203125
0 0.4234375 0.553125 0.0859375 0.12890625
0 0.175 0.5875 0.075 0.14375
0 0.5609375 0.05078125 0.07578125 0.1015625
0 0.3890625 0.4765625 0.05546875 0.14609375
0 0.35859375 0.1125 0.071875 0.08203125
0 0.85859375 0.04296875 0.0578125 0.08515625
0 0.61171875 0.340625 0.08671875 0.13515625
0 0.946875 0.478125 0.06953125 0.1265625
0 0.51171875 0.11953125 0.0578125 0.078125
0 0.6984375 0.03984375 0.0671875 0.07890625
0 0.22578125 0.43984375 0.07734375 0.12265625
0 0.49296875 0.43203125 0.06953125 0.1453125
0 0.2765625 0.3640625 0.0921875 0.121875
0 0.4125 0.38125 0.07421875 0.08828125
0 0.86875 0.46796875 0.07578125 0.12109375
0 0.88359375 0.1265625 0.053125 0.09296875
0 0.0734375 0.3671875 0.09453125 0.10234375
0 0.03828125 0.2625 0.065625 0.1
0 0.0359375 0.10625 0.071875 0.11640625
0 0.35078125 0.33125 0.05546875 0.14453125
0 0.5328125 0.29921875 0.09765625 0.10234375
0 0.34296875 0.5484375 0.06171875 0.10078125
0 0.83984375 0.346875 0.0765625 0.13671875
0 0.965625 0.37109375 0.0671875 0.121875