0 0.234375 0.13203125 0.071875 0.14140625
0 0.16484375 0.059375 0.0625 0.1140625
0 0.14765625 0.225 0.0609375 0.17265625
0 0.51953125 0.16171875 0.06953125 0.140625
0 0.278125 0.26484375 0.0734375 0.16796875
0 0.4078125 0.10703125 0.06328125 0.13828125
0 0.403125 0.23046875 0.06640625 0.12265625
0 0.63515625 0.1484375 0.059375 0.11015625
0 0.81171875 0.16171875 0.06796875 0.1359375
0 0.8546875 0.06875 0.053125 0.09453125
0 0.3203125 0.1171875 0.0703125 0.11015625
0 0.25546875 0.03671875 0.05703125 0.071875
0 0.0453125 0.29921875 0.07890625 0.12734375
0 0.4890625 0.3 0.0515625 0.153125
0 0.103125 0.3484375 0.07109375 0.13359375
0 0.43046875 0.46015625 0.05546875 0.1515625
0 0.5375 0.271875 0.05234375 0.1546875
0 0.02890625 0.2140625 0.0578125 0.1
0 0.7515625 0.4515625 0.059375 0.14453125
0 0.45546875 0.15703125 0.05078125 0.14140625
0 0.821875 0.353125 0.05546875 0.1171875
0 0.946875 0.2953125 0.0484375 0.125
0 0.36875 0.37265625 0.0609375 0.1265625
0 0.771875 0.04765625 0.05390625 0.09375
0 0.70390625 0.5828125 0.05859375 0.10859375
0 0.9484375 0.2171875 0.0546875 0.08359375
0 0.68828125 0.46796875 0.06484375 0.096875
0 0.7484375 0.1859375 0.0671875 0.09609375
0 0.184375 0.35625 0.07578125 0.109375
0 0.8453125 0.45859375 0.059375 0.11484375
0 0.93828125 0.38125 0.05078125 0.09453125
0 0.471875 0.4140625 0.0625 0.109375
0 0.778125 0.58203125 0.0640625 0.1109375
0 0.91484375 0.5171875 0.04375 0.140625
0 0.5578125 0.4609375 0.05703125 0.153125
0 0.65625 0.38046875 0.05625 0.109375
0 0.67421875 0.80625 0.08046875 0.11328125
0 0.86015625 0.340625 0.04375 0.1359375
0 0.86171875 0.83828125 0.0453125 0.1
0 0.76640625 0.8453125 0.06015625 0.1390625
0 0.96796875 0.4515625 0.053125 0.1515625
0 0.5171875 0.4328125 0.05234375 0.13359375
0 0.6078125 0.34140625 0.06875 0.12890625
0 0.040625 0.721875 0.0734375 0.1078125
0 0.5234375 0.7203125 0.05 0.1234375
0 0.35 0.80625 0.08125 0.13125
0 0.73359375 0.52421875 0.053125 0.1328125
0 0.60625 0.81171875 0.05703125 0.11953125
0 0.59140625 0.24453125 0.084375 0.1140625
0 0.61484375 0.66328125 0.0609375 0.08984375
0 0.04296875 0.94296875 0.0859375 0.1046875
0 0.2296875 0.7375 0.0828125 0.096875
0 0.43046875 0.75078125 0.06328125 0.0921875
0 0.9328125 0.7796875 0.06015625 0.08515625
0 0.746875 0.740625 0.059375 0.1
0 0.86875 0.934375 0.07421875 0.0734375
0 0.56953125 0.82734375 0.06328125 0.13984375
0 0.2734375 0.62578125 0.05546875 0.07421875
0 0.98046875 0.85234375 0.03828125 0.1421875
0 0.01796875 0.81171875 0.0359375 0.10625
0 0.821875 0.12265625 0.0421875 0.071875
0 0.790625 0.8109375 0.03125 0.075
0 0.01171875 0.5875 0.0234375 0.0625
0 0.38671875 0.76015625 0.0421875 0.06953125