0 0.46796875 0.09921875 0.05703125 0.1328125
0 0.46953125 0.25703125 0.0703125 0.0953125
0 0.47421875 0.3546875 0.0671875 0.13125
0 0.34765625 0.30390625 0.09765625 0.0984375
0 0.096875 0.32734375 0.06875 0.16953125
0 0.1484375 0.41328125 0.0625 0.1765625
0 0.30546875 0.43671875 0.07421875 0.14296875
0 0.2171875 0.56953125 0.07734375 0.1140625
0 0.55 0.05703125 0.06640625 0.109375
0 0.5828125 0.190625 0.06796875 0.1078125
0 0.5921875 0.5953125 0.06484375 0.1140625
0 0.92890625 0.29921875 0.05625 0.11953125
0 0.31796875 0.6796875 0.06953125 0.11328125
0 0.7234375 0.41171875 0.0625 0.14375
0 0.33359375 0.54609375 0.07265625 0.109375
0 0.6578125 0.596875 0.07265625 0.1140625
0 0.34765625 0.1 0.071875 0.1421875
0 0.171875 0.7 0.06875 0.15078125
0 0.840625 0.45703125 0.04921875 0.11015625
0 0.88046875 0.240625 0.0421875 0.13671875
0 0.934375 0.45703125 0.0484375 0.115625
0 0.39140625 0.49765625 0.06484375 0.13984375
0 0.97578125 0.2984375 0.0484375 0.115625
0 0.92890625 0.659375 0.05625 0.125
0 0.971875 0.72734375 0.046875 0.11953125
0 0.46796875 0.5453125 0.059375 0.15625
0 0.73828125 0.21953125 0.07265625 0.11953125
0 0.3921875 0.6296875 0.06015625 0.15703125
0 0.296875 0.5984375 0.0609375 0.09453125
0 0.35 0.4234375 0.0640625 0.1265625
0 0.721875 0.7703125 0.06875 0.13515625
0 0.36875 0.934375 0.07734375 0.12109375
0 0.8640625 0.36640625 0.0515625 0.1140625
0 0.9515625 0.08359375 0.078125 0.15625
0 0.58828125 0.85625 0.06640625 0.17109375
0 0.51328125 0.63359375 0.071875 0.109375
0 0.14765625 0.81640625 0.06953125 0.08203125
0 0.80625 0.103125 0.0828125 0.19921875
0 0.89765625 0.7578125 0.05703125 0.09453125
0 0.6453125 0.90703125 0.06953125 0.11875
0 0.8640625 0.853125 0.05078125 0.11171875
0 0.76953125 0.84453125 0.05390625 0.10859375
0 0.8578125 0.93671875 0.06328125 0.10625
0 0.87734375 0.70078125 0.05625 0.125
0 0.15390625 0.9484375 0.06484375 0.09375
0 0.76875 0.94765625 0.05546875 0.09609375
0 0.49453125 0.94375 0.06015625 0.1109375
0 0.81015625 0.95 0.046875 0.08828125
0 0.07109375 0.81953125 0.1140625 0.14453125
0 0.74765625 0.80390625 0.04453125 0.11953125