0 0.9671875 0.11796875 0.065625 0.1546875
0 0.81875 0.14921875 0.08984375 0.1359375
0 0.7234375 0.2046875 0.115625 0.21171875
0 0.63515625 0.321875 0.109375 0.1359375
0 0.58203125 0.04375 0.0796875 0.0875
0 0.4625 0.35625 0.11015625 0.17109375
0 0.67734375 0.4921875 0.0921875 0.19921875
0 0.2875 0.42265625 0.0984375 0.1578125
0 0.1578125 0.4109375 0.09375 0.16484375
0 0.4875 0.19453125 0.1140625 0.16796875
0 0.97265625 0.578125 0.05390625 0.18046875
0 0.1453125 0.21640625 0.11328125 0.146875
0 0.3875 0.0953125 0.0859375 0.1859375
0 0.903125 0.2921875 0.08046875 0.16015625
0 0.965625 0.72265625 0.06796875 0.1546875
0 0.3265625 0.0875 0.07265625 0.17109375
0 0.86875 0.64921875 0.10859375 0.13125
0 0.825 0.3046875 0.08515625 0.1546875
0 0.03984375 0.5875 0.0765625 0.14765625
0 0.7453125 0.39609375 0.065625 0.1484375
0 0.71015625 0.03046875 0.0578125 0.05625
0 0.3265625 0.93515625 0.1125 0.12890625
0 0.46328125 0.5328125 0.07421875 0.22265625
0 0.81875 0.909375 0.084375 0.1703125
0 0.815625 0.0265625 0.084375 0.05078125
0 0.5265625 0.67578125 0.1171875 0.15546875
0 0.246875 0.6328125 0.07421875 0.23515625
0 0.0921875 0.33359375 0.07890625 0.18125
0 0.12890625 0.865625 0.1125 0.15625
0 0.575 0.478125 0.0953125 0.12265625
0 0.57421875 0.809375 0.11953125 0.15625
0 0.18828125 0.6203125 0.0859375 0.21640625
0 0.56796875 0.934375 0.1015625 0.13125
0 0.83828125 0.44375 0.1234375 0.115625
0 0.83515625 0.55 0.1171875 0.10546875
0 0.65703125 0.6546875 0.11328125 0.121875
0 0.70625 0.7359375 0.109375 0.11328125
0 0.20703125 0.925 0.1328125 0.14921875
0 0.0546875 0.67265625 0.09921875 0.13828125