0 0.66015625 0.29765625 0.06171875 0.159375
0 0.44765625 0.21015625 0.05 0.14140625
0 0.509375 0.190625 0.05546875 0.17109375
0 0.4484375 0.44375 0.08515625 0.14609375
0 0.89140625 0.2203125 0.0578125 0.14921875
0 0.390625 0.16875 0.07109375 0.11875
0 0.16953125 0.23671875 0.06640625 0.16640625
0 0.33359375 0.3578125 0.09765625 0.1109375
0 0.496875 0.565625 0.07734375 0.10859375
0 0.11953125 0.63125 0.0875 0.13125
0 0.55859375 0.51484375 0.08671875 0.125
0 0.3671875 0.628125 0.065625 0.1484375
0 0.7875 0.40546875 0.0875 0.115625
0 0.234375 0.08203125 0.07265625 0.11484375
0 0.23359375 0.6296875 0.0609375 0.17109375
0 0.56875 0.14609375 0.07109375 0.12734375
0 0.93828125 0.23125 0.053125 0.1203125
0 0.13671875 0.11328125 0.0578125 0.13203125
0 0.39140625 0.5203125 0.1 0.10390625
0 0.784375 0.04375 0.0828125 0.0859375
0 0.95390625 0.31328125 0.08671875 0.16171875
0 0.6046875 0.58359375 0.09296875 0.12890625
0 0.05 0.528125 0.09765625 0.11328125
0 0.26328125 0.1875 0.11484375 0.10859375
0 0.3703125 0.07734375 0.10625 0.09375
0 0.575 0.0828125 0.084375 0.0796875
0 0.59765625 0.0296875 0.103125 0.059375