0 0.69921875 0.6609375 0.10703125 0.1265625
0 0.47265625 0.6234375 0.09921875 0.134375
0 0.3734375 0.7546875 0.1203125 0.134375
0 0.8734375 0.6703125 0.0921875 0.134375
0 0.54375 0.7328125 0.09140625 0.11640625
0 0.20390625 0.5484375 0.0953125 0.10703125
0 0.88984375 0.80859375 0.09296875 0.12109375
0 0.6046875 0.63671875 0.07734375 0.09765625
0 0.7265625 0.44609375 0.09765625 0.10859375
0 0.9609375 0.66796875 0.07578125 0.14453125
0 0.52890625 0.834375 0.1015625 0.1140625
0 0.66640625 0.94375 0.0984375 0.1125
0 0.44296875 0.865625 0.1046875 0.1203125
0 0.0640625 0.5953125 0.07734375 0.13828125
0 0.9734375 0.56171875 0.053125 0.1203125
0 0.53515625 0.940625 0.10703125 0.11875
0 0.05390625 0.34453125 0.09609375 0.14296875
0 0.1078125 0.88828125 0.09921875 0.15859375
0 0.871875 0.4828125 0.071875 0.1484375
0 0.2921875 0.35234375 0.09609375 0.11953125
0 0.8265625 0.4359375 0.07265625 0.1109375
0 0.69609375 0.30078125 0.084375 0.1484375
0 0.76796875 0.2953125 0.0625 0.1640625
0 0.35234375 0.44921875 0.06640625 0.17421875
0 0.240625 0.31640625 0.0671875 0.15703125
0 0.4359375 0.43515625 0.059375 0.16015625
0 0.5453125 0.3890625 0.09296875 0.14609375
0 0.48515625 0.428125 0.06796875 0.17109375
0 0.12734375 0.2609375 0.071875 0.13125
0 0.84453125 0.11484375 0.08828125 0.10546875
0 0.43515625 0.09921875 0.05859375 0.1125
0 0.74296875 0.0953125 0.06640625 0.10859375
0 0.37734375 0.09375 0.053125 0.1125
0 0.96171875 0.11484375 0.05859375 0.11953125
0 0.12265625 0.63984375 0.08125 0.13984375
0 0.66328125 0.08671875 0.06640625 0.1421875