0 0.39765625 0.6484375 0.08984375 0.121875
0 0.146875 0.709375 0.090625 0.0984375
0 0.5 0.7171875 0.075 0.09765625
0 0.7921875 0.65 0.0875 0.0921875
0 0.95390625 0.728125 0.07734375 0.121875
0 0.36875 0.50546875 0.05859375 0.1265625
0 0.040625 0.846875 0.07578125 0.140625
0 0.434375 0.9484375 0.065625 0.09921875
0 0.50703125 0.63515625 0.09609375 0.12265625
0 0.2 0.93046875 0.07578125 0.13515625
0 0.19921875 0.55390625 0.0734375 0.17265625
0 0.6625 0.896875 0.06953125 0.12421875
0 0.11328125 0.125 0.06640625 0.11328125
0 0.4390625 0.38125 0.0796875 0.1015625
0 0.6859375 0.0578125 0.059375 0.11015625
0 0.8359375 0.0890625 0.07578125 0.128125
0 0.61796875 0.13046875 0.0796875 0.09921875
0 0.2453125 0.4078125 0.07421875 0.1015625
0 0.4859375 0.19765625 0.08359375 0.15625
0 0.2171875 0.0546875 0.09609375 0.1
0 0.11328125 0.51953125 0.04765625 0.1421875
0 0.0609375 0.5109375 0.05546875 0.13203125
0 0.2546875 0.2953125 0.09375 0.0484375
0 0.6 0.4375 0.05 0.134375
0 0.2 0.86328125 0.0125 0.0015625
0 0.69140625 0.1546875 0.0640625 0.07734375