0 0.77421875 0.0890625 0.0609375 0.084375
0 0.8375 0.0796875 0.05859375 0.08984375
0 0.97578125 0.0453125 0.0484375 0.084375
0 0.31328125 0.15078125 0.06640625 0.0921875
0 0.63515625 0.01953125 0.05546875 0.03828125
0 0.3390625 0.69296875 0.04375 0.1046875
0 0.3953125 0.41484375 0.06875 0.15078125
0 0.46796875 0.7171875 0.0515625 0.09453125
0 0.375 0.18359375 0.0625 0.06875
0 0.19921875 0.7609375 0.059375 0.0859375
0 0.81953125 0.71796875 0.06796875 0.11953125
0 0.75390625 0.634375 0.06796875 0.08515625
0 0.28359375 0.01796875 0.0421875 0.034375
0 0.109375 0.884375 0.03203125 0.08125
0 0.171875 0.8703125 0.046875 0.09453125
0 0.19765625 0.92265625 0.0328125 0.07890625
0 0.2703125 0.93984375 0.046875 0.0984375
0 0.4265625 0.9046875 0.028125 0.125
0 0.4640625 0.884375 0.02890625 0.065625
0 0.5015625 0.85078125 0.053125 0.08515625
0 0.55234375 0.83671875 0.05390625 0.10078125
0 0.51484375 0.7828125 0.06953125 0.06640625
0 0.6390625 0.8171875 0.03984375 0.09375
0 0.690625 0.8671875 0.03984375 0.084375
0 0.74140625 0.853125 0.0328125 0.11171875
0 0.78046875 0.86796875 0.04453125 0.09609375
0 0.88515625 0.85703125 0.0890625 0.08046875
0 0.896875 0.940625 0.08125 0.11875
0 0.79453125 0.96640625 0.07265625 0.0671875