0 0.33671875 0.28828125 0.1046875 0.15390625
0 0.4015625 0.56328125 0.1171875 0.14453125
0 0.74140625 0.47265625 0.1015625 0.15546875
0 0.54453125 0.140625 0.09921875 0.16640625
0 0.20625 0.3765625 0.0859375 0.18125
0 0.70625 0.3078125 0.1125 0.13203125
0 0.1125 0.11015625 0.115625 0.18359375
0 0.75625 0.10234375 0.078125 0.1578125
0 0.03125 0.321875 0.0609375 0.184375
0 0.3234375 0.0609375 0.09296875 0.12109375
0 0.57265625 0.7484375 0.109375 0.1375
0 0.66953125 0.9515625 0.09296875 0.09453125
0 0.878125 0.8109375 0.11484375 0.13203125
0 0.26015625 0.7015625 0.0953125 0.171875
0 0.6765625 0.10078125 0.07421875 0.18828125
0 0.83984375 0.94921875 0.08984375 0.09453125
0 0.73046875 0.87734375 0.11328125 0.10546875
0 0.17578125 0.09453125 0.08671875 0.1890625
0 0.290625 0.82734375 0.121875 0.11171875
0 0.53046875 0.915625 0.1078125 0.103125