0 0.59375 0.37734375 0.11015625 0.1609375
0 0.1078125 0.378125 0.14375 0.153125
0 0.80703125 0.39921875 0.11171875 0.13125
0 0.1453125 0.84453125 0.08671875 0.22734375
0 0.72890625 0.7765625 0.128125 0.1484375
0 0.31875 0.3109375 0.121875 0.20078125
0 0.4765625 0.07578125 0.08203125 0.1515625
0 0.67265625 0.53515625 0.10390625 0.2296875
0 0.42109375 0.6703125 0.09453125 0.2140625
0 0.96796875 0.2140625 0.0640625 0.20625
0 0.33359375 0.78046875 0.1015625 0.15625
0 0.31171875 0.21015625 0.10703125 0.15625
0 0.51640625 0.92109375 0.09609375 0.15546875
0 0.40625 0.07578125 0.06875 0.1515625
0 0.48125 0.8328125 0.06953125 0.196875