0 0.71015625 0.0640625 0.07578125 0.128125
0 0.4296875 0.1578125 0.09375 0.16328125
0 0.82890625 0.675 0.08984375 0.140625
0 0.49921875 0.4078125 0.0828125 0.14765625
0 0.65234375 0.66171875 0.06484375 0.08203125
0 0.1515625 0.49296875 0.0578125 0.1703125
0 0.35078125 0.90234375 0.08828125 0.1375
0 0.4421875 0.85 0.09921875 0.12578125
0 0.575 0.75703125 0.06796875 0.1640625
0 0.15703125 0.7140625 0.09296875 0.12421875
0 0.11640625 0.8390625 0.10234375 0.13359375
0 0.928125 0.7265625 0.09921875 0.1484375
0 0.03359375 0.37265625 0.0671875 0.2109375