0 0.25390625 0.13203125 0.0828125 0.1359375
0 0.05546875 0.18203125 0.07890625 0.13828125
0 0.77734375 0.15859375 0.06640625 0.11640625
0 0.384375 0.2609375 0.07109375 0.15703125
0 0.12109375 0.1984375 0.07890625 0.13671875
0 0.54375 0.06328125 0.07734375 0.1125
0 0.5984375 0.3703125 0.084375 0.14296875
0 0.92265625 0.21171875 0.0734375 0.15625
0 0.31328125 0.2796875 0.07265625 0.2078125
0 0.61484375 0.178125 0.06015625 0.1875
0 0.521875 0.31953125 0.07421875 0.115625
0 0.85 0.30546875 0.08203125 0.10625
0 0.14375 0.05859375 0.06875 0.11171875
0 0.4703125 0.0484375 0.08203125 0.09453125
0 0.26015625 0.45625 0.08046875 0.13984375
0 0.05859375 0.03984375 0.0703125 0.07890625
0 0.690625 0.2203125 0.0703125 0.11875
0 0.83515625 0.50625 0.0796875 0.13359375
0 0.34609375 0.059375 0.1015625 0.109375
0 0.053125 0.625 0.078125 0.13515625
0 0.48984375 0.22265625 0.07265625 0.12890625
0 0.63203125 0.5640625 0.06640625 0.1375
0 0.93359375 0.72421875 0.059375 0.12265625
0 0.9765625 0.60625 0.04609375 0.12265625
0 0.4875 0.60703125 0.1203125 0.20078125
0 0.69140625 0.67109375 0.07578125 0.0859375
0 0.7296875 0.75390625 0.0796875 0.13984375
0 0.759375 0.40625 0.09765625 0.11328125
0 0.64609375 0.9015625 0.1046875 0.12890625
0 0.79140625 0.60625 0.0625 0.1171875
0 0.26015625 0.79765625 0.07734375 0.10625
0 0.4140625 0.721875 0.090625 0.1328125
0 0.85234375 0.7234375 0.0796875 0.14765625
0 0.209375 0.64609375 0.09921875 0.09609375
0 0.33125 0.696875 0.08203125 0.16953125
0 0.2796875 0.57890625 0.07578125 0.13984375
0 0.175 0.8765625 0.08515625 0.15390625
0 0.8 0.696875 0.06328125 0.11484375
0 0.5265625 0.55 0.0640625 0.08359375
0 0.9765625 0.80859375 0.04609375 0.103125
0 0.7046875 0.32578125 0.0984375 0.11015625