0 0.53046875 0.6078125 0.1109375 0.15625
0 0.30390625 0.43125 0.06640625 0.16640625
0 0.58203125 0.228125 0.08046875 0.12734375
0 0.4078125 0.2859375 0.078125 0.1546875
0 0.1328125 0.1390625 0.08046875 0.14453125
0 0.6796875 0.21171875 0.06015625 0.196875
0 0.74296875 0.2640625 0.065625 0.14296875
0 0.4546875 0.2421875 0.065625 0.1203125
0 0.81640625 0.32265625 0.06484375 0.14296875
0 0.040625 0.14765625 0.08046875 0.11015625
0 0.88046875 0.23046875 0.046875 0.12734375
0 0.48203125 0.16484375 0.06953125 0.103125
0 0.2453125 0.1578125 0.10078125 0.15625