0 0.2140625 0.49140625 0.071875 0.1546875
0 0.28984375 0.553125 0.0640625 0.10703125
0 0.38125 0.64375 0.078125 0.109375
0 0.12421875 0.67578125 0.05078125 0.0859375
0 0.10078125 0.5890625 0.1046875 0.07265625
0 0.06796875 0.48515625 0.08359375 0.12578125
0 0.1046875 0.409375 0.07109375 0.115625
0 0.13046875 0.35234375 0.07109375 0.08828125
0 0.296875 0.39765625 0.06875 0.1359375
0 0.16640625 0.71875 0.06953125 0.096875
0 0.70625 0.665625 0.0796875 0.0890625
0 0.2859375 0.84453125 0.0546875 0.10078125
0 0.0265625 0.6453125 0.053125 0.09765625
0 0.540625 0.73359375 0.0625 0.0796875
0 0.74921875 0.840625 0.06640625 0.1015625
0 0.53359375 0.409375 0.06953125 0.08828125
0 0.82578125 0.89921875 0.06328125 0.09453125
0 0.940625 0.72734375 0.0609375 0.0890625
0 0.24296875 0.6828125 0.06875 0.08359375
0 0.6390625 0.8859375 0.0671875 0.11875
0 0.234375 0.74609375 0.071875 0.08203125
0 0.82421875 0.8078125 0.078125 0.09765625
0 0.815625 0.484375 0.08359375 0.0921875
0 0.6875 0.7390625 0.08203125 0.1015625
0 0.0859375 0.9 0.06328125 0.08984375
0 0.1828125 0.928125 0.07109375 0.07578125
0 0.9578125 0.840625 0.07421875 0.090625
0 0.14609375 0.86015625 0.0734375 0.1515625
0 0.05 0.79296875 0.0921875 0.12890625
0 0.7140625 0.934375 0.06484375 0.08515625
0 0.56953125 0.5671875 0.04765625 0.10859375
0 0.596875 0.9453125 0.059375 0.0859375
0 0.50078125 0.78046875 0.06328125 0.1046875
0 0.3546875 0.79765625 0.07421875 0.12265625
0 0.409375 0.9234375 0.071875 0.10859375
0 0.353125 0.89140625 0.059375 0.11953125
0 0.79140625 0.95078125 0.0578125 0.0984375
0 0.6359375 0.39765625 0.05234375 0.07109375
0 0.2828125 0.93125 0.0765625 0.071875
0 0.88984375 0.940625 0.06171875 0.1
0 0.43671875 0.84453125 0.0671875 0.0984375
0 0.3609375 0.0703125 0.06796875 0.11640625
0 0.14140625 0.0671875 0.0515625 0.05625
0 0.6921875 0.9625 0.05546875 0.07109375
0 0.4625 0.80234375 0.059375 0.11171875
0 0.88984375 0.140625 0.0625 0.0828125
0 0.3171875 0.73359375 0.07265625 0.11953125
0 0.55390625 0.47421875 0.0453125 0.0828125
0 0.8984375 0.42578125 0.04609375 0.0453125
0 0.7921875 0.41484375 0.05234375 0.05546875
0 0.31875 0.02109375 0.05625 0.0421875
0 0.02421875 0.3203125 0.04140625 0.0515625
0 0.4515625 0.3625 0.0546875 0.05078125
0 0.4484375 0.0890625 0.0515625 0.0796875
0 0.70234375 0.1453125 0.0734375 0.0625
0 0.91015625 0.28046875 0.0953125 0.04765625
0 0.809375 0.25703125 0.05625 0.06171875
0 0.80234375 0.134375 0.0546875 0.109375
0 0.86796875 0.04921875 0.0640625 0.08671875
0 0.9859375 0.171875 0.028125 0.08984375
0 0.9703125 0.04296875 0.059375 0.0859375
0 0.6359375 0.0265625 0.040625 0.053125
0 0.68359375 0.021875 0.0421875 0.04375
0 0.73203125 0.0140625 0.04140625 0.028125
0 0.065625 0.06796875 0.053125 0.0609375