0 0.28046875 0.121875 0.075 0.17265625
0 0.2171875 0.1640625 0.096875 0.15546875
0 0.43203125 0.53046875 0.0828125 0.1765625
0 0.0796875 0.65546875 0.0671875 0.1796875
0 0.1625 0.42578125 0.10703125 0.1203125
0 0.4390625 0.9109375 0.07421875 0.16796875
0 0.55546875 0.2109375 0.08828125 0.16015625
0 0.73359375 0.9 0.0671875 0.2
0 0.8109375 0.93046875 0.0859375 0.1390625
0 0.92421875 0.896875 0.0890625 0.13359375
0 0.12421875 0.1578125 0.06875 0.1875
0 0.365625 0.5921875 0.07265625 0.21484375
0 0.2125 0.7515625 0.0890625 0.146875
0 0.1953125 0.5328125 0.090625 0.1328125
0 0.121875 0.82734375 0.0828125 0.171875
0 0.36328125 0.80234375 0.10546875 0.13671875
0 0.71796875 0.07734375 0.090625 0.1546875
0 0.2921875 0.6328125 0.071875 0.2078125
0 0.6203125 0.90390625 0.09140625 0.18359375
0 0.03984375 0.45546875 0.06953125 0.20390625
0 0.61796875 0.465625 0.096875 0.140625
0 0.82421875 0.6375 0.103125 0.2
0 0.94140625 0.11796875 0.0765625 0.18515625
0 0.48671875 0.7671875 0.1 0.20234375
0 0.0359375 0.884375 0.071875 0.1390625
0 0.65390625 0.18359375 0.0859375 0.13046875
0 0.2296875 0.61171875 0.0828125 0.16796875
0 0.603125 0.7640625 0.10546875 0.1265625
0 0.9359375 0.290625 0.07421875 0.1203125
0 0.53046875 0.0703125 0.1 0.128125
0 0.38046875 0.334375 0.0640625 0.17265625
0 0.90390625 0.51484375 0.10390625 0.15703125
0 0.32109375 0.20546875 0.06640625 0.096875
0 0.778125 0.47109375 0.0671875 0.14375
0 0.6390625 0.37578125 0.08359375 0.16875
0 0.878125 0.546875 0.0515625 0.09765625