0 0.5171875 0.81171875 0.09921875 0.18125
0 0.4328125 0.5515625 0.1109375 0.134375
0 0.31328125 0.5296875 0.1265625 0.1546875
0 0.553125 0.2109375 0.084375 0.22109375
0 0.4359375 0.140625 0.0859375 0.21328125
0 0.3375 0.25625 0.103125 0.19140625
0 0.15234375 0.23125 0.1015625 0.1859375
0 0.18203125 0.7875 0.1078125 0.16796875
0 0.82890625 0.471875 0.11171875 0.14453125
0 0.8109375 0.159375 0.090625 0.15078125
0 0.171875 0.41015625 0.075 0.178125
0 0.090625 0.6125 0.08359375 0.19140625
0 0.30390625 0.1390625 0.11015625 0.16640625
0 0.8953125 0.259375 0.078125 0.16015625
0 0.71015625 0.13359375 0.10390625 0.13671875
0 0.53984375 0.9328125 0.09609375 0.13125
0 0.540625 0.478125 0.075 0.13359375
0 0.9234375 0.58359375 0.1296875 0.14375
0 0.77265625 0.0578125 0.10703125 0.11328125
0 0.715625 0.5953125 0.1671875 0.2265625
0 0.94609375 0.903125 0.10703125 0.16953125
0 0.55625 0.04609375 0.103125 0.0890625