0 0.48359375 0.26171875 0.0890625 0.14296875
0 0.38984375 0.31484375 0.06953125 0.14140625
0 0.52109375 0.51171875 0.06171875 0.15625
0 0.684375 0.3265625 0.08515625 0.13046875
0 0.7796875 0.4 0.08359375 0.14453125
0 0.6578125 0.1390625 0.07421875 0.14375
0 0.1703125 0.2609375 0.06171875 0.10390625
0 0.74921875 0.5390625 0.06875 0.16015625
0 0.40703125 0.48046875 0.0734375 0.15078125
0 0.3265625 0.3734375 0.06328125 0.15390625
0 0.05546875 0.265625 0.06796875 0.09140625
0 0.8859375 0.2296875 0.0765625 0.15859375
0 0.83125 0.634375 0.0828125 0.1671875
0 0.09609375 0.79375 0.06015625 0.11171875
0 0.66875 0.503125 0.07265625 0.0859375
0 0.66328125 0.59375 0.078125 0.0890625
0 0.9125 0.51796875 0.0875 0.11875
0 0.26796875 0.4375 0.05859375 0.1171875
0 0.5328125 0.06875 0.07734375 0.13125
0 0.8875 0.42578125 0.08359375 0.11015625
0 0.025 0.196875 0.04921875 0.1109375
0 0.16171875 0.61875 0.05546875 0.121875
0 0.2390625 0.80390625 0.0796875 0.10078125
0 0.51328125 0.79765625 0.06953125 0.1125
0 0.365625 0.890625 0.065625 0.1375
0 0.171875 0.46796875 0.06015625 0.1484375
0 0.1109375 0.38828125 0.06171875 0.09296875
0 0.5 0.60859375 0.0671875 0.10078125
0 0.615625 0.78671875 0.07578125 0.11484375
0 0.053125 0.5875 0.06171875 0.09375
0 0.43984375 0.83125 0.0796875 0.10546875
0 0.03515625 0.70703125 0.06015625 0.16796875
0 0.2515625 0.69375 0.0703125 0.1015625
0 0.49375 0.1203125 0.090625 0.12578125
0 0.84296875 0.7515625 0.0828125 0.0875
0 0.1671875 0.70703125 0.0625 0.140625
0 0.83125 0.896875 0.09453125 0.1765625
0 0.31796875 0.84375 0.0484375 0.1671875
0 0.64140625 0.9140625 0.07421875 0.09921875
0 0.0421875 0.34609375 0.05 0.08828125
0 0.0984375 0.446875 0.07265625 0.18515625
0 0.721875 0.6359375 0.109375 0.07578125