0 0.16796875 0.6125 0.0984375 0.22734375
0 0.33359375 0.9078125 0.09375 0.18359375
0 0.0828125 0.77421875 0.07734375 0.196875
0 0.87265625 0.5203125 0.08828125 0.2171875
0 0.365625 0.63515625 0.096875 0.2296875
0 0.725 0.61875 0.1 0.23359375
0 0.175 0.14765625 0.1125 0.1546875
0 0.94296875 0.7515625 0.1078125 0.13828125
0 0.95390625 0.58671875 0.08984375 0.134375
0 0.29453125 0.375 0.1015625 0.12421875
0 0.6109375 0.55546875 0.1171875 0.1609375
0 0.3109375 0.50625 0.11328125 0.128125
0 0.7265625 0.41640625 0.10859375 0.140625
0 0.709375 0.2421875 0.09765625 0.1328125
0 0.615625 0.37734375 0.11953125 0.1359375
0 0.5421875 0.0765625 0.11640625 0.14921875
0 0.3734375 0.146875 0.07734375 0.23828125
0 0.69296875 0.12265625 0.12109375 0.146875
0 0.52421875 0.2921875 0.0703125 0.115625
0 0.46640625 0.5546875 0.11875 0.11484375