0 0.503125 0.3828125 0.090625 0.15703125
0 0.4015625 0.66796875 0.096875 0.1140625
0 0.28203125 0.69140625 0.11875 0.11328125
0 0.246875 0.5140625 0.115625 0.11015625
0 0.40625 0.88203125 0.109375 0.10234375
0 0.303125 0.88828125 0.11015625 0.11953125
0 0.76796875 0.49296875 0.09453125 0.12265625
0 0.9203125 0.82421875 0.0796875 0.12890625
0 0.853125 0.30625 0.06953125 0.15625
0 0.7 0.6421875 0.0765625 0.13125
0 0.8671875 0.94609375 0.1 0.0875
0 0.6390625 0.4109375 0.0796875 0.121875
0 0.74375 0.93515625 0.10390625 0.10625
0 0.70234375 0.425 0.05859375 0.16015625
0 0.39296875 0.9546875 0.10546875 0.08828125
0 0.6828125 0.13828125 0.09296875 0.146875
0 0.74765625 0.8171875 0.06953125 0.13828125
0 0.74375 0.27890625 0.059375 0.125
0 0.57109375 0.25 0.05625 0.14609375
0 0.51953125 0.253125 0.059375 0.13828125
0 0.62578125 0.2375 0.0609375 0.1125
0 0.45078125 0.25234375 0.06640625 0.11796875
0 0.97421875 0.26953125 0.0515625 0.14140625
0 0.40703125 0.29140625 0.05703125 0.1328125
0 0.346875 0.2875 0.059375 0.13359375
0 0.03125 0.25 0.05625 0.1375
0 0.25078125 0.14375 0.10390625 0.1328125
0 0.1875 0.13828125 0.09140625 0.125
0 0.909375 0.20625 0.06796875 0.09609375
0 0.490625 0.11796875 0.06796875 0.0859375
0 0.0375 0.12890625 0.075 0.1109375
0 0.2265625 0.35390625 0.09453125 0.1046875
0 0.55625 0.13203125 0.0734375 0.109375
0 0.18125 0.75078125 0.09921875 0.1078125
0 0.2609375 0.965625 0.06171875 0.06875
0 0.18828125 0.93828125 0.06953125 0.1234375
0 0.36015625 0.1875 0.0859375 0.06640625
0 0.46171875 0.19140625 0.0671875 0.09921875
0 0.8015625 0.23359375 0.04375 0.0796875
0 0.84453125 0.1890625 0.04140625 0.08671875
0 0.14765625 0.90859375 0.04296875 0.1390625
0 0.1125 0.85 0.046875 0.13515625
0 0.26875 0.29609375 0.06328125 0.1078125
0 0.30703125 0.23671875 0.0484375 0.0765625