0 0.3671875 0.609375 0.0625 0.07734375
0 0.27109375 0.615625 0.0796875 0.065625
0 0.56484375 0.58125 0.06171875 0.09375
0 0.67109375 0.67109375 0.07109375 0.0609375
0 0.64453125 0.603125 0.0578125 0.059375
0 0.659375 0.571875 0.06484375 0.0625
0 0.7203125 0.54921875 0.0625 0.0515625
0 0.72421875 0.60703125 0.0734375 0.0609375
0 0.75390625 0.64296875 0.05546875 0.07265625
0 0.825 0.71328125 0.07578125 0.0671875
0 0.78984375 0.66796875 0.0859375 0.0453125
0 0.79921875 0.61328125 0.06015625 0.06328125
0 0.8078125 0.56640625 0.075 0.04609375
0 0.8609375 0.56953125 0.028125 0.08046875
0 0.8421875 0.63515625 0.04375 0.09453125
0 0.9125 0.87890625 0.06953125 0.10234375
0 0.53515625 0.8109375 0.0421875 0.10078125
0 0.5171875 0.875 0.05703125 0.078125
0 0.29609375 0.778125 0.0546875 0.075
0 0.27890625 0.7140625 0.0640625 0.09375
0 0.22578125 0.69453125 0.0546875 0.0796875
0 0.15703125 0.634375 0.07109375 0.071875
0 0.146875 0.79375 0.065625 0.103125
0 0.13046875 0.7265625 0.0515625 0.08125
0 0.08515625 0.6984375 0.0453125 0.071875
0 0.0625 0.67109375 0.04609375 0.06953125
0 0.01953125 0.64375 0.0390625 0.08515625
0 0.1 0.63046875 0.065625 0.0421875