0 0.48828125 0.6453125 0.05546875 0.121875
0 0.3375 0.5453125 0.059375 0.10546875
0 0.06875 0.68515625 0.05 0.1234375
0 0.05078125 0.85 0.0515625 0.10234375
0 0.16796875 0.82265625 0.0390625 0.13203125
0 0.21640625 0.846875 0.04140625 0.11328125
0 0.7703125 0.625 0.065625 0.07265625
0 0.65703125 0.85546875 0.0484375 0.08515625
0 0.83671875 0.825 0.0484375 0.0875
0 0.81796875 0.94375 0.0453125 0.1125
0 0.84453125 0.91015625 0.0421875 0.0734375
0 0.88828125 0.95703125 0.0265625 0.0859375
0 0.92109375 0.95546875 0.03359375 0.0890625
0 0.44921875 0.91484375 0.05859375 0.07734375
0 0.4390625 0.9734375 0.07734375 0.053125
0 0.2921875 0.98359375 0.05 0.0328125
0 0.14921875 0.965625 0.05546875 0.06875
0 0.8625 0.246875 0.03984375 0.09375
0 0.8171875 0.20078125 0.03671875 0.0703125
0 0.7671875 0.184375 0.034375 0.07578125
0 0.75703125 0.24453125 0.0296875 0.0734375
0 0.8859375 0.35625 0.03125 0.0875
0 0.91171875 0.33515625 0.02734375 0.0890625
0 0.953125 0.26484375 0.03203125 0.0953125
0 0.90234375 0.203125 0.04609375 0.0875
0 0.96875 0.23359375 0.04453125 0.08828125
0 0.9734375 0.12578125 0.02890625 0.0765625
0 0.9859375 0.184375 0.02734375 0.046875
0 0.7421875 0.3375 0.05 0.09921875
0 0.709375 0.2671875 0.0421875 0.10234375
0 0.98203125 0.36484375 0.0359375 0.1234375
0 0.8203125 0.0578125 0.0484375 0.07890625
0 0.7765625 0.06171875 0.04921875 0.1
0 0.08203125 0.9796875 0.059375 0.040625
0 0.9203125 0.08828125 0.04765625 0.0828125
0 0.85234375 0.05859375 0.05078125 0.09296875
0 0.79375 0.24921875 0.046875 0.0875
0 0.88203125 0.07421875 0.04140625 0.08125
0 0.19921875 0.98125 0.0421875 0.03671875
0 0.2234375 0.046875 0.05625 0.08359375
0 0.95078125 0.3953125 0.04375 0.09609375
0 0.2640625 0.03828125 0.0640625 0.07578125
0 0.025 0.025 0.04765625 0.05
0 0.021875 0.9640625 0.04375 0.0703125
0 0.72265625 0.02890625 0.0546875 0.0546875
0 0.18125 0.11171875 0.0359375 0.06171875
0 0.6203125 0.971875 0.05 0.05625
0 0.11953125 0.02109375 0.04375 0.0421875
0 0.64609375 0.290625 0.05625 0.1078125
0 0.1265625 0.10234375 0.0546875 0.0765625
0 0.2171875 0.2203125 0.06796875 0.14296875
0 0.28984375 0.17265625 0.07109375 0.1390625
0 0.0171875 0.25234375 0.03359375 0.0640625
0 0.6890625 0.37421875 0.04140625 0.05703125
0 0.6859375 0.3015625 0.03125 0.071875
0 0.7828125 0.35859375 0.03125 0.1109375
0 0.8171875 0.36640625 0.034375 0.1015625