0 0.61875 0.3890625 0.0625 0.1484375
0 0.5671875 0.75546875 0.07421875 0.140625
0 0.7203125 0.6625 0.0609375 0.17578125
0 0.1265625 0.0859375 0.084375 0.11953125
0 0.046875 0.428125 0.09375 0.11953125
0 0.28203125 0.41640625 0.071875 0.16953125
0 0.50703125 0.35625 0.07421875 0.12109375
0 0.428125 0.6984375 0.05625 0.17109375
0 0.34453125 0.496875 0.06953125 0.1375
0 0.2203125 0.36328125 0.071875 0.1609375
0 0.7546875 0.3734375 0.0609375 0.13515625
0 0.42734375 0.49296875 0.0828125 0.16796875
0 0.55390625 0.3671875 0.0578125 0.14765625
0 0.4171875 0.4046875 0.06875 0.10703125
0 0.86328125 0.49921875 0.05625 0.1109375
0 0.4625 0.64296875 0.05546875 0.13046875
0 0.56328125 0.93671875 0.07421875 0.11875
0 0.88125 0.39140625 0.05390625 0.128125
0 0.36640625 0.32421875 0.06640625 0.1421875
0 0.771875 0.61171875 0.0625 0.1296875
0 0.94765625 0.26328125 0.04609375 0.16015625
0 0.7328125 0.29375 0.06875 0.09765625
0 0.8765625 0.24921875 0.04921875 0.1421875
0 0.271875 0.178125 0.08515625 0.10859375
0 0.3078125 0.0890625 0.078125 0.1296875
0 0.69921875 0.0765625 0.06484375 0.0984375
0 0.03828125 0.06640625 0.0734375 0.1328125
0 0.13125 0.40859375 0.06015625 0.10859375
0 0.47421875 0.4796875 0.04453125 0.1265625
0 0.81171875 0.0640625 0.06875 0.0859375
0 0.45 0.11875 0.084375 0.1109375