0 0.58515625 0.7953125 0.0484375 0.08828125
0 0.64765625 0.8828125 0.05078125 0.109375
0 0.465625 0.83671875 0.053125 0.0640625
0 0.9171875 0.74140625 0.05625 0.0921875
0 0.67734375 0.81875 0.04375 0.08671875
0 0.8140625 0.70078125 0.046875 0.09296875
0 0.41484375 0.865625 0.05234375 0.0921875
0 0.49765625 0.91953125 0.0578125 0.0765625
0 0.6359375 0.725 0.0453125 0.065625
0 0.7484375 0.75 0.04375 0.0671875
0 0.578125 0.73125 0.05859375 0.06875
0 0.6828125 0.7140625 0.040625 0.08359375
0 0.35546875 0.8625 0.0546875 0.0890625
0 0.3859375 0.8703125 0.04375 0.08828125
0 0.40390625 0.77421875 0.0359375 0.0640625
0 0.53203125 0.96015625 0.04375 0.07890625
0 0.70859375 0.76875 0.053125 0.071875
0 0.30546875 0.8953125 0.053125 0.075
0 0.8109375 0.778125 0.04375 0.06484375
0 0.6890625 0.97109375 0.046875 0.0578125
0 0.9828125 0.7625 0.034375 0.08828125
0 0.71796875 0.70390625 0.05625 0.07578125
0 0.596875 0.9328125 0.0484375 0.103125
0 0.29765625 0.815625 0.0296875 0.08203125
0 0.33515625 0.7984375 0.0484375 0.07421875
0 0.940625 0.87734375 0.0484375 0.109375
0 0.903125 0.90625 0.0484375 0.1015625
0 0.759375 0.95859375 0.0765625 0.07578125