0 0.1796875 0.0953125 0.090625 0.12421875
0 0.2890625 0.1 0.07109375 0.11015625
0 0.4875 0.1390625 0.078125 0.08984375
0 0.70234375 0.2046875 0.075 0.1
0 0.58046875 0.58359375 0.08359375 0.11328125
0 0.59453125 0.21484375 0.06953125 0.0921875
0 0.778125 0.09375 0.059375 0.13828125
0 0.96484375 0.7609375 0.06953125 0.1203125
0 0.36015625 0.76640625 0.09765625 0.12109375
0 0.67265625 0.08984375 0.0609375 0.134375
0 0.6625 0.765625 0.10390625 0.1078125
0 0.96953125 0.634375 0.0609375 0.10703125
0 0.06640625 0.484375 0.078125 0.1546875
0 0.7953125 0.7703125 0.0734375 0.1203125
0 0.14296875 0.315625 0.0625 0.15390625
0 0.03671875 0.65234375 0.06875 0.1359375
0 0.8015625 0.89765625 0.06796875 0.12890625
0 0.87734375 0.640625 0.05859375 0.1203125
0 0.621875 0.66328125 0.06875 0.0875
0 0.2390625 0.621875 0.0828125 0.1390625
0 0.5671875 0.83515625 0.10859375 0.15234375
0 0.0875 0.234375 0.07421875 0.090625
0 0.48671875 0.90625 0.08828125 0.09921875
0 0.40078125 0.0359375 0.07421875 0.071875
0 0.42265625 0.084375 0.0640625 0.11484375
0 0.67421875 0.684375 0.059375 0.1046875
0 0.7296875 0.52109375 0.06328125 0.10078125
0 0.68046875 0.51015625 0.0515625 0.12265625
0 0.9578125 0.96015625 0.08203125 0.07421875
0 0.2328125 0.934375 0.06640625 0.13125
0 0.3890625 0.14765625 0.06875 0.15546875
0 0.109375 0.94375 0.1125 0.11171875
0 0.75078125 0.63203125 0.06171875 0.140625
0 0.81328125 0.615625 0.0703125 0.1625
0 0.034375 0.79609375 0.065625 0.14765625
0 0.03671875 0.3234375 0.05546875 0.09921875
0 0.48359375 0.8203125 0.08046875 0.096875
0 0.23125 0.740625 0.07734375 0.1390625
0 0.1640625 0.6625 0.0640625 0.1640625
0 0.33046875 0.5296875 0.071875 0.1234375
0 0.115625 0.68671875 0.06484375 0.1609375
0 0.1875 0.7984375 0.065625 0.146875
0 0.3953125 0.65546875 0.06484375 0.13984375
0 0.28125 0.36875 0.096875 0.084375
0 0.2953125 0.44921875 0.0875 0.09453125
0 0.41796875 0.453125 0.0578125 0.07421875
0 0.43359375 0.4109375 0.04453125 0.084375
0 0.6625 0.37265625 0.08125 0.10703125
0 0.85703125 0.496875 0.04765625 0.115625
0 0.696875 0.3140625 0.07890625 0.13203125
0 0.9609375 0.2703125 0.07109375 0.08359375
0 0.921875 0.2828125 0.05703125 0.12109375
0 0.1328125 0.8234375 0.071875 0.16875
0 0.07265625 0.84375 0.0671875 0.12578125