0 0.19375 0.1546875 0.0625 0.11953125
0 0.12578125 0.83203125 0.0734375 0.1171875
0 0.8515625 0.15390625 0.05859375 0.12265625
0 0.05546875 0.16953125 0.04609375 0.10859375
0 0.95703125 0.11953125 0.05234375 0.1171875
0 0.6859375 0.1828125 0.0484375 0.12890625
0 0.53046875 0.09375 0.05625 0.17421875
0 0.31640625 0.1765625 0.046875 0.09921875
0 0.425 0.21484375 0.05625 0.1046875
0 0.64296875 0.17109375 0.0578125 0.11875
0 0.1109375 0.16484375 0.040625 0.109375
0 0.1390625 0.12890625 0.04296875 0.090625
0 0.59765625 0.1 0.0546875 0.1046875
0 0.74453125 0.1515625 0.0671875 0.134375
0 0.978125 0.26015625 0.04296875 0.14375
0 0.2515625 0.08984375 0.075 0.13984375
0 0.91328125 0.0796875 0.04921875 0.11796875
0 0.80625 0.07109375 0.0515625 0.1421875
0 0.3703125 0.19921875 0.04375 0.15546875
0 0.01328125 0.253125 0.0265625 0.09140625
0 0.94609375 0.03359375 0.06015625 0.0671875
0 0.03828125 0.08125 0.05625 0.0984375
0 0.396875 0.15078125 0.0390625 0.10390625
0 0.471875 0.07734375 0.0546875 0.15390625
0 0.28828125 0.040625 0.05546875 0.08125
0 0.0296875 0.9625 0.05390625 0.07109375
0 0.0984375 0.10625 0.03515625 0.07421875
0 0.7328125 0.05546875 0.04921875 0.1046875
0 0.15234375 0.04921875 0.04609375 0.0828125