0 0.2140625 0.1546875 0.053125 0.0921875
0 0.85 0.35078125 0.0625 0.071875
0 0.5578125 0.62578125 0.06640625 0.07421875
0 0.43359375 0.778125 0.078125 0.0921875
0 0.5390625 0.83125 0.08671875 0.09609375
0 0.2328125 0.07265625 0.07109375 0.090625
0 0.9046875 0.384375 0.0578125 0.06796875
0 0.696875 0.66484375 0.04375 0.06484375
0 0.19140625 0.571875 0.08515625 0.10546875
0 0.76171875 0.16953125 0.059375 0.0921875
0 0.3453125 0.78828125 0.0765625 0.13046875
0 0.7375 0.23671875 0.0578125 0.10390625
0 0.909375 0.22265625 0.05703125 0.09921875
0 0.93828125 0.29921875 0.03828125 0.08671875
0 0.0984375 0.5921875 0.071875 0.07890625
0 0.5828125 0.9171875 0.06484375 0.08828125
0 0.78828125 0.828125 0.06640625 0.0703125
0 0.9703125 0.08046875 0.053125 0.1140625
0 0.975 0.3140625 0.0375 0.0765625
0 0.90625 0.115625 0.0640625 0.121875
0 0.965625 0.21875 0.046875 0.07421875
0 0.8421875 0.17578125 0.0421875 0.1046875
0 0.984375 0.41015625 0.03125 0.0625
0 0.96171875 0.5265625 0.05703125 0.0765625
0 0.1265625 0.7265625 0.053125 0.15390625