0 0.57421875 0.54375 0.10078125 0.115625
0 0.4328125 0.3734375 0.0671875 0.084375
0 0.51171875 0.27421875 0.0796875 0.115625
0 0.709375 0.50234375 0.084375 0.1109375
0 0.9 0.47890625 0.084375 0.16875
0 0.41953125 0.55703125 0.09453125 0.1578125
0 0.1859375 0.4515625 0.06875 0.1421875
0 0.31640625 0.534375 0.0625 0.13203125
0 0.09609375 0.69765625 0.046875 0.1390625
0 0.3578125 0.7265625 0.0609375 0.17578125
0 0.69609375 0.78359375 0.0609375 0.15234375
0 0.25234375 0.71484375 0.06875 0.12109375
0 0.2234375 0.61015625 0.07265625 0.09375
0 0.2203125 0.52265625 0.05234375 0.1046875
0 0.3015625 0.73671875 0.059375 0.18125
0 0.9109375 0.77421875 0.06484375 0.16015625
0 0.1875 0.7046875 0.05703125 0.1578125
0 0.16875 0.56796875 0.046875 0.1296875
0 0.840625 0.8984375 0.071875 0.1390625
0 0.48203125 0.940625 0.05546875 0.11171875
0 0.753125 0.83125 0.06328125 0.09453125
0 0.6234375 0.8609375 0.10234375 0.121875
0 0.36328125 0.8859375 0.07421875 0.1109375
0 0.06171875 0.94765625 0.06484375 0.0921875
0 0.946875 0.884375 0.0640625 0.12734375
0 0.32421875 0.93125 0.0671875 0.12890625
0 0.42734375 0.94296875 0.07109375 0.1140625
0 0.1078125 0.825 0.04375 0.12890625
0 0.184375 0.83046875 0.07421875 0.1125
0 0.2828125 0.92421875 0.04921875 0.1484375
0 0.12578125 0.91484375 0.0734375 0.065625