0 0.5484375 0.60859375 0.11171875 0.15
0 0.4890625 0.259375 0.10546875 0.14609375
0 0.58828125 0.215625 0.09609375 0.24375
0 0.73984375 0.2359375 0.0859375 0.228125
0 0.81796875 0.2125 0.0796875 0.22265625
0 0.83046875 0.46875 0.125 0.13515625
0 0.7859375 0.60625 0.1234375 0.13671875
0 0.85703125 0.684375 0.11875 0.25390625
0 0.5515625 0.47421875 0.0640625 0.12421875
0 0.3734375 0.46015625 0.0578125 0.1296875
0 0.3140625 0.5203125 0.11875 0.1265625
0 0.43359375 0.71171875 0.08125 0.1640625
0 0.284375 0.66015625 0.08125 0.171875
0 0.18515625 0.8796875 0.08828125 0.1984375
0 0.075 0.47734375 0.08125 0.1421875
0 0.14296875 0.09375 0.0984375 0.1828125
0 0.7390625 0.9171875 0.0921875 0.13671875
0 0.89296875 0.3921875 0.071875 0.1828125