0 0.78125 0.12734375 0.109375 0.1265625
0 0.6703125 0.15546875 0.071875 0.19765625
0 0.86796875 0.23359375 0.1140625 0.11640625
0 0.72734375 0.453125 0.09453125 0.12734375
0 0.53125 0.18125 0.1015625 0.13125
0 0.85390625 0.77265625 0.07734375 0.18515625
0 0.71640625 0.65 0.0921875 0.18984375
0 0.2984375 0.3390625 0.0890625 0.12578125
0 0.78515625 0.5453125 0.07734375 0.2171875
0 0.6921875 0.87265625 0.07265625 0.19453125
0 0.5625 0.08671875 0.103125 0.1125
0 0.90546875 0.3921875 0.11328125 0.1515625
0 0.5546875 0.8453125 0.084375 0.16484375
0 0.63125 0.3734375 0.10390625 0.1203125
0 0.3921875 0.3765625 0.08203125 0.1875
0 0.24140625 0.56953125 0.0703125 0.19921875
0 0.06875 0.89765625 0.1109375 0.15078125
0 0.02890625 0.47578125 0.0578125 0.17734375
0 0.9046875 0.5375 0.08828125 0.14921875
0 0.3296875 0.0453125 0.07890625 0.090625
0 0.94140625 0.825 0.1125 0.15
0 0.6140625 0.4828125 0.0796875 0.140625
0 0.52421875 0.4984375 0.1015625 0.246875
0 0.409375 0.55703125 0.14375 0.16328125
0 0.38046875 0.80546875 0.08984375 0.15859375
0 0.27734375 0.9140625 0.08828125 0.171875
0 0.378125 0.93203125 0.0875 0.1359375
0 0.46640625 0.92578125 0.08203125 0.1484375
0 0.94609375 0.93515625 0.0734375 0.1296875
0 0.9265625 0.6640625 0.06875 0.165625
0 0.96953125 0.5203125 0.0609375 0.103125
0 0.971875 0.27578125 0.05625 0.12109375
0 0.84921875 0.0265625 0.0796875 0.053125