0 0.2015625 0.3640625 0.05625 0.09609375
0 0.33671875 0.365625 0.06171875 0.09140625
0 0.4453125 0.43046875 0.046875 0.0921875
0 0.5078125 0.384375 0.04140625 0.09140625
0 0.5546875 0.39375 0.04453125 0.125
0 0.69375 0.56640625 0.04765625 0.08046875
0 0.68984375 0.6671875 0.0453125 0.12265625
0 0.89140625 0.4421875 0.06171875 0.07578125
0 0.86875 0.3125 0.05703125 0.09375
0 0.68984375 0.30390625 0.04765625 0.11328125
0 0.70546875 0.3765625 0.05234375 0.07890625
0 0.75234375 0.48125 0.0640625 0.084375
0 0.50625 0.5359375 0.05078125 0.090625
0 0.56796875 0.56484375 0.0640625 0.06484375
0 0.60859375 0.63359375 0.0671875 0.05546875
0 0.63828125 0.6984375 0.04609375 0.140625
0 0.72578125 0.621875 0.0515625 0.090625
0 0.79375 0.64453125 0.06953125 0.1359375
0 0.8203125 0.5578125 0.07109375 0.10625
0 0.9109375 0.5109375 0.0625 0.06484375
0 0.9140625 0.57734375 0.06171875 0.09453125
0 0.94296875 0.5953125 0.04921875 0.11171875
0 0.9796875 0.59921875 0.040625 0.14453125
0 0.91875 0.85234375 0.05625 0.08671875
0 0.81015625 0.834375 0.0640625 0.08828125
0 0.82421875 0.78125 0.07421875 0.07109375
0 0.64140625 0.38046875 0.04453125 0.08671875
0 0.41015625 0.61640625 0.06171875 0.0796875
0 0.48203125 0.85703125 0.0671875 0.096875
0 0.2 0.7609375 0.04765625 0.09296875
0 0.10234375 0.8015625 0.04609375 0.096875
0 0.1125 0.58359375 0.0484375 0.0921875
0 0.16640625 0.89921875 0.06015625 0.09296875
0 0.39921875 0.67734375 0.05703125 0.09453125
0 0.38984375 0.475 0.0421875 0.08203125
0 0.065625 0.584375 0.065625 0.1046875
0 0.37734375 0.7328125 0.0484375 0.11015625
0 0.34453125 0.765625 0.04609375 0.1125
0 0.134375 0.75546875 0.05625 0.09921875
0 0.04765625 0.88359375 0.04140625 0.10625
0 0.2796875 0.82734375 0.05859375 0.1140625
0 0.090625 0.93984375 0.0421875 0.10234375
0 0.590625 0.45234375 0.03515625 0.06796875
0 0.478125 0.9734375 0.04921875 0.0484375
0 0.6984375 0.4671875 0.0515625 0.059375
0 0.98046875 0.28203125 0.0390625 0.07265625
0 0.06875 0.83125 0.04609375 0.08203125
0 0.4625 0.14609375 0.071875 0.08125
0 0.17890625 0.61484375 0.0515625 0.0671875
0 0.425 0.578125 0.07890625 0.09140625
0 0.0171875 0.9234375 0.034375 0.11875
0 0.31875 0.73515625 0.05546875 0.09921875
0 0.75625 0.5578125 0.06953125 0.14453125
0 0.96484375 0.49296875 0.0359375 0.08046875
0 0.04296875 0.9734375 0.046875 0.053125
0 0.36875 0.62421875 0.028125 0.04765625
0 0.03125 0.64609375 0.03515625 0.0515625