0 0.25703125 0.7375 0.0640625 0.109375
0 0.33203125 0.69296875 0.0515625 0.08515625
0 0.3859375 0.7 0.04921875 0.07578125
0 0.44140625 0.6046875 0.04296875 0.065625
0 0.50234375 0.603125 0.04296875 0.090625
0 0.8375 0.6359375 0.059375 0.075
0 0.78828125 0.62265625 0.05703125 0.0703125
0 0.25234375 0.6375 0.053125 0.0984375
0 0.1828125 0.69375 0.05703125 0.078125
0 0.07734375 0.82109375 0.05625 0.1
0 0.21015625 0.6515625 0.04765625 0.071875
0 0.14375 0.85625 0.04921875 0.1046875
0 0.33515625 0.6140625 0.06015625 0.0921875
0 0.61640625 0.6578125 0.05703125 0.08125
0 0.05546875 0.7515625 0.06171875 0.08203125
0 0.6921875 0.61796875 0.06875 0.0734375
0 0.3453125 0.9390625 0.06171875 0.09609375
0 0.16875 0.6265625 0.053125 0.0625
0 0.47578125 0.88984375 0.053125 0.10859375
0 0.69296875 0.784375 0.05703125 0.10859375
0 0.6203125 0.83671875 0.07578125 0.09375
0 0.203125 0.925 0.05078125 0.1171875
0 0.10546875 0.7484375 0.05234375 0.09296875
0 0.63671875 0.7375 0.096875 0.08125
0 0.56953125 0.6640625 0.05234375 0.10859375
0 0.565625 0.60546875 0.06484375 0.06796875
0 0.83125 0.78984375 0.05234375 0.10625
0 0.87578125 0.840625 0.06640625 0.1265625
0 0.51796875 0.696875 0.07265625 0.1171875
0 0.6859375 0.959375 0.075 0.07890625
0 0.81328125 0.5296875 0.07890625 0.0859375
0 0.29609375 0.62265625 0.03515625 0.09140625
0 0.51875 0.85234375 0.05703125 0.08828125
0 0.0125 0.7609375 0.025 0.08515625
0 0.92578125 0.56484375 0.06015625 0.07265625
0 0.721875 0.55546875 0.0515625 0.1
0 0.88515625 0.95625 0.09140625 0.0734375
0 0.3859375 0.965625 0.0734375 0.06484375
0 0.97890625 0.8765625 0.0421875 0.10859375
0 0.53046875 0.5828125 0.040625 0.0546875
0 0.93359375 0.909375 0.059375 0.11640625
0 0.63125 0.97421875 0.05625 0.0515625
0 0.49453125 0.97265625 0.05703125 0.04921875
0 0.965625 0.61484375 0.06328125 0.0765625
0 0.5484375 0.81328125 0.05 0.11328125