0 0.1359375 0.10078125 0.05234375 0.1296875
0 0.04765625 0.08125 0.0640625 0.15859375
0 0.3140625 0.11875 0.06875 0.18984375
0 0.8171875 0.42109375 0.0453125 0.1765625
0 0.53046875 0.440625 0.0515625 0.17890625
0 0.784375 0.39765625 0.05234375 0.14375
0 0.21640625 0.4484375 0.05859375 0.15546875
0 0.2921875 0.06015625 0.08046875 0.11875
0 0.39140625 0.1046875 0.0734375 0.18515625
0 0.32109375 0.34609375 0.075 0.14453125
0 0.44296875 0.13828125 0.05546875 0.10859375
0 0.975 0.07109375 0.04765625 0.09296875
0 0.36953125 0.31796875 0.040625 0.115625
0 0.02265625 0.25 0.0453125 0.1734375
0 0.778125 0.51640625 0.0609375 0.0921875
0 0.1921875 0.228125 0.08125 0.15234375
0 0.1203125 0.55546875 0.0734375 0.18984375
0 0.85859375 0.3515625 0.04765625 0.13046875
0 0.73515625 0.075 0.0625 0.08984375
0 0.75625 0.353125 0.065625 0.109375
0 0.70390625 0.3421875 0.05625 0.190625
0 0.4234375 0.31796875 0.0421875 0.10078125
0 0.5796875 0.3203125 0.06875 0.0984375
0 0.753125 0.19453125 0.05703125 0.159375
0 0.584375 0.390625 0.06484375 0.08984375
0 0.41328125 0.03046875 0.071875 0.05859375
0 0.57578125 0.2046875 0.0578125 0.1109375
0 0.3734375 0.703125 0.0625 0.153125
0 0.4765625 0.3765625 0.05546875 0.0890625
0 0.659375 0.45625 0.0640625 0.1046875
0 0.025 0.46328125 0.034375 0.08203125
0 0.2703125 0.26875 0.06640625 0.16640625
0 0.94140625 0.43671875 0.0515625 0.11640625
0 0.9796875 0.51796875 0.040625 0.109375
0 0.65078125 0.5828125 0.06640625 0.1515625
0 0.1453125 0.346875 0.05234375 0.128125
0 0.17109375 0.45703125 0.1046875 0.1046875
0 0.21875 0.67734375 0.08125 0.1296875
0 0.06640625 0.80625 0.0984375 0.11875
0 0.296875 0.5640625 0.06875 0.13359375
0 0.4609375 0.6265625 0.059375 0.18359375
0 0.378125 0.825 0.084375 0.12578125
0 0.44375 0.8859375 0.09296875 0.128125
0 0.75078125 0.8609375 0.08046875 0.14296875
0 0.88984375 0.7640625 0.0703125 0.10546875
0 0.871875 0.13203125 0.0375 0.10390625
0 0.91171875 0.1875 0.0578125 0.11328125
0 0.925 0.08359375 0.04375 0.0890625
0 0.61484375 0.234375 0.0578125 0.10625
0 0.6421875 0.315625 0.08515625 0.09375