0 0.55390625 0.43984375 0.06015625 0.1640625
0 0.1140625 0.86171875 0.0546875 0.14765625
0 0.3671875 0.26875 0.06328125 0.11328125
0 0.7609375 0.23515625 0.059375 0.11328125
0 0.6671875 0.34765625 0.05859375 0.0890625
0 0.54765625 0.32890625 0.05234375 0.140625
0 0.25859375 0.0625 0.05234375 0.103125
0 0.1953125 0.40078125 0.04140625 0.14609375
0 0.80546875 0.8 0.0890625 0.11328125
0 0.0578125 0.42421875 0.046875 0.16484375
0 0.13125 0.421875 0.04765625 0.1421875
0 0.28671875 0.4234375 0.0484375 0.12578125
0 0.42421875 0.2265625 0.09375 0.0984375
0 0.146875 0.25390625 0.05859375 0.0953125
0 0.15234375 0.1546875 0.04296875 0.1171875
0 0.28359375 0.29453125 0.05625 0.10625
0 0.171875 0.03828125 0.04453125 0.0765625
0 0.309375 0.140625 0.05390625 0.09296875
0 0.6140625 0.43125 0.0703125 0.1125
0 0.0328125 0.2921875 0.065625 0.10234375
0 0.3203125 0.42265625 0.0515625 0.15390625
0 0.8578125 0.89375 0.06796875 0.1421875
0 0.8171875 0.15625 0.05078125 0.16015625
0 0.0953125 0.4109375 0.03671875 0.1015625
0 0.75703125 0.146875 0.071875 0.10234375
0 0.49921875 0.22421875 0.06953125 0.1109375
0 0.72578125 0.3328125 0.059375 0.10078125
0 0.71328125 0.76484375 0.0640625 0.1140625
0 0.31015625 0.2125 0.06796875 0.08203125
0 0.24296875 0.284375 0.065625 0.15625
0 0.94609375 0.0953125 0.04765625 0.13046875
0 0.02109375 0.06953125 0.03984375 0.11640625
0 0.290625 0.82890625 0.0890625 0.1671875
0 0.228125 0.34453125 0.05390625 0.1171875
0 0.109375 0.12890625 0.05625 0.11171875
0 0.41953125 0.43671875 0.065625 0.1453125
0 0.053125 0.88515625 0.0609375 0.15703125
0 0.30625 0.0453125 0.05078125 0.08984375
0 0.69921875 0.871875 0.0765625 0.1140625
0 0.315625 0.7234375 0.06015625 0.109375
0 0.26953125 0.63984375 0.04921875 0.11796875
0 0.49375 0.03046875 0.0625 0.06015625
0 0.3828125 0.09375 0.06796875 0.11171875
0 0.04609375 0.090625 0.04765625 0.14140625
0 0.1578125 0.71328125 0.0625 0.13359375
0 0.8890625 0.615625 0.07421875 0.125
0 0.9203125 0.71953125 0.10625 0.13203125
0 0.646875 0.7234375 0.06484375 0.09921875
0 0.1515625 0.32734375 0.059375 0.07734375
0 0.11875 0.3390625 0.05 0.07734375