0 0.41953125 0.42890625 0.08046875 0.15234375
0 0.26328125 0.240625 0.06796875 0.20546875
0 0.14140625 0.146875 0.0765625 0.15234375
0 0.49375 0.10234375 0.08046875 0.08984375
0 0.07578125 0.1703125 0.05390625 0.140625
0 0.184375 0.0765625 0.07578125 0.12265625
0 0.565625 0.128125 0.078125 0.11328125
0 0.246875 0.0640625 0.05546875 0.12421875
0 0.42890625 0.2859375 0.1109375 0.15390625
0 0.76015625 0.2984375 0.08671875 0.09921875
0 0.89765625 0.21796875 0.05546875 0.16640625
0 0.12890625 0.41796875 0.07890625 0.09453125
0 0.0640625 0.61640625 0.07578125 0.19609375
0 0.359375 0.0890625 0.078125 0.146875
0 0.48671875 0.20546875 0.103125 0.14765625
0 0.7625 0.10859375 0.08984375 0.15
0 0.8296875 0.1875 0.0921875 0.1328125
0 0.3421875 0.93515625 0.14296875 0.1171875