0 0.66953125 0.515625 0.12734375 0.16640625
0 0.3453125 0.46875 0.08046875 0.1640625
0 0.49609375 0.7390625 0.078125 0.178125
0 0.5765625 0.6953125 0.08828125 0.13828125
0 0.69140625 0.69765625 0.09375 0.17734375
0 0.8546875 0.75078125 0.0875 0.19375
0 0.821875 0.4703125 0.08046875 0.09921875
0 0.83671875 0.19296875 0.0796875 0.140625
0 0.928125 0.21328125 0.10390625 0.14296875
0 0.38984375 0.86328125 0.08671875 0.14296875
0 0.1796875 0.72734375 0.0671875 0.134375
0 0.18828125 0.8703125 0.07578125 0.1265625
0 0.05 0.4609375 0.04765625 0.16171875
0 0.12578125 0.4078125 0.05859375 0.1546875
0 0.69296875 0.875 0.096875 0.14140625
0 0.4015625 0.40859375 0.075 0.09453125
0 0.9390625 0.87265625 0.0515625 0.14765625
0 0.5921875 0.45 0.090625 0.165625
0 0.09921875 0.65078125 0.06875 0.140625
0 0.9515625 0.44609375 0.0671875 0.12265625
0 0.46015625 0.48515625 0.059375 0.17734375
0 0.76484375 0.63828125 0.05703125 0.2
0 0.6703125 0.0609375 0.078125 0.12109375
0 0.49375 0.1734375 0.08828125 0.12578125
0 0.25859375 0.05078125 0.0578125 0.1015625
0 0.21796875 0.1546875 0.0640625 0.10625
0 0.478125 0.409375 0.0625 0.16328125
0 0.3015625 0.15859375 0.0546875 0.1046875
0 0.55234375 0.48125 0.096875 0.128125
0 0.228125 0.38671875 0.078125 0.1078125
0 0.97109375 0.575 0.05625 0.14296875
0 0.21953125 0.29375 0.0609375 0.08984375
0 0.38984375 0.13515625 0.07734375 0.09375
0 0.09453125 0.28828125 0.05 0.090625
0 0.87578125 0.396875 0.0515625 0.1109375
0 0.4609375 0.0796875 0.07578125 0.15546875
0 0.57890625 0.06875 0.10078125 0.11953125
0 0.06328125 0.33046875 0.04609375 0.08125
0 0.175 0.27578125 0.05390625 0.07578125
0 0.43125 0.1921875 0.0640625 0.07578125
0 0.121875 0.69609375 0.0515625 0.15078125
0 0.30703125 0.96484375 0.0578125 0.0703125
0 0.33359375 0.1734375 0.04453125 0.084375
0 0.584375 0.9859375 0.05703125 0.028125
0 0.91640625 0.3859375 0.05546875 0.0875
0 0.13046875 0.28984375 0.040625 0.10234375