0 0.4546875 0.42578125 0.11484375 0.1515625
0 0.69140625 0.43125 0.08671875 0.19296875
0 0.36640625 0.7484375 0.0796875 0.1734375
0 0.4265625 0.13203125 0.065625 0.1578125
0 0.509375 0.1328125 0.0890625 0.15390625
0 0.75703125 0.18125 0.08203125 0.2
0 0.853125 0.925 0.075 0.14921875
0 0.85625 0.15625 0.06640625 0.1546875
0 0.64921875 0.71875 0.09296875 0.153125
0 0.1109375 0.11953125 0.06640625 0.16015625
0 0.0390625 0.234375 0.07734375 0.14140625
0 0.26953125 0.69375 0.12421875 0.12890625
0 0.58515625 0.759375 0.084375 0.14140625
0 0.70703125 0.94296875 0.1296875 0.1140625