0 0.44921875 0.475 0.09921875 0.103125
0 0.2609375 0.66640625 0.10234375 0.1234375
0 0.0375 0.63828125 0.07265625 0.11015625
0 0.084375 0.74921875 0.0859375 0.1015625
0 0.39140625 0.59296875 0.109375 0.09765625
0 0.834375 0.7015625 0.09453125 0.1015625
0 0.8109375 0.303125 0.0890625 0.06875
0 0.2484375 0.27421875 0.04765625 0.06640625
0 0.76640625 0.784375 0.09296875 0.11328125
0 0.69765625 0.41875 0.0859375 0.1046875
0 0.19609375 0.271875 0.05078125 0.06796875
0 0.35703125 0.73203125 0.09140625 0.1109375
0 0.1703125 0.7640625 0.07578125 0.12578125
0 0.2484375 0.8515625 0.084375 0.11328125
0 0.35859375 0.83515625 0.10703125 0.14296875
0 0.0796875 0.26953125 0.05078125 0.0640625
0 0.975 0.31015625 0.05 0.0609375
0 0.5109375 0.88359375 0.06015625 0.07578125
0 0.046875 0.890625 0.07734375 0.06171875
0 0.0265625 0.421875 0.05 0.1046875
0 0.7296875 0.8859375 0.07578125 0.0859375
0 0.9796875 0.853125 0.040625 0.1140625
0 0.80078125 0.92109375 0.07109375 0.10234375
0 0.67109375 0.8875 0.05078125 0.08515625
0 0.8640625 0.90703125 0.05390625 0.1203125
0 0.921875 0.8796875 0.05390625 0.146875
0 0.15078125 0.934375 0.0765625 0.11328125