0 0.09140625 0.4359375 0.09921875 0.14453125
0 0.25078125 0.56328125 0.10546875 0.13671875
0 0.39375 0.5890625 0.11328125 0.16796875
0 0.32890625 0.5015625 0.1109375 0.134375
0 0.40625 0.778125 0.1015625 0.17421875
0 0.72734375 0.42890625 0.0828125 0.1359375
0 0.6953125 0.71953125 0.1046875 0.11875
0 0.6734375 0.29609375 0.10390625 0.1109375
0 0.23671875 0.4171875 0.10703125 0.1296875
0 0.5609375 0.7125 0.115625 0.13359375
0 0.1109375 0.57890625 0.10859375 0.1296875
0 0.6890625 0.796875 0.10859375 0.11328125
0 0.8171875 0.465625 0.0953125 0.11015625
0 0.046875 0.78203125 0.09375 0.1296875
0 0.8390625 0.72734375 0.07734375 0.13828125
0 0.88125 0.59296875 0.09765625 0.1046875
0 0.0890625 0.296875 0.09765625 0.1546875
0 0.16640625 0.18828125 0.0921875 0.146875
0 0.9515625 0.49296875 0.096875 0.1078125
0 0.7625 0.88046875 0.07109375 0.1390625
0 0.80546875 0.3609375 0.08125 0.1234375
0 0.54609375 0.25234375 0.078125 0.21640625
0 0.63203125 0.91484375 0.059375 0.13828125
0 0.73828125 0.1265625 0.08359375 0.10859375
0 0.86875 0.3015625 0.06171875 0.1515625
0 0.55 0.95 0.103125 0.09921875
0 0.553125 0.065625 0.09765625 0.08203125
0 0.4109375 0.2890625 0.053125 0.1640625
0 0.8265625 0.2078125 0.06640625 0.16015625