0 0.39453125 0.27578125 0.08359375 0.1484375
0 0.3359375 0.2984375 0.06796875 0.1140625
0 0.10546875 0.2640625 0.05234375 0.11328125
0 0.84296875 0.4078125 0.07890625 0.18046875
0 0.8109375 0.21171875 0.0671875 0.1703125
0 0.8171875 0.3171875 0.0890625 0.15390625
0 0.2953125 0.8234375 0.06796875 0.1203125
0 0.3015625 0.69375 0.06640625 0.13125
0 0.03984375 0.43203125 0.06328125 0.121875
0 0.0265625 0.3203125 0.053125 0.1328125
0 0.10625 0.14921875 0.0640625 0.09921875
0 0.09921875 0.3890625 0.0703125 0.1078125
0 0.340625 0.5328125 0.0734375 0.1296875
0 0.24375 0.1859375 0.0734375 0.140625
0 0.47109375 0.71953125 0.08203125 0.16484375
0 0.55546875 0.31796875 0.059375 0.15390625
0 0.8125 0.9296875 0.07578125 0.140625
0 0.25 0.89765625 0.0625 0.12109375
0 0.4703125 0.44765625 0.0703125 0.115625
0 0.03359375 0.1859375 0.06640625 0.13046875
0 0.1453125 0.76015625 0.06484375 0.12734375
0 0.678125 0.621875 0.06328125 0.18046875
0 0.9515625 0.62734375 0.07578125 0.17890625
0 0.04609375 0.88828125 0.05703125 0.13984375
0 0.0296875 0.6109375 0.059375 0.1546875
0 0.65546875 0.96171875 0.0765625 0.0765625
0 0.88203125 0.03046875 0.065625 0.0578125
0 0.440625 0.921875 0.07109375 0.103125
0 0.075 0.96015625 0.05234375 0.0765625
0 0.8890625 0.98046875 0.0921875 0.03828125