0 0.89453125 0.15234375 0.0671875 0.13671875
0 0.92421875 0.3078125 0.07734375 0.153125
0 0.7734375 0.24296875 0.08125 0.19453125
0 0.67734375 0.3015625 0.0734375 0.17109375
0 0.765625 0.509375 0.084375 0.16484375
0 0.8375 0.70859375 0.10859375 0.1296875
0 0.62265625 0.584375 0.07578125 0.13828125
0 0.346875 0.64453125 0.084375 0.10859375
0 0.08671875 0.46484375 0.0953125 0.15078125
0 0.059375 0.32265625 0.11875 0.1171875
0 0.1 0.07421875 0.06640625 0.13984375
0 0.296875 0.1859375 0.10078125 0.17890625
0 0.378125 0.0453125 0.065625 0.090625
0 0.446875 0.0609375 0.059375 0.121875
0 0.4234375 0.62109375 0.05625 0.1390625