0 0.19453125 0.0625 0.0765625 0.125
0 0.259375 0.07734375 0.10625 0.1171875
0 0.4484375 0.05 0.171875 0.1
0 0.5875 0.05078125 0.06171875 0.1015625
0 0.7359375 0.059375 0.08046875 0.11484375
0 0.81796875 0.06796875 0.06796875 0.1359375
0 0.38984375 0.27109375 0.09765625 0.10390625
0 0.46171875 0.2203125 0.06484375 0.175
0 0.50390625 0.1296875 0.09140625 0.071875
0 0.5328125 0.22109375 0.08125 0.1140625
0 0.4546875 0.50859375 0.09296875 0.11875
0 0.97578125 0.3265625 0.0484375 0.16875
0 0.7578125 0.35 0.07421875 0.171875
0 0.8890625 0.3 0.12109375 0.13828125
0 0.41015625 0.67734375 0.10390625 0.16796875
0 0.50703125 0.471875 0.1 0.1328125
0 0.0390625 0.40390625 0.0734375 0.15390625
0 0.3671875 0.42421875 0.096875 0.121875
0 0.31953125 0.028125 0.0796875 0.05625
0 0.85703125 0.54609375 0.0828125 0.12421875
0 0.484375 0.71484375 0.07421875 0.1375
0 0.82109375 0.915625 0.090625 0.16796875
0 0.81171875 0.74609375 0.125 0.1546875
0 0.02265625 0.7359375 0.04375 0.19375
0 0.71015625 0.90859375 0.08125 0.1828125
0 0.0734375 0.89296875 0.08125 0.1578125
0 0.01640625 0.5078125 0.03046875 0.08203125