0 0.678125 0.14765625 0.0890625 0.11875
0 0.365625 0.153125 0.0765625 0.16640625
0 0.4015625 0.321875 0.08984375 0.09765625
0 0.53203125 0.1171875 0.0578125 0.1453125
0 0.6046875 0.6875 0.0625 0.18125
0 0.40859375 0.86640625 0.0671875 0.203125
0 0.84140625 0.3734375 0.06484375 0.13046875
0 0.18828125 0.6359375 0.1078125 0.1328125
0 0.04375 0.30546875 0.08671875 0.1015625
0 0.05 0.83828125 0.09921875 0.13203125
0 0.26015625 0.7859375 0.11328125 0.12421875
0 0.59453125 0.8734375 0.08046875 0.128125
0 0.9375 0.76640625 0.075 0.1234375
0 0.58828125 0.4921875 0.1078125 0.15625
0 0.04140625 0.51015625 0.0765625 0.1484375
0 0.20078125 0.91875 0.090625 0.15546875
0 0.62734375 0.3390625 0.071875 0.0828125
0 0.29453125 0.93046875 0.08359375 0.13359375
0 0.7515625 0.590625 0.09453125 0.09453125
0 0.4734375 0.90546875 0.07265625 0.1328125
0 0.94140625 0.325 0.05859375 0.075
0 0.928125 0.453125 0.07265625 0.11875
0 0.10078125 0.54765625 0.06171875 0.18046875
0 0.26015625 0.559375 0.08125 0.1234375
0 0.43671875 0.5046875 0.08046875 0.1390625
0 0.1609375 0.51796875 0.06953125 0.1234375
0 0.8828125 0.37265625 0.0609375 0.1234375
0 0.2625 0.26015625 0.071875 0.1484375
0 0.98125 0.48515625 0.0375 0.13828125
0 0.34453125 0.54140625 0.0828125 0.14921875
0 0.06953125 0.16796875 0.06875 0.196875
0 0.1328125 0.21796875 0.08359375 0.10546875
0 0.19609375 0.26484375 0.075 0.15390625
0 0.1171875 0.36640625 0.06171875 0.171875
0 0.22265625 0.38984375 0.07265625 0.13046875
0 0.1765625 0.10078125 0.0890625 0.11015625