0 0.190625 0.2296875 0.10546875 0.11875
0 0.0890625 0.30078125 0.09453125 0.1265625
0 0.503125 0.21875 0.0625 0.1328125
0 0.32109375 0.8046875 0.078125 0.121875
0 0.03125 0.45 0.0609375 0.13046875
0 0.04765625 0.05703125 0.09140625 0.109375
0 0.29140625 0.06015625 0.065625 0.115625
0 0.3046875 0.4703125 0.0671875 0.14921875
0 0.8984375 0.184375 0.04765625 0.11875
0 0.97421875 0.10078125 0.0515625 0.1015625
0 0.18046875 0.04609375 0.07421875 0.0890625
0 0.10703125 0.678125 0.07890625 0.10234375
0 0.5421875 0.53046875 0.0640625 0.0859375
0 0.5671875 0.37578125 0.05703125 0.1375
0 0.75390625 0.4515625 0.0609375 0.109375
0 0.321875 0.95625 0.06875 0.08203125
0 0.36875 0.6234375 0.09375 0.1359375
0 0.63984375 0.71484375 0.0546875 0.15
0 0.7609375 0.7546875 0.06484375 0.1390625
0 0.39375 0.95 0.06484375 0.0984375
0 0.9125 0.64921875 0.05234375 0.12265625
0 0.7234375 0.915625 0.0765625 0.1078125
0 0.6515625 0.8203125 0.08671875 0.12109375
0 0.63203125 0.05546875 0.0640625 0.10625
0 0.7234375 0.0609375 0.0546875 0.11796875
0 0.94453125 0.53203125 0.05859375 0.0875
0 0.5875 0.78828125 0.059375 0.17421875
0 0.8546875 0.70078125 0.05859375 0.10078125
0 0.8453125 0.8859375 0.0515625 0.0953125
0 0.953125 0.3671875 0.06640625 0.14609375
0 0.71875 0.35234375 0.059375 0.078125
0 0.6875 0.85 0.0671875 0.15234375
0 0.92265625 0.83125 0.05390625 0.1015625
0 0.02890625 0.675 0.0546875 0.11484375
0 0.940625 0.71015625 0.05234375 0.09921875
0 0.9796875 0.7671875 0.040625 0.15234375
0 0.94765625 0.8859375 0.0453125 0.125
0 0.903125 0.38515625 0.046875 0.1453125