0 0.07890625 0.4546875 0.0640625 0.1875
0 0.215625 0.65234375 0.08125 0.16015625
0 0.03671875 0.28515625 0.06953125 0.14453125
0 0.025 0.6609375 0.05 0.1640625
0 0.3546875 0.61875 0.06875 0.2296875
0 0.1765625 0.47890625 0.08125 0.1390625
0 0.2953125 0.6828125 0.09296875 0.1765625
0 0.9359375 0.6234375 0.08125 0.1796875
0 0.7296875 0.9328125 0.0796875 0.12890625
0 0.878125 0.6578125 0.0640625 0.2125
0 0.19375 0.221875 0.06484375 0.17421875
0 0.959375 0.13515625 0.07890625 0.19375
0 0.6796875 0.31640625 0.06640625 0.2171875
0 0.8203125 0.64296875 0.06484375 0.2
0 0.7484375 0.58125 0.0953125 0.134375
0 0.85859375 0.9421875 0.0890625 0.11484375
0 0.47109375 0.71484375 0.1328125 0.12890625
0 0.48828125 0.0921875 0.10546875 0.13984375
0 0.446875 0.6046875 0.11953125 0.246875
0 0.04375 0.85390625 0.0875 0.27109375
0 0.1484375 0.94375 0.11953125 0.10625
0 0.71953125 0.49609375 0.11328125 0.11640625
0 0.4328125 0.2015625 0.1109375 0.13203125
0 0.06015625 0.07890625 0.1140625 0.15234375
0 0.55 0.046875 0.07734375 0.0875
0 0.171875 0.35234375 0.11015625 0.11484375
0 0.3484375 0.06796875 0.1109375 0.11875
0 0.30390625 0.88828125 0.1046875 0.21484375
0 0.31640625 0.215625 0.10859375 0.11171875
0 0.38125 0.39296875 0.059375 0.1703125
0 0.2765625 0.509375 0.10390625 0.11953125
0 0.77578125 0.3203125 0.07109375 0.18125
0 0.8703125 0.2390625 0.1125 0.11171875
0 0.9421875 0.36328125 0.08828125 0.1828125
0 0.48515625 0.18046875 0.11484375 0.1484375
0 0.55 0.59296875 0.07734375 0.1421875
0 0.61875 0.50390625 0.090625 0.15546875