0 0.540625 0.2296875 0.05546875 0.18203125
0 0.35859375 0.12734375 0.05390625 0.17265625
0 0.65234375 0.3796875 0.05859375 0.15703125
0 0.2234375 0.50859375 0.059375 0.19375
0 0.178125 0.40390625 0.0609375 0.1578125
0 0.240625 0.35390625 0.065625 0.11953125
0 0.240625 0.721875 0.071875 0.1390625
0 0.64921875 0.66328125 0.07578125 0.1703125
0 0.82578125 0.57890625 0.07421875 0.13984375
0 0.9609375 0.15078125 0.078125 0.1828125
0 0.8421875 0.45859375 0.0796875 0.13515625
0 0.75078125 0.65703125 0.08203125 0.13671875
0 0.4796875 0.840625 0.06484375 0.17109375
0 0.54375 0.6046875 0.07578125 0.121875
0 0.64765625 0.51640625 0.07109375 0.125
0 0.5640625 0.46875 0.09375 0.125
0 0.4140625 0.9078125 0.07578125 0.17265625
0 0.1296875 0.65625 0.0859375 0.1171875
0 0.9328125 0.4171875 0.10078125 0.1625
0 0.72734375 0.915625 0.06171875 0.16328125
0 0.95625 0.72109375 0.078125 0.1578125
0 0.9375 0.52890625 0.075 0.18046875
0 0.03359375 0.2328125 0.0671875 0.140625
0 0.915625 0.9484375 0.07578125 0.1
0 0.80546875 0.09296875 0.06875 0.08515625
0 0.8140625 0.784375 0.125 0.2359375
0 0.071875 0.4421875 0.04375 0.14375
0 0.02421875 0.42109375 0.046875 0.13203125
0 0.79765625 0.91640625 0.078125 0.12890625
0 0.0953125 0.2703125 0.0625 0.12734375
0 0.10234375 0.3578125 0.0578125 0.11875
0 0.04921875 0.31796875 0.07890625 0.13359375