0 0.61953125 0.371875 0.05703125 0.09296875
0 0.43359375 0.27109375 0.07578125 0.1
0 0.97265625 0.48828125 0.0546875 0.09765625
0 0.7578125 0.3484375 0.0796875 0.12109375
0 0.1875 0.46328125 0.06171875 0.09140625
0 0.15390625 0.2984375 0.05546875 0.08984375
0 0.94375 0.25546875 0.06875 0.096875
0 0.1203125 0.5375 0.05703125 0.0859375
0 0.9609375 0.13828125 0.06484375 0.0984375
0 0.08125 0.353125 0.046875 0.11796875
0 0.06015625 0.1046875 0.078125 0.08359375
0 0.321875 0.21328125 0.0609375 0.1234375
0 0.7875 0.11640625 0.065625 0.1171875
0 0.63359375 0.1859375 0.06796875 0.14296875
0 0.09609375 0.2140625 0.06640625 0.134375
0 0.5671875 0.04453125 0.0515625 0.07890625
0 0.371875 0.57109375 0.065625 0.2203125
0 0.1875 0.146875 0.046875 0.13125
0 0.92265625 0.06171875 0.08203125 0.0953125
0 0.590625 0.11875 0.0703125 0.11953125
0 0.715625 0.18671875 0.06171875 0.17734375
0 0.44765625 0.06875 0.053125 0.08515625
0 0.2328125 0.02421875 0.05 0.046875
0 0.1375 0.128125 0.046875 0.09453125
0 0.17265625 0.078125 0.05625 0.1125
0 0.303125 0.12109375 0.04140625 0.09765625
0 0.0390625 0.02890625 0.05 0.0578125
0 0.390625 0.140625 0.05 0.12109375
0 0.42578125 0.10390625 0.0390625 0.08984375
0 0.3046875 0.05546875 0.04140625 0.09765625
0 0.71015625 0.11328125 0.06171875 0.0796875