0 0.58984375 0.603125 0.0671875 0.1109375
0 0.35 0.67578125 0.0734375 0.11640625
0 0.2 0.61953125 0.059375 0.08359375
0 0.58515625 0.91328125 0.0484375 0.1125
0 0.65703125 0.85390625 0.05390625 0.084375
0 0.29921875 0.7640625 0.06015625 0.08671875
0 0.5390625 0.74921875 0.06171875 0.07890625
0 0.028125 0.55 0.05625 0.146875
0 0.3421875 0.9203125 0.04765625 0.08828125
0 0.9015625 0.89375 0.059375 0.09453125
0 0.3453125 0.790625 0.06171875 0.08046875
0 0.17265625 0.7859375 0.065625 0.14140625
0 0.51640625 0.87421875 0.04921875 0.0859375
0 0.86015625 0.79140625 0.05859375 0.08125
0 0.22734375 0.8375 0.0625 0.171875
0 0.46640625 0.95234375 0.05546875 0.0890625
0 0.159375 0.903125 0.0765625 0.08828125
0 0.77421875 0.85234375 0.0578125 0.1265625
0 0.81015625 0.9015625 0.0546875 0.090625
0 0.96953125 0.79375 0.0609375 0.146875
0 0.73125 0.28984375 0.0375 0.0921875
0 0.7828125 0.25390625 0.03828125 0.0765625
0 0.80078125 0.18125 0.034375 0.1046875
0 0.04375 0.12109375 0.04609375 0.07109375
0 0.12109375 0.109375 0.03515625 0.0609375