0 0.64140625 0.1828125 0.08125 0.11015625
0 0.4859375 0.18671875 0.10234375 0.0984375
0 0.37890625 0.28046875 0.090625 0.09375
0 0.50625 0.29921875 0.08828125 0.10390625
0 0.38671875 0.11015625 0.08828125 0.1234375
0 0.78984375 0.14609375 0.115625 0.13515625
0 0.6546875 0.38125 0.0796875 0.12890625
0 0.83125 0.35625 0.1125 0.121875
0 0.159375 0.2953125 0.075 0.09765625
0 0.66953125 0.11171875 0.10703125 0.13125
0 0.56953125 0.33828125 0.08828125 0.125
0 0.82421875 0.5671875 0.115625 0.12890625
0 0.2921875 0.13515625 0.075 0.14140625
0 0.91875 0.2078125 0.11953125 0.1234375
0 0.29453125 0.30625 0.084375 0.12890625
0 0.50625 0.425 0.08828125 0.12109375
0 0.9328125 0.47421875 0.0984375 0.10859375
0 0.90703125 0.65 0.09609375 0.125
0 0.16328125 0.6921875 0.0796875 0.09765625
0 0.0359375 0.17734375 0.071875 0.0953125
0 0.44453125 0.03984375 0.09765625 0.078125
0 0.3375 0.4234375 0.0875 0.1234375
0 0.2296875 0.2234375 0.06328125 0.13359375
0 0.18046875 0.0828125 0.0765625 0.1171875
0 0.12421875 0.25078125 0.0859375 0.11015625
0 0.103125 0.9265625 0.078125 0.10859375
0 0.92421875 0.765625 0.09765625 0.0953125
0 0.59765625 0.49921875 0.0890625 0.140625
0 0.18359375 0.85390625 0.0875 0.11171875
0 0.2359375 0.63984375 0.05234375 0.0953125
0 0.840625 0.9125 0.1 0.1046875
0 0.50625 0.76015625 0.06015625 0.10625
0 0.084375 0.53515625 0.0546875 0.1046875
0 0.2515625 0.74921875 0.06328125 0.11640625
0 0.62421875 0.8421875 0.0796875 0.20546875
0 0.8234375 0.68359375 0.096875 0.10390625
0 0.18984375 0.50078125 0.071875 0.14609375
0 0.41484375 0.76875 0.08125 0.16640625
0 0.3453125 0.85234375 0.06328125 0.140625
0 0.06328125 0.284375 0.05 0.13515625
0 0.6375 0.628125 0.08984375 0.140625