0 0.33515625 0.4703125 0.09765625 0.16015625
0 0.2796875 0.55625 0.0765625 0.16171875
0 0.1828125 0.46796875 0.12109375 0.12109375
0 0.59921875 0.50703125 0.10703125 0.1078125
0 0.709375 0.5171875 0.10078125 0.11171875
0 0.4 0.23828125 0.09921875 0.146875
0 0.6765625 0.621875 0.06953125 0.15703125
0 0.4875 0.228125 0.08203125 0.153125
0 0.875 0.7484375 0.07265625 0.15625
0 0.84765625 0.48359375 0.0859375 0.12734375
0 0.871875 0.21171875 0.0875 0.1265625
0 0.0796875 0.63828125 0.07109375 0.20703125
0 0.77421875 0.58515625 0.0703125 0.20703125
0 0.4875 0.884375 0.090625 0.18515625
0 0.18515625 0.23125 0.10546875 0.17578125
0 0.81796875 0.84921875 0.0703125 0.17421875
0 0.49375 0.55859375 0.115625 0.14453125
0 0.69609375 0.89609375 0.09140625 0.134375
0 0.365625 0.91953125 0.07890625 0.1578125
0 0.859375 0.0703125 0.09375 0.1359375
0 0.96953125 0.72578125 0.0609375 0.18203125
0 0.9671875 0.1671875 0.065625 0.109375
0 0.97578125 0.42109375 0.04765625 0.14453125
0 0.35 0.70390625 0.09453125 0.125
0 0.57109375 0.22578125 0.08984375 0.134375
0 0.66484375 0.2328125 0.0875 0.11328125