0 0.7390625 0.27265625 0.07578125 0.0984375
0 0.5890625 0.37109375 0.05859375 0.11015625
0 0.56328125 0.2734375 0.0734375 0.096875
0 0.73359375 0.42890625 0.08046875 0.10546875
0 0.50390625 0.37578125 0.06171875 0.115625
0 0.33671875 0.4234375 0.0734375 0.09453125
0 0.12734375 0.384375 0.075 0.10859375
0 0.1453125 0.2671875 0.05625 0.11484375
0 0.2296875 0.23125 0.06484375 0.10546875
0 0.08046875 0.50703125 0.05859375 0.09609375
0 0.31484375 0.540625 0.078125 0.13125
0 0.446875 0.6046875 0.07109375 0.1125
0 0.15234375 0.5234375 0.0734375 0.1296875
0 0.525 0.50703125 0.0734375 0.09296875
0 0.959375 0.5828125 0.08125 0.1359375
0 0.634375 0.6609375 0.0703125 0.08984375
0 0.38359375 0.35078125 0.08046875 0.12734375
0 0.675 0.74453125 0.0859375 0.11171875
0 0.6578125 0.834375 0.0921875 0.109375
0 0.809375 0.4390625 0.0796875 0.1578125
0 0.9671875 0.45390625 0.065625 0.1109375
0 0.71953125 0.6828125 0.05546875 0.1140625
0 0.4765625 0.7296875 0.09609375 0.128125
0 0.4734375 0.30390625 0.08828125 0.10546875
0 0.33515625 0.7453125 0.08203125 0.10234375
0 0.7859375 0.63125 0.09453125 0.1484375
0 0.2640625 0.49140625 0.06328125 0.11015625
0 0.378125 0.55 0.07578125 0.1265625
0 0.80390625 0.53046875 0.07734375 0.13984375
0 0.2390625 0.5984375 0.06953125 0.1421875
0 0.15859375 0.784375 0.0859375 0.09296875
0 0.87578125 0.575 0.090625 0.109375
0 0.2546875 0.175 0.06953125 0.11171875
0 0.059375 0.5921875 0.109375 0.134375
0 0.509375 0.165625 0.0671875 0.1296875
0 0.8953125 0.41953125 0.07265625 0.1546875
0 0.02265625 0.36484375 0.04375 0.08125
0 0.50390625 0.85859375 0.09375 0.09765625
0 0.2921875 0.859375 0.08515625 0.09296875
0 0.2359375 0.1015625 0.059375 0.10546875
0 0.7765625 0.06953125 0.0671875 0.10859375
0 0.6 0.14375 0.0609375 0.10390625
0 0.028125 0.1765625 0.04375 0.140625
0 0.45625 0.52265625 0.0765625 0.1296875
0 0.11484375 0.7046875 0.084375 0.084375
0 0.415625 0.17265625 0.0515625 0.13203125
0 0.84296875 0.9046875 0.08828125 0.12421875
0 0.8625 0.67109375 0.09140625 0.121875
0 0.29921875 0.13203125 0.05625 0.0953125
0 0.025 0.56796875 0.046875 0.08828125
0 0.2953125 0.315625 0.07421875 0.0984375
0 0.94453125 0.86796875 0.09765625 0.1046875
0 0.31953125 0.2234375 0.090625 0.15859375
0 0.28515625 0.0578125 0.0546875 0.090625
0 0.5875 0.0484375 0.06953125 0.09375
0 0.68671875 0.628125 0.07734375 0.12421875
0 0.9125 0.128125 0.05859375 0.17109375
0 0.46328125 0.93125 0.0859375 0.12734375
0 0.36640625 0.17109375 0.04921875 0.1234375
0 0.11171875 0.83125 0.1 0.19140625
0 0.60234375 0.59140625 0.0640625 0.1640625
0 0.87265625 0.1234375 0.0484375 0.17734375
0 0.94921875 0.0703125 0.05859375 0.09765625
0 0.92734375 0.95390625 0.0984375 0.07734375
0 0.09609375 0.17109375 0.04609375 0.140625
0 0.84375 0.2265625 0.07265625 0.109375
0 0.84453125 0.29453125 0.0796875 0.10703125
0 0.9859375 0.1578125 0.028125 0.18046875
0 0.95625 0.16328125 0.046875 0.10546875
0 0.68203125 0.965625 0.10078125 0.06875
0 0.25703125 0.97265625 0.0734375 0.0546875
0 0.1734375 0.97578125 0.06796875 0.0484375
0 0.21328125 0.94140625 0.07265625 0.05859375
0 0.23671875 0.7828125 0.0703125 0.09296875
0 0.2625 0.7296875 0.06328125 0.06796875
0 0.53671875 0.7453125 0.0578125 0.11171875
0 0.5734375 0.771875 0.0375 0.11953125
0 0.61640625 0.7484375 0.04296875 0.096875
0 0.221875 0.3765625 0.046875 0.13359375
0 0.26484375 0.35078125 0.0515625 0.0984375
0 0.740625 0.1515625 0.034375 0.103125
0 0.78671875 0.171875 0.04609375 0.08359375
0 0.69765625 0.1703125 0.0390625 0.10234375
0 0.62109375 0.17578125 0.0390625 0.0921875
0 0.6578125 0.1921875 0.0375 0.1125
0 0.709375 0.06875 0.0625 0.071875
0 0.52421875 0.075 0.05859375 0.1125
0 0.48125 0.071875 0.05234375 0.08125
0 0.4546875 0.084375 0.06171875 0.10703125
0 0.43203125 0.10859375 0.0640625 0.0953125
0 0.16328125 0.140625 0.0609375 0.08984375
0 0.16796875 0.05859375 0.0609375 0.0890625