0 0.59140625 0.63671875 0.1046875 0.14296875
0 0.75625 0.609375 0.08671875 0.184375
0 0.8625 0.72578125 0.103125 0.10859375
0 0.5375 0.79140625 0.07890625 0.1484375
0 0.1984375 0.76640625 0.11484375 0.12265625
0 0.62734375 0.5046875 0.0984375 0.15234375
0 0.08125 0.646875 0.09765625 0.1109375
0 0.17734375 0.40078125 0.07890625 0.1453125
0 0.39765625 0.6796875 0.06484375 0.16640625
0 0.525 0.94375 0.10859375 0.1125
0 0.665625 0.9265625 0.11015625 0.12109375
0 0.75546875 0.9359375 0.08984375 0.1265625
0 0.29921875 0.43125 0.06484375 0.17578125
0 0.109375 0.41796875 0.065625 0.20234375
0 0.77890625 0.44609375 0.0921875 0.10859375
0 0.92890625 0.1984375 0.11171875 0.14609375
0 0.30546875 0.6203125 0.1171875 0.15078125
0 0.94375 0.93515625 0.10390625 0.125
0 0.278125 0.1375 0.0609375 0.075
0 0.20625 0.2078125 0.0984375 0.1390625
0 0.28203125 0.9109375 0.10390625 0.1140625
0 0.609375 0.13515625 0.121875 0.10625
0 0.1203125 0.04375 0.09765625 0.0859375
0 0.4640625 0.46796875 0.07890625 0.17265625
0 0.778125 0.2375 0.1234375 0.1296875
0 0.846875 0.50703125 0.0640625 0.1796875
0 0.0546875 0.14140625 0.090625 0.1109375
0 0.5421875 0.03359375 0.084375 0.0671875
0 0.66328125 0.03515625 0.12578125 0.0703125
0 0.975 0.12578125 0.05 0.1703125
0 0.31796875 0.26953125 0.05703125 0.09296875
0 0.390625 0.3390625 0.075 0.125
0 0.48671875 0.26953125 0.06640625 0.11015625
0 0.55703125 0.28359375 0.07421875 0.08046875
0 0.515625 0.39296875 0.103125 0.0859375
0 0.85234375 0.32109375 0.0828125 0.0796875
0 0.921875 0.38046875 0.06328125 0.11171875
0 0.975 0.35625 0.05 0.14453125
0 0.95390625 0.521875 0.0609375 0.165625
0 0.8859375 0.5 0.06875 0.15703125
0 0.3453125 0.8015625 0.12734375 0.090625
0 0.38515625 0.90390625 0.0921875 0.1609375
0 0.25625 0.9703125 0.11796875 0.059375
0 0.04765625 0.38984375 0.06484375 0.08984375