0 0.6703125 0.73515625 0.0859375 0.12109375
0 0.8890625 0.76328125 0.0546875 0.109375
0 0.3640625 0.91328125 0.0796875 0.1109375
0 0.75234375 0.35703125 0.06484375 0.109375
0 0.89765625 0.41484375 0.0578125 0.09296875
0 0.8609375 0.32734375 0.04453125 0.07578125
0 0.9046875 0.30703125 0.0453125 0.084375
0 0.7609375 0.96171875 0.04375 0.0765625
0 0.76875 0.23125 0.04375 0.08828125
0 0.640625 0.290625 0.05234375 0.0796875
0 0.96015625 0.36328125 0.03203125 0.071875
0 0.80625 0.2328125 0.04921875 0.0984375
0 0.9859375 0.74140625 0.028125 0.0890625
0 0.8578125 0.253125 0.03828125 0.08671875
0 0.33515625 0.221875 0.0453125 0.1078125
0 0.94453125 0.9640625 0.04375 0.071875
0 0.7859375 0.13515625 0.05625 0.10859375