0 0.67734375 0.55 0.06640625 0.15234375
0 0.52109375 0.69375 0.084375 0.10625
0 0.33203125 0.54609375 0.08515625 0.128125
0 0.3640625 0.7140625 0.05859375 0.1671875
0 0.61875 0.78359375 0.06875 0.12734375
0 0.03671875 0.76953125 0.06484375 0.175
0 0.628125 0.3296875 0.0546875 0.16484375
0 0.87578125 0.6890625 0.046875 0.153125
0 0.0421875 0.5515625 0.071875 0.15
0 0.54609375 0.93828125 0.06640625 0.11640625
0 0.86796875 0.80390625 0.05703125 0.12265625
0 0.30546875 0.6625 0.065625 0.11328125
0 0.22890625 0.6765625 0.08359375 0.12890625
0 0.2953125 0.77421875 0.08515625 0.14765625
0 0.8 0.9328125 0.05234375 0.13046875
0 0.7328125 0.6875 0.078125 0.18203125
0 0.8390625 0.51796875 0.05625 0.190625
0 0.315625 0.909375 0.0859375 0.1484375
0 0.29921875 0.32734375 0.08203125 0.1265625
0 0.378125 0.3125 0.0875 0.11484375
0 0.57890625 0.40625 0.05625 0.15625
0 0.15390625 0.46640625 0.06484375 0.178125
0 0.14921875 0.60625 0.08046875 0.109375
0 0.3796875 0.4015625 0.07734375 0.15859375
0 0.10546875 0.0703125 0.078125 0.13671875
0 0.8609375 0.3734375 0.04453125 0.146875
0 0.74765625 0.34375 0.05546875 0.14921875
0 0.59453125 0.121875 0.05859375 0.1109375
0 0.9703125 0.2765625 0.04296875 0.1046875
0 0.88359375 0.2515625 0.05234375 0.1140625
0 0.7859375 0.428125 0.06328125 0.1546875
0 0.2859375 0.12890625 0.06875 0.134375
0 0.92265625 0.30703125 0.04921875 0.13203125
0 0.93046875 0.47578125 0.065625 0.09921875
0 0.21640625 0.32265625 0.0765625 0.09609375
0 0.315625 0.04453125 0.065625 0.08515625
0 0.53046875 0.446875 0.046875 0.175
0 0.85078125 0.0375 0.053125 0.075
0 0.53359375 0.0875 0.0671875 0.12734375
0 0.425 0.44140625 0.05390625 0.175
0 0.9546875 0.0375 0.06796875 0.075
0 0.4640625 0.47578125 0.0484375 0.17734375
0 0.17890625 0.653125 0.07890625 0.17265625
0 0.94609375 0.3921875 0.0578125 0.1078125
0 0.75859375 0.146875 0.05 0.1265625
0 0.46015625 0.115625 0.075 0.096875
0 0.07265625 0.15859375 0.0921875 0.08203125
0 0.08125 0.44609375 0.0828125 0.08671875