0 0.72578125 0.35 0.053125 0.12734375
0 0.78046875 0.46484375 0.0609375 0.12265625
0 0.3421875 0.315625 0.1 0.12890625
0 0.23671875 0.259375 0.07578125 0.12890625
0 0.4765625 0.77265625 0.0546875 0.13125
0 0.83203125 0.50390625 0.053125 0.1203125
0 0.5609375 0.7859375 0.06171875 0.140625
0 0.4140625 0.175 0.05234375 0.1046875
0 0.90703125 0.5203125 0.04375 0.10859375
0 0.4421875 0.265625 0.05625 0.084375
0 0.753125 0.853125 0.04921875 0.08515625
0 0.4453125 0.70390625 0.0515625 0.09296875
0 0.8375 0.81328125 0.04609375 0.10859375
0 0.12890625 0.24921875 0.0921875 0.13984375
0 0.81171875 0.896875 0.046875 0.09765625
0 0.12109375 0.6375 0.06171875 0.109375
0 0.16171875 0.35546875 0.04921875 0.09765625
0 0.5875 0.40390625 0.04140625 0.1
0 0.97890625 0.33984375 0.0421875 0.11953125
0 0.55234375 0.49140625 0.05703125 0.08828125
0 0.053125 0.6765625 0.0859375 0.1046875
0 0.021875 0.30390625 0.04375 0.1234375
0 0.30390625 0.0640625 0.06640625 0.12109375
0 0.50625 0.728125 0.05 0.0703125
0 0.484375 0.946875 0.0640625 0.10390625
0 0.15546875 0.6640625 0.05 0.13203125
0 0.9453125 0.8875 0.0390625 0.07421875
0 0.3140625 0.684375 0.0921875 0.0921875
0 0.35078125 0.64140625 0.04140625 0.07578125
0 0.42109375 0.6515625 0.0578125 0.08359375
0 0.378125 0.84453125 0.09375 0.1234375
0 0.30546875 0.6015625 0.0640625 0.08046875