0 0.8890625 0.628125 0.040625 0.07265625
0 0.35 0.5984375 0.06015625 0.09140625
0 0.41953125 0.5734375 0.04140625 0.08046875
0 0.446875 0.59140625 0.03515625 0.1109375
0 0.48203125 0.6046875 0.0484375 0.08359375
0 0.4953125 0.56484375 0.06328125 0.0734375
0 0.5609375 0.57109375 0.06484375 0.05859375
0 0.61875 0.59140625 0.040625 0.10078125
0 0.65234375 0.7015625 0.0609375 0.0875
0 0.43125 0.89609375 0.04609375 0.11796875
0 0.48359375 0.9609375 0.0765625 0.07109375
0 0.7625 0.69609375 0.05703125 0.0859375
0 0.74140625 0.63515625 0.09296875 0.0546875
0 0.81328125 0.58515625 0.06484375 0.07578125
0 0.725 0.56484375 0.06953125 0.0859375
0 0.66484375 0.56953125 0.0609375 0.07890625