0 0.75078125 0.60859375 0.1046875 0.1296875
0 0.55703125 0.6828125 0.07578125 0.103125
0 0.46875 0.64765625 0.08203125 0.0828125
0 0.4625 0.771875 0.071875 0.121875
0 0.55390625 0.8609375 0.10234375 0.1046875
0 0.196875 0.83125 0.1046875 0.12890625
0 0.778125 0.915625 0.09296875 0.10390625
0 0.49453125 0.92890625 0.10703125 0.1078125
0 0.69765625 0.215625 0.09296875 0.11171875
0 0.0375 0.71640625 0.075 0.13203125
0 0.1171875 0.89765625 0.09375 0.16640625
0 0.28515625 0.925 0.07890625 0.1109375
0 0.0609375 0.28984375 0.0953125 0.109375
0 0.87265625 0.321875 0.07109375 0.1109375
0 0.4078125 0.2546875 0.0953125 0.13984375
0 0.67578125 0.884375 0.07109375 0.19140625
0 0.3953125 0.55390625 0.096875 0.13046875
0 0.86171875 0.053125 0.08828125 0.08828125
0 0.965625 0.075 0.06875 0.121875
0 0.384375 0.09453125 0.10390625 0.1109375
0 0.35078125 0.95625 0.06328125 0.084375
0 0.4890625 0.3421875 0.090625 0.125
0 0.0359375 0.16796875 0.071875 0.1140625
0 0.51640625 0.51171875 0.0609375 0.15859375
0 0.59921875 0.4515625 0.0953125 0.07734375
0 0.2546875 0.05234375 0.10625 0.10234375
0 0.13203125 0.290625 0.075 0.090625
0 0.85390625 0.50625 0.103125 0.18203125
0 0.95859375 0.4953125 0.08203125 0.15859375
0 0.64453125 0.10546875 0.0984375 0.12109375
0 0.70234375 0.44765625 0.0625 0.09140625
0 0.378125 0.390625 0.06640625 0.12109375
0 0.2359375 0.5515625 0.0671875 0.1828125
0 0.6046875 0.3546875 0.0734375 0.0703125
0 0.4765625 0.4984375 0.07109375 0.1453125
0 0.03203125 0.0734375 0.06328125 0.1
0 0.021875 0.3671875 0.04375 0.09375
0 0.2890625 0.5421875 0.059375 0.1890625
0 0.2640625 0.21171875 0.06953125 0.1703125
0 0.1734375 0.1890625 0.07890625 0.11640625
0 0.10703125 0.1609375 0.07421875 0.14765625
0 0.115625 0.0390625 0.03984375 0.078125
0 0.0828125 0.50859375 0.08359375 0.13984375
0 0.128125 0.55234375 0.05 0.12890625
0 0.17109375 0.515625 0.07109375 0.16875
0 0.12421875 0.3578125 0.04453125 0.078125
0 0.07734375 0.3703125 0.04921875 0.059375
0 0.24609375 0.9015625 0.0484375 0.071875