0 0.08125 0.61328125 0.053125 0.09765625
0 0.19375 0.6515625 0.065625 0.13828125
0 0.28046875 0.625 0.0484375 0.121875
0 0.4609375 0.68515625 0.065625 0.06484375
0 0.51015625 0.6671875 0.04296875 0.08828125
0 0.54765625 0.675 0.0421875 0.08984375
0 0.584375 0.69765625 0.06171875 0.0671875
0 0.7484375 0.72109375 0.07109375 0.0796875
0 0.6890625 0.709375 0.05625 0.065625
0 0.71484375 0.81015625 0.04921875 0.0828125
0 0.696875 0.775 0.046875 0.078125
0 0.671875 0.8515625 0.0625 0.06875
0 0.7046875 0.93984375 0.06875 0.09765625
0 0.83515625 0.8546875 0.0609375 0.090625
0 0.84296875 0.74140625 0.0390625 0.06171875
0 0.88515625 0.7453125 0.04140625 0.06640625
0 0.93359375 0.75390625 0.0515625 0.0734375
0 0.96171875 0.7828125 0.04453125 0.08515625
0 0.971875 0.8296875 0.03984375 0.071875
0 0.940625 0.93984375 0.059375 0.10703125
0 0.8328125 0.97890625 0.0625 0.0421875