0 0.684375 0.45390625 0.09296875 0.1203125
0 0.66015625 0.2546875 0.09375 0.1703125
0 0.528125 0.58984375 0.1234375 0.1125
0 0.5578125 0.22578125 0.090625 0.21484375
0 0.6296875 0.75 0.13671875 0.15
0 0.521875 0.91484375 0.09609375 0.125
0 0.39921875 0.15 0.11328125 0.1265625
0 0.065625 0.24765625 0.1015625 0.11953125
0 0.44453125 0.3265625 0.0890625 0.11875
0 0.45859375 0.73671875 0.08203125 0.1578125
0 0.06015625 0.425 0.1078125 0.1390625
0 0.03828125 0.70234375 0.07578125 0.12734375
0 0.86875 0.7 0.0953125 0.15234375
0 0.9125 0.0953125 0.1375 0.14296875
0 0.946875 0.6125 0.07734375 0.221875
0 0.04296875 0.05703125 0.0859375 0.1140625
0 0.03203125 0.140625 0.0625 0.1296875
0 0.70390625 0.94765625 0.12890625 0.1
0 0.25625 0.1296875 0.09375 0.15546875
0 0.93984375 0.94609375 0.084375 0.1046875
0 0.39453125 0.865625 0.07109375 0.17578125
0 0.396875 0.4828125 0.0734375 0.19140625
0 0.18203125 0.775 0.078125 0.2125
0 0.1890625 0.53828125 0.0640625 0.15859375
0 0.06015625 0.91953125 0.0703125 0.15078125
0 0.85546875 0.5578125 0.0859375 0.096875
0 0.809375 0.26953125 0.09921875 0.1390625
0 0.3546875 0.265625 0.084375 0.13125
0 0.28203125 0.509375 0.0890625 0.134375