0 0.67578125 0.571875 0.0625 0.1890625
0 0.74296875 0.65859375 0.0765625 0.08046875
0 0.57265625 0.85546875 0.08359375 0.15078125
0 0.3875 0.534375 0.07421875 0.10546875
0 0.50625 0.16640625 0.09921875 0.125
0 0.4984375 0.8984375 0.07734375 0.128125
0 0.484375 0.76015625 0.07421875 0.146875
0 0.14921875 0.64921875 0.078125 0.12734375
0 0.20390625 0.8875 0.05625 0.13984375
0 0.4125 0.8796875 0.06875 0.16015625
0 0.15078125 0.25546875 0.0796875 0.13046875
0 0.2828125 0.9015625 0.0765625 0.11875
0 0.3734375 0.6890625 0.0609375 0.10859375
0 0.821875 0.62109375 0.07109375 0.16015625
0 0.40546875 0.446875 0.08828125 0.11328125
0 0.23515625 0.784375 0.07421875 0.10703125
0 0.3046875 0.8140625 0.0546875 0.12578125
0 0.26328125 0.4703125 0.05234375 0.09453125
0 0.1890625 0.14921875 0.08203125 0.11875
0 0.628125 0.67265625 0.0875 0.115625
0 0.3296875 0.2109375 0.06640625 0.1203125
0 0.26796875 0.21640625 0.05546875 0.13671875
0 0.80546875 0.28203125 0.1046875 0.125
0 0.8234375 0.93828125 0.09921875 0.12109375
0 0.09296875 0.5796875 0.05078125 0.14453125
0 0.3546875 0.85625 0.06015625 0.19609375
0 0.20703125 0.4390625 0.084375 0.12265625
0 0.271875 0.35859375 0.046875 0.128125
0 0.1515625 0.5328125 0.0734375 0.0875
0 0.4125 0.2421875 0.0734375 0.134375
0 0.0984375 0.828125 0.05390625 0.1390625
0 0.0625 0.9375 0.078125 0.10859375
0 0.3265625 0.4703125 0.04375 0.0921875
0 0.6140625 0.77265625 0.0671875 0.090625
0 0.74375 0.9296875 0.06875 0.10703125
0 0.678125 0.84921875 0.06015625 0.13515625
0 0.95625 0.1359375 0.0875 0.16015625