0 0.58125 0.67734375 0.06875 0.125
0 0.2546875 0.609375 0.06875 0.12734375
0 0.35 0.9078125 0.0875 0.134375
0 0.7234375 0.7359375 0.0640625 0.11875
0 0.9 0.61171875 0.05390625 0.0953125
0 0.54375 0.615625 0.07421875 0.14609375
0 0.89296875 0.9 0.05546875 0.11171875
0 0.7421875 0.1734375 0.06953125 0.10078125
0 0.02421875 0.721875 0.04765625 0.13671875
0 0.82109375 0.8921875 0.05625 0.11171875
0 0.41875 0.95234375 0.06328125 0.09453125
0 0.85390625 0.5453125 0.05390625 0.134375
0 0.25859375 0.45390625 0.08359375 0.12890625
0 0.80625 0.35 0.053125 0.0984375
0 0.940625 0.7390625 0.0734375 0.1
0 0.5203125 0.225 0.059375 0.1078125
0 0.6625 0.35625 0.0578125 0.1109375
0 0.940625 0.825 0.05234375 0.0875
0 0.234375 0.20703125 0.07421875 0.11640625
0 0.340625 0.259375 0.06171875 0.0953125
0 0.16875 0.4625 0.0953125 0.13125
0 0.3921875 0.4375 0.084375 0.15078125