0 0.08203125 0.41328125 0.07734375 0.10859375
0 0.15390625 0.446875 0.0703125 0.12734375
0 0.15078125 0.3578125 0.08984375 0.13125
0 0.22578125 0.36015625 0.09140625 0.1046875
0 0.1546875 0.26484375 0.059375 0.0484375
0 0.32421875 0.278125 0.0796875 0.06953125
0 0.34296875 0.35859375 0.0890625 0.08046875
0 0.4890625 0.3015625 0.065625 0.09765625
0 0.53203125 0.28359375 0.03828125 0.0734375
0 0.66875 0.3 0.07890625 0.08359375
0 0.4703125 0.40390625 0.09609375 0.08359375
0 0.38984375 0.4421875 0.0796875 0.103125
0 0.45390625 0.5296875 0.0859375 0.1375
0 0.3546875 0.5796875 0.078125 0.16875
0 0.06484375 0.5703125 0.09921875 0.06015625
0 0.053125 0.6234375 0.10625 0.05
0 0.07109375 0.69375 0.08046875 0.084375
0 0.16640625 0.69921875 0.0765625 0.0953125
0 0.0765625 0.790625 0.090625 0.07421875
0 0.1625 0.79375 0.07109375 0.090625
0 0.265625 0.7578125 0.084375 0.08359375
0 0.27109375 0.68671875 0.08515625 0.07421875
0 0.26328125 0.8578125 0.0640625 0.11171875
0 0.13125 0.8703125 0.06640625 0.08828125
0 0.040625 0.88125 0.05 0.07109375
0 0.32421875 0.8890625 0.0484375 0.071875
0 0.37265625 0.86015625 0.0515625 0.12265625
0 0.4359375 0.853125 0.04765625 0.121875
0 0.45390625 0.78359375 0.08515625 0.14609375
0 0.5109375 0.88984375 0.07578125 0.0734375
0 0.52265625 0.7390625 0.0640625 0.12265625
0 0.57578125 0.75859375 0.0671875 0.14765625
0 0.62578125 0.73125 0.0765625 0.10234375
0 0.7078125 0.73203125 0.08125 0.09609375
0 0.6765625 0.821875 0.05546875 0.096875
0 0.73671875 0.834375 0.0796875 0.084375
0 0.81796875 0.85234375 0.05703125 0.07421875
0 0.62109375 0.62578125 0.0609375 0.10234375
0 0.5859375 0.54296875 0.09921875 0.0796875
0 0.6703125 0.51875 0.08125 0.103125
0 0.6421875 0.36875 0.10234375 0.0625
0 0.65078125 0.43984375 0.11171875 0.0828125
0 0.728125 0.29765625 0.05703125 0.0640625
0 0.8328125 0.5140625 0.07734375 0.08515625
0 0.9078125 0.5703125 0.08046875 0.1125
0 0.83671875 0.6546875 0.0765625 0.115625
0 0.91953125 0.67890625 0.0921875 0.0921875
0 0.93046875 0.7375 0.07578125 0.09609375
0 0.878125 0.88984375 0.071875 0.09765625
0 0.9171875 0.878125 0.0375 0.1
0 0.95703125 0.84765625 0.0703125 0.09765625
0 0.91796875 0.41171875 0.09609375 0.0734375
0 0.95 0.490625 0.09765625 0.084375
0 0.78359375 0.42890625 0.08828125 0.0734375
0 0.79609375 0.29453125 0.0546875 0.0515625
0 0.778125 0.37421875 0.12890625 0.04140625
0 0.7640625 0.328125 0.10625 0.04453125
0 0.903125 0.31796875 0.053125 0.08515625