0 0.3796875 0.2046875 0.07890625 0.12265625
0 0.77578125 0.1359375 0.05390625 0.146875
0 0.4375 0.240625 0.06328125 0.09375
0 0.70625 0.4640625 0.0640625 0.1171875
0 0.13203125 0.06875 0.06484375 0.128125
0 0.1890625 0.45625 0.06796875 0.14921875
0 0.803125 0.72265625 0.05703125 0.14296875
0 0.81875 0.521875 0.053125 0.1546875
0 0.16328125 0.9265625 0.0921875 0.13203125
0 0.90625 0.49375 0.0484375 0.153125
0 0.4734375 0.83984375 0.06171875 0.15234375
0 0.6703125 0.7515625 0.05859375 0.146875
0 0.86953125 0.04375 0.0703125 0.08515625
0 0.3421875 0.90703125 0.06484375 0.14296875
0 0.4203125 0.80390625 0.059375 0.17109375
0 0.815625 0.04140625 0.0453125 0.0828125
0 0.77421875 0.9328125 0.0640625 0.1296875
0 0.63984375 0.20546875 0.04140625 0.09609375
0 0.8734375 0.590625 0.04453125 0.134375
0 0.36796875 0.81953125 0.0546875 0.16484375
0 0.928125 0.3109375 0.059375 0.128125
0 0.96640625 0.81953125 0.0625 0.125
0 0.896875 0.83125 0.04609375 0.1328125
0 0.89375 0.32890625 0.0625 0.11015625
0 0.62109375 0.85 0.05625 0.12265625
0 0.03515625 0.4546875 0.06796875 0.1109375
0 0.578125 0.84375 0.053125 0.159375
0 0.96328125 0.91875 0.0609375 0.13125
0 0.64453125 0.92265625 0.0734375 0.134375
0 0.61640625 0.4359375 0.07109375 0.096875
0 0.56484375 0.409375 0.0453125 0.11875
0 0.7171875 0.34765625 0.0703125 0.0953125
0 0.84375 0.88515625 0.0703125 0.1546875
0 0.69921875 0.915625 0.06953125 0.16484375
0 0.8203125 0.1390625 0.04140625 0.134375