0 0.0984375 0.746875 0.03515625 0.115625
0 0.21328125 0.90859375 0.0578125 0.0671875
0 0.028125 0.90859375 0.05078125 0.06171875
0 0.05234375 0.953125 0.0453125 0.078125
0 0.259375 0.8140625 0.034375 0.0875
0 0.21640625 0.81328125 0.0453125 0.0921875
0 0.1609375 0.80859375 0.03828125 0.06796875
0 0.01484375 0.803125 0.0296875 0.046875
0 0.053125 0.82578125 0.03828125 0.08203125
0 0.15703125 0.89140625 0.0359375 0.0796875
0 0.09296875 0.89296875 0.0515625 0.0734375
0 0.0921875 0.8140625 0.05703125 0.09375
0 0.015625 0.75 0.03125 0.07265625