0 0.7234375 0.04140625 0.04765625 0.0828125
0 0.0421875 0.04609375 0.071875 0.0921875
0 0.0921875 0.39140625 0.07734375 0.1234375
0 0.8171875 0.64609375 0.05546875 0.11640625
0 0.078125 0.57109375 0.0765625 0.184375
0 0.55546875 0.85703125 0.06796875 0.1140625
0 0.1828125 0.95 0.071875 0.1
0 0.67890625 0.428125 0.07265625 0.11953125
0 0.9515625 0.2953125 0.06015625 0.115625
0 0.98125 0.8078125 0.0375 0.115625
0 0.684375 0.3265625 0.065625 0.1046875
0 0.84921875 0.7546875 0.0546875 0.1015625
0 0.63984375 0.81328125 0.04296875 0.1421875
0 0.53125 0.9796875 0.05625 0.040625
0 0.759375 0.8984375 0.04609375 0.1671875
0 0.01640625 0.71640625 0.0328125 0.17734375
0 0.9671875 0.41171875 0.04140625 0.1046875
0 0.93203125 0.46171875 0.03515625 0.0796875
0 0.97109375 0.525 0.0578125 0.09375
0 0.9015625 0.7578125 0.06328125 0.14140625
0 0.9390625 0.77734375 0.04453125 0.10546875
0 0.91484375 0.95546875 0.06328125 0.0890625