0 0.78125 0.2859375 0.0609375 0.134375
0 0.8546875 0.27734375 0.071875 0.159375
0 0.7 0.67109375 0.08515625 0.1390625
0 0.41171875 0.17109375 0.0625 0.19375
0 0.95546875 0.3609375 0.08828125 0.1640625
0 0.57734375 0.80625 0.09140625 0.1171875
0 0.6109375 0.71640625 0.07890625 0.10859375
0 0.43046875 0.29296875 0.05859375 0.16796875
0 0.52578125 0.3265625 0.07421875 0.13203125
0 0.8390625 0.0703125 0.07109375 0.121875
0 0.52421875 0.5703125 0.096875 0.13671875
0 0.44375 0.57578125 0.05625 0.18515625
0 0.64765625 0.4125 0.05859375 0.14921875
0 0.34921875 0.5046875 0.07265625 0.11328125
0 0.559375 0.36875 0.05625 0.1296875
0 0.45 0.92109375 0.0625 0.1359375
0 0.92109375 0.865625 0.06953125 0.14296875
0 0.496875 0.7921875 0.0921875 0.13046875
0 0.5453125 0.49921875 0.071875 0.10703125
0 0.334375 0.7984375 0.07421875 0.140625
0 0.22265625 0.15625 0.0578125 0.1359375
0 0.903125 0.09296875 0.06640625 0.1828125
0 0.328125 0.715625 0.06484375 0.1
0 0.25546875 0.7171875 0.0625 0.1078125
0 0.39609375 0.90546875 0.071875 0.13828125
0 0.17421875 0.6234375 0.05390625 0.1703125
0 0.28125 0.1359375 0.0734375 0.11640625
0 0.1484375 0.503125 0.06484375 0.1328125
0 0.89296875 0.6890625 0.11875 0.15
0 0.10625 0.5375 0.05625 0.14765625
0 0.07421875 0.94765625 0.05390625 0.09296875
0 0.22578125 0.38203125 0.05859375 0.2046875
0 0.4 0.75546875 0.06796875 0.146875
0 0.15546875 0.82265625 0.0734375 0.09921875
0 0.11953125 0.6578125 0.0421875 0.11640625
0 0.05625 0.5765625 0.0625 0.1203125
0 0.321875 0.43671875 0.06640625 0.171875
0 0.64140625 0.0609375 0.06796875 0.12109375
0 0.29375 0.6203125 0.09453125 0.11015625