0 0.49453125 0.58984375 0.05 0.1109375
0 0.5390625 0.7015625 0.0875 0.1546875
0 0.7078125 0.5078125 0.075 0.14453125
0 0.73515625 0.6796875 0.1 0.11640625
0 0.8890625 0.63671875 0.08515625 0.1390625
0 0.21796875 0.84609375 0.07734375 0.115625
0 0.21875 0.4578125 0.06640625 0.13203125
0 0.07890625 0.6890625 0.0640625 0.11875
0 0.9109375 0.46875 0.0859375 0.14375
0 0.071875 0.88046875 0.05625 0.17421875
0 0.4953125 0.8515625 0.07578125 0.11953125
0 0.34140625 0.528125 0.04765625 0.1390625
0 0.59140625 0.2109375 0.0828125 0.09296875
0 0.30859375 0.41484375 0.06171875 0.0984375
0 0.54765625 0.35078125 0.0671875 0.10703125
0 0.846875 0.41875 0.07734375 0.15078125
0 0.42734375 0.48203125 0.05625 0.17265625
0 0.95390625 0.1625 0.075 0.13671875
0 0.31171875 0.0984375 0.0828125 0.17109375
0 0.6203125 0.10859375 0.0765625 0.11484375
0 0.16953125 0.221875 0.05859375 0.140625
0 0.290625 0.30625 0.05078125 0.0953125
0 0.2578125 0.14921875 0.065625 0.11015625
0 0.38203125 0.48359375 0.0515625 0.15625
0 0.4859375 0.10234375 0.1015625 0.11953125
0 0.2484375 0.04296875 0.06875 0.08203125
0 0.75234375 0.1140625 0.078125 0.10859375
0 0.80625 0.17421875 0.0765625 0.103125
0 0.45234375 0.26171875 0.06171875 0.1734375