0 0.4921875 0.590625 0.06796875 0.1234375
0 0.38984375 0.384375 0.0515625 0.08515625
0 0.225 0.4890625 0.04375 0.078125
0 0.54453125 0.675 0.05390625 0.1390625
0 0.11015625 0.64765625 0.04453125 0.0890625
0 0.6234375 0.3546875 0.0421875 0.08984375
0 0.27734375 0.396875 0.0421875 0.078125
0 0.34765625 0.7140625 0.0640625 0.0953125
0 0.28828125 0.771875 0.04375 0.0953125
0 0.5859375 0.72734375 0.04921875 0.1109375
0 0.73515625 0.60234375 0.0703125 0.16796875
0 0.15859375 0.41640625 0.0390625 0.078125
0 0.11015625 0.42265625 0.0390625 0.07890625
0 0.01796875 0.62109375 0.03515625 0.08046875
0 0.0921875 0.76328125 0.0484375 0.109375
0 0.37421875 0.85546875 0.06640625 0.09609375
0 0.03125 0.78828125 0.05 0.14140625
0 0.89140625 0.3328125 0.06796875 0.1
0 0.87734375 0.78046875 0.05703125 0.115625
0 0.41640625 0.7453125 0.0546875 0.1421875
0 0.57734375 0.840625 0.06171875 0.09453125
0 0.66640625 0.3359375 0.04453125 0.06640625
0 0.39140625 0.0515625 0.05859375 0.071875
0 0.728125 0.7828125 0.053125 0.08203125
0 0.6421875 0.82734375 0.0546875 0.1234375
0 0.51328125 0.85859375 0.04921875 0.0875
0 0.8046875 0.8453125 0.04453125 0.11484375
0 0.83828125 0.8171875 0.04140625 0.1109375
0 0.70703125 0.3828125 0.0703125 0.1171875