0 0.6453125 0.0828125 0.040625 0.05
0 0.1234375 0.134375 0.05625 0.10859375
0 0.16171875 0.19765625 0.05390625 0.1265625
0 0.5234375 0.15546875 0.046875 0.0734375
0 0.46796875 0.22265625 0.0484375 0.1015625
0 0.57578125 0.28359375 0.0609375 0.0578125
0 0.625 0.31328125 0.059375 0.0640625
0 0.71640625 0.428125 0.0546875 0.084375
0 0.67890625 0.3640625 0.05078125 0.07890625
0 0.6296875 0.4328125 0.05625 0.103125
0 0.74921875 0.525 0.0609375 0.07890625
0 0.46875 0.34765625 0.04921875 0.1046875
0 0.38515625 0.2984375 0.06484375 0.11015625
0 0.3296875 0.33203125 0.04375 0.11796875
0 0.6921875 0.571875 0.04765625 0.08203125
0 0.61640625 0.753125 0.04453125 0.109375
0 0.5671875 0.509375 0.04921875 0.09453125
0 0.92109375 0.6015625 0.040625 0.07578125
0 0.46328125 0.4359375 0.04765625 0.10859375
0 0.26640625 0.83046875 0.06796875 0.115625
0 0.440625 0.78828125 0.06015625 0.1140625
0 0.0703125 0.653125 0.08671875 0.090625
0 0.09296875 0.7703125 0.07890625 0.13125
0 0.42890625 0.46015625 0.053125 0.08984375
0 0.63984375 0.6515625 0.04375 0.06953125
0 0.265625 0.6421875 0.0625 0.084375
0 0.88203125 0.8265625 0.04453125 0.078125
0 0.11171875 0.34375 0.05703125 0.096875
0 0.3125 0.4234375 0.04453125 0.08828125
0 0.78046875 0.621875 0.0359375 0.05234375
0 0.9515625 0.87578125 0.04296875 0.09296875
0 0.35859375 0.6046875 0.06875 0.08203125
0 0.91171875 0.68125 0.03828125 0.059375
0 0.0265625 0.4984375 0.0484375 0.08203125
0 0.103125 0.93203125 0.065625 0.13046875
0 0.575 0.74375 0.0453125 0.103125
0 0.11171875 0.57890625 0.06015625 0.10078125
0 0.46171875 0.7203125 0.05 0.08515625
0 0.7984375 0.92109375 0.05625 0.1453125
0 0.55625 0.78828125 0.05234375 0.13515625
0 0.7515625 0.871875 0.0421875 0.11484375
0 0.3515625 0.80546875 0.04453125 0.11640625
0 0.359375 0.46640625 0.053125 0.0953125
0 0.7234375 0.79765625 0.0484375 0.10703125
0 0.95234375 0.6921875 0.03125 0.0625
0 0.97421875 0.675 0.028125 0.078125
0 0.15234375 0.6671875 0.05390625 0.11171875
0 0.3875 0.83359375 0.05703125 0.09609375
0 0.528125 0.4875 0.05078125 0.1015625
0 0.92890625 0.82734375 0.046875 0.05625
0 0.9765625 0.93125 0.04609375 0.08984375
0 0.82890625 0.7203125 0.0359375 0.04921875
0 0.22734375 0.71171875 0.06875 0.14921875
0 0.90703125 0.01953125 0.03828125 0.0390625
0 0.184375 0.6890625 0.0453125 0.1265625
0 0.50078125 0.72734375 0.040625 0.0671875
0 0.44375 0.63515625 0.040625 0.07421875
0 0.5578125 0.6640625 0.065625 0.059375
0 0.68515625 0.70703125 0.0484375 0.04609375
0 0.79375 0.8078125 0.04609375 0.06796875
0 0.02265625 0.096875 0.0453125 0.13359375