0 0.97890625 0.80625 0.0421875 0.07890625
0 0.98515625 0.93125 0.0296875 0.103125
0 0.93984375 0.9515625 0.0359375 0.096875
0 0.90078125 0.93125 0.03359375 0.05625
0 0.9046875 0.85234375 0.028125 0.0671875
0 0.9328125 0.85546875 0.03984375 0.07578125
0 0.83515625 0.8046875 0.0515625 0.0625
0 0.48359375 0.88203125 0.06171875 0.06171875
0 0.61015625 0.85 0.0328125 0.06796875
0 0.4984375 0.953125 0.046875 0.08125
0 0.45 0.96875 0.04609375 0.0625
0 0.6296875 0.93671875 0.04375 0.08515625
0 0.73359375 0.9125 0.0578125 0.06328125
0 0.7453125 0.85390625 0.0625 0.0546875
0 0.784375 0.828125 0.05390625 0.08359375
0 0.97265625 0.70078125 0.0546875 0.05859375
0 0.96875 0.64375 0.0625 0.0625
0 0.92109375 0.67734375 0.04453125 0.1296875
0 0.778125 0.665625 0.03125 0.096875
0 0.3546875 0.775 0.03515625 0.09296875
0 0.3875 0.853125 0.03671875 0.08125
0 0.4234375 0.84140625 0.02421875 0.09765625
0 0.45703125 0.8328125 0.0421875 0.06953125
0 0.44453125 0.75703125 0.03515625 0.0765625
0 0.46328125 0.771875 0.0328125 0.08359375
0 0.49375 0.76953125 0.03515625 0.05703125
0 0.528125 0.83515625 0.046875 0.03671875
0 0.5328125 0.753125 0.028125 0.071875
0 0.5609375 0.771875 0.04140625 0.071875
0 0.59140625 0.7828125 0.0328125 0.053125
0 0.59296875 0.7265625 0.0296875 0.065625
0 0.61953125 0.70078125 0.0328125 0.07734375
0 0.64296875 0.80703125 0.04921875 0.0703125
0 0.7171875 0.73671875 0.03984375 0.0578125
0 0.65859375 0.6953125 0.0453125 0.04921875
0 0.546875 0.93046875 0.0375 0.0671875
0 0.56875 0.8765625 0.05625 0.07578125
0 0.68984375 0.98125 0.06640625 0.0375
0 0.68359375 0.9390625 0.0609375 0.04140625
0 0.65078125 0.91328125 0.04765625 0.06484375
0 0.684375 0.8578125 0.04296875 0.06796875
0 0.87265625 0.70390625 0.03828125 0.1046875
0 0.8296875 0.7046875 0.03125 0.11875
0 0.8078125 0.678125 0.03046875 0.103125
0 0.69765625 0.78828125 0.0453125 0.0734375
0 0.79375 0.925 0.05 0.06796875