0 0.571875 0.42265625 0.090625 0.0921875
0 0.6375 0.3703125 0.05625 0.134375
0 0.19140625 0.30546875 0.0453125 0.09765625
0 0.19375 0.67265625 0.08671875 0.10234375
0 0.5078125 0.78671875 0.0859375 0.08984375
0 0.7640625 0.828125 0.06171875 0.1328125
0 0.3609375 0.609375 0.090625 0.11484375
0 0.6234375 0.76640625 0.0734375 0.1796875
0 0.72578125 0.2765625 0.05234375 0.08125
0 0.52890625 0.66953125 0.08359375 0.16015625
0 0.9390625 0.4796875 0.09453125 0.13515625
0 0.3359375 0.8515625 0.08203125 0.0875
0 0.184375 0.4765625 0.071875 0.1390625
0 0.86875 0.86171875 0.0546875 0.0671875
0 0.278125 0.96640625 0.07578125 0.0671875
0 0.0484375 0.8203125 0.06171875 0.13984375
0 0.16171875 0.91328125 0.0640625 0.1171875
0 0.4484375 0.83125 0.04453125 0.121875
0 0.59609375 0.96171875 0.0671875 0.0578125
0 0.52578125 0.9625 0.05703125 0.059375
0 0.83125 0.9671875 0.06953125 0.05234375
0 0.4890625 0.0265625 0.05078125 0.053125
0 0.4359375 0.05390625 0.05625 0.0484375
0 0.421875 0.028125 0.05703125 0.05625
0 0.3625 0.06328125 0.03515625 0.0390625
0 0.4796875 0.26875 0.046875 0.05546875