0 0.396875 0.2453125 0.071875 0.13125
0 0.65 0.225 0.08203125 0.203125
0 0.53359375 0.1859375 0.125 0.1109375
0 0.2640625 0.17421875 0.0734375 0.184375
0 0.0984375 0.44140625 0.090625 0.165625
0 0.03203125 0.3953125 0.06328125 0.1578125
0 0.07421875 0.2140625 0.06171875 0.103125
0 0.2828125 0.740625 0.10234375 0.1109375
0 0.2796875 0.603125 0.10703125 0.1265625
0 0.51484375 0.64375 0.09765625 0.1234375
0 0.1875 0.43828125 0.065625 0.1875
0 0.859375 0.50546875 0.059375 0.18203125
0 0.953125 0.30234375 0.0921875 0.12109375
0 0.26171875 0.44140625 0.078125 0.15859375
0 0.6859375 0.49921875 0.0734375 0.16328125
0 0.7 0.7359375 0.11875 0.18984375
0 0.62421875 0.48515625 0.07890625 0.15703125
0 0.38984375 0.44765625 0.1015625 0.1796875
0 0.94375 0.5125 0.09921875 0.203125
0 0.7140625 0.64765625 0.08046875 0.11328125
0 0.9140625 0.91796875 0.09375 0.1484375
0 0.36171875 0.8765625 0.09140625 0.13515625
0 0.30078125 0.8359375 0.0953125 0.12109375
0 0.753125 0.915625 0.09296875 0.15859375
0 0.6625 0.90703125 0.08359375 0.13515625
0 0.06171875 0.83828125 0.09296875 0.11328125
0 0.15078125 0.9625 0.090625 0.07421875
0 0.49296875 0.89921875 0.0765625 0.14609375
0 0.7734375 0.85078125 0.1046875 0.1171875
0 0.56953125 0.9078125 0.09375 0.134375