0 0.46796875 0.425 0.10625 0.15234375
0 0.29609375 0.4578125 0.1 0.11015625
0 0.209375 0.41796875 0.08984375 0.096875
0 0.228125 0.5046875 0.0765625 0.0796875
0 0.05390625 0.4703125 0.07734375 0.1
0 0.05703125 0.3671875 0.0796875 0.11796875
0 0.3015625 0.6765625 0.09453125 0.1125
0 0.1359375 0.53125 0.0953125 0.1046875
0 0.14453125 0.85 0.08671875 0.109375
0 0.4359375 0.83515625 0.07265625 0.1125
0 0.034375 0.5359375 0.06796875 0.11953125
0 0.18203125 0.3234375 0.07578125 0.1328125
0 0.240625 0.6453125 0.06328125 0.140625
0 0.421875 0.27265625 0.06953125 0.125
0 0.11171875 0.7515625 0.06953125 0.0984375
0 0.6421875 0.8765625 0.0921875 0.12734375
0 0.50703125 0.3015625 0.078125 0.14921875
0 0.2609375 0.31875 0.0765625 0.090625
0 0.034375 0.8421875 0.0671875 0.11015625
0 0.64765625 0.63046875 0.103125 0.11640625
0 0.22265625 0.8609375 0.09765625 0.10390625
0 0.90546875 0.340625 0.08515625 0.11796875
0 0.88125 0.7125 0.09609375 0.1328125
0 0.08984375 0.853125 0.065625 0.11015625
0 0.69375 0.32734375 0.0859375 0.1421875
0 0.04765625 0.728125 0.07109375 0.0890625
0 0.5296875 0.6953125 0.0921875 0.11640625
0 0.2546875 0.2359375 0.0734375 0.12109375
0 0.25234375 0.74765625 0.0578125 0.1265625
0 0.32109375 0.8765625 0.1015625 0.0953125
0 0.59296875 0.6609375 0.0859375 0.12890625
0 0.76015625 0.74140625 0.0859375 0.10390625
0 0.61640625 0.3125 0.08828125 0.15078125
0 0.75625 0.321875 0.0640625 0.1296875
0 0.73125 0.10859375 0.06796875 0.1234375
0 0.803125 0.81953125 0.10546875 0.11875
0 0.5671875 0.30859375 0.0640625 0.15390625
0 0.665625 0.76875 0.0890625 0.1125
0 0.96484375 0.72421875 0.0703125 0.13515625
0 0.62890625 0.08203125 0.0796875 0.121875
0 0.33125 0.2515625 0.07265625 0.14609375
0 0.67265625 0.1046875 0.05625 0.11640625
0 0.03828125 0.9328125 0.0765625 0.0953125
0 0.196875 0.93984375 0.0921875 0.09609375
0 0.1578125 0.21796875 0.05078125 0.1203125
0 0.49296875 0.125 0.05390625 0.08203125
0 0.81953125 0.1140625 0.06171875 0.16796875