0 0.6171875 0.22578125 0.05625 0.15390625
0 0.5328125 0.21328125 0.05 0.12890625
0 0.41328125 0.12421875 0.06484375 0.1671875
0 0.9703125 0.3109375 0.05 0.103125
0 0.8609375 0.46484375 0.04609375 0.0734375
0 0.278125 0.76171875 0.06953125 0.1203125
0 0.77421875 0.43359375 0.0515625 0.08359375
0 0.97734375 0.63125 0.04375 0.08359375
0 0.6609375 0.8859375 0.04453125 0.09609375
0 0.37109375 0.83515625 0.059375 0.13515625
0 0.54921875 0.4765625 0.0515625 0.08046875
0 0.08515625 0.88203125 0.0859375 0.11953125
0 0.09140625 0.74921875 0.07265625 0.1046875
0 0.41328125 0.36015625 0.05234375 0.1328125
0 0.03671875 0.178125 0.07109375 0.11796875
0 0.97734375 0.53828125 0.0453125 0.09375
0 0.1828125 0.315625 0.05859375 0.09140625
0 0.1328125 0.0453125 0.0609375 0.0859375
0 0.76328125 0.90546875 0.05859375 0.09921875
0 0.93125 0.87265625 0.05 0.07421875
0 0.11328125 0.32578125 0.05078125 0.13671875
0 0.2359375 0.3203125 0.053125 0.12578125
0 0.45859375 0.88203125 0.05703125 0.09609375
0 0.77265625 0.5640625 0.0515625 0.11796875
0 0.08515625 0.61640625 0.0609375 0.165625
0 0.75078125 0.58515625 0.0390625 0.0921875
0 0.690625 0.5734375 0.04609375 0.06875
0 0.30859375 0.575 0.0578125 0.07109375
0 0.34375 0.35859375 0.075 0.09140625
0 0.0765625 0.36796875 0.05 0.1515625
0 0.11015625 0.4765625 0.05859375 0.10234375
0 0.190625 0.6359375 0.06171875 0.06171875
0 0.228125 0.56484375 0.03359375 0.08359375
0 0.26796875 0.45078125 0.04609375 0.08515625
0 0.41015625 0.63125 0.0671875 0.07265625
0 0.428125 0.6890625 0.04765625 0.0875
0 0.465625 0.725 0.05234375 0.128125
0 0.51640625 0.809375 0.0484375 0.115625
0 0.5640625 0.79296875 0.06328125 0.1140625
0 0.571875 0.7078125 0.04140625 0.0875
0 0.7203125 0.76328125 0.046875 0.0859375
0 0.68515625 0.67109375 0.05234375 0.0609375
0 0.8296875 0.77890625 0.040625 0.05234375
0 0.81015625 0.88828125 0.03984375 0.11015625
0 0.83984375 0.875 0.04296875 0.096875
0 0.74921875 0.78984375 0.02734375 0.0671875
0 0.78515625 0.8203125 0.0421875 0.05546875
0 0.9796875 0.90625 0.040625 0.1
0 0.93359375 0.81640625 0.0484375 0.04453125