0 0.540625 0.384375 0.06484375 0.14296875
0 0.36328125 0.275 0.08359375 0.1328125
0 0.2015625 0.23046875 0.0796875 0.14296875
0 0.09140625 0.428125 0.06875 0.15078125
0 0.6 0.4015625 0.06796875 0.15390625
0 0.7171875 0.2453125 0.071875 0.134375
0 0.47578125 0.2046875 0.06171875 0.134375
0 0.57578125 0.178125 0.07578125 0.128125
0 0.7328125 0.0828125 0.065625 0.11484375
0 0.90546875 0.328125 0.096875 0.14453125
0 0.83671875 0.1828125 0.07890625 0.128125
0 0.81015625 0.06953125 0.08671875 0.1234375
0 0.04375 0.1828125 0.0625 0.128125
0 0.13515625 0.08671875 0.05703125 0.11328125
0 0.89296875 0.18125 0.05 0.14765625