0 0.6109375 0.30390625 0.09453125 0.22734375
0 0.71171875 0.6015625 0.15078125 0.1515625
0 0.2125 0.50703125 0.09140625 0.16875
0 0.12421875 0.6265625 0.09921875 0.13984375
0 0.25 0.66171875 0.10078125 0.153125
0 0.884375 0.478125 0.08515625 0.1828125
0 0.15625 0.128125 0.1 0.14765625
0 0.91484375 0.34296875 0.09296875 0.1359375
0 0.696875 0.08125 0.10234375 0.1328125
0 0.046875 0.67578125 0.09375 0.16015625
0 0.8265625 0.8125 0.11796875 0.14375
0 0.88046875 0.07734375 0.103125 0.1390625
0 0.4953125 0.4125 0.0796875 0.184375
0 0.32890625 0.25703125 0.12734375 0.13125
0 0.3109375 0.371875 0.11484375 0.1375
0 0.40859375 0.4265625 0.10703125 0.13515625
0 0.34296875 0.1421875 0.13046875 0.14140625
0 0.42265625 0.66484375 0.08203125 0.1828125
0 0.92890625 0.215625 0.09453125 0.13515625
0 0.915625 0.64765625 0.07734375 0.159375
0 0.0734375 0.8171875 0.13515625 0.121875
0 0.4828125 0.18515625 0.11875 0.1515625
0 0.2921875 0.88125 0.090625 0.165625
0 0.1359375 0.92109375 0.10859375 0.1578125
0 0.253125 0.06328125 0.11953125 0.1265625