0 0.55078125 0.77109375 0.0953125 0.115625
0 0.6671875 0.853125 0.0953125 0.1890625
0 0.34296875 0.79375 0.0953125 0.115625
0 0.1359375 0.8765625 0.0828125 0.16015625
0 0.25078125 0.9046875 0.11015625 0.10859375
0 0.21171875 0.81015625 0.08125 0.175
0 0.72734375 0.7921875 0.084375 0.1765625
0 0.8546875 0.91171875 0.12265625 0.121875
0 0.14609375 0.65546875 0.115625 0.10859375
0 0.75078125 0.6859375 0.1046875 0.1359375
0 0.92890625 0.81484375 0.115625 0.13828125
0 0.1390625 0.27734375 0.08515625 0.1609375
0 0.28359375 0.50546875 0.06875 0.15625
0 0.55390625 0.559375 0.096875 0.12734375
0 0.50859375 0.48671875 0.075 0.1296875
0 0.08671875 0.4859375 0.07578125 0.14375
0 0.43828125 0.5734375 0.08515625 0.17265625
0 0.66484375 0.26171875 0.1109375 0.159375
0 0.721875 0.07890625 0.08125 0.153125
0 0.30390625 0.1578125 0.1 0.09453125
0 0.621875 0.0734375 0.10390625 0.11484375
0 0.74921875 0.4875 0.09921875 0.10625
0 0.171875 0.378125 0.0734375 0.1328125
0 0.23125 0.6203125 0.07734375 0.11015625
0 0.878125 0.5328125 0.05703125 0.196875
0 0.96640625 0.5671875 0.0671875 0.18515625
0 0.8703125 0.1625 0.07109375 0.18359375
0 0.52265625 0.0890625 0.103125 0.10625
0 0.80390625 0.125 0.06796875 0.134375