0 0.5265625 0.2640625 0.115625 0.10703125
0 0.52109375 0.35859375 0.11953125 0.11328125
0 0.3484375 0.2359375 0.0921875 0.12890625
0 0.30859375 0.3640625 0.1171875 0.1265625
0 0.66484375 0.52109375 0.103125 0.134375
0 0.28125 0.13828125 0.09453125 0.1546875
0 0.31875 0.5671875 0.0890625 0.13671875
0 0.4109375 0.5203125 0.0859375 0.1296875
0 0.1203125 0.2140625 0.0765625 0.1203125
0 0.075 0.48359375 0.10078125 0.13828125
0 0.4671875 0.1328125 0.06796875 0.1296875
0 0.90703125 0.11484375 0.12578125 0.11640625
0 0.15078125 0.3375 0.0796875 0.1421875
0 0.09609375 0.38359375 0.0734375 0.15234375
0 0.809375 0.059375 0.109375 0.1046875
0 0.7015625 0.38984375 0.12109375 0.109375
0 0.8328125 0.62421875 0.16015625 0.1015625
0 0.21640625 0.65390625 0.07109375 0.17578125
0 0.8890625 0.2609375 0.1125 0.1390625
0 0.38359375 0.08984375 0.075 0.1796875
0 0.2921875 0.76328125 0.0703125 0.15625
0 0.62578125 0.72578125 0.0953125 0.1375
0 0.621875 0.08671875 0.071875 0.16953125
0 0.43671875 0.821875 0.11171875 0.14765625
0 0.31953125 0.071875 0.07109375 0.14296875
0 0.15 0.67734375 0.07265625 0.14609375
0 0.11484375 0.78046875 0.08828125 0.1546875
0 0.7390625 0.753125 0.071875 0.18125
0 0.81484375 0.82734375 0.09609375 0.18359375