0 0.62421875 0.51953125 0.07734375 0.11640625
0 0.809375 0.6125 0.06796875 0.1296875
0 0.25703125 0.8 0.0484375 0.08359375
0 0.28359375 0.43125 0.03828125 0.13125
0 0.52734375 0.68671875 0.0453125 0.07265625
0 0.90625 0.82734375 0.06640625 0.11953125
0 0.18984375 0.46484375 0.053125 0.08671875
0 0.45859375 0.39453125 0.0359375 0.084375
0 0.83125 0.09140625 0.053125 0.09921875
0 0.57578125 0.84296875 0.06640625 0.12109375
0 0.64765625 0.83046875 0.0703125 0.12109375
0 0.175 0.77421875 0.046875 0.11015625
0 0.40625 0.1359375 0.04921875 0.10859375
0 0.40390625 0.871875 0.0515625 0.0671875
0 0.84765625 0.85859375 0.05625 0.08984375
0 0.053125 0.871875 0.05859375 0.08671875
0 0.79140625 0.86875 0.06796875 0.06796875
0 0.59921875 0.03671875 0.08828125 0.0734375
0 0.57890625 0.6546875 0.05 0.11015625
0 0.53125 0.61796875 0.0625 0.07109375