0 0.53828125 0.43359375 0.07578125 0.12890625
0 0.61015625 0.525 0.08515625 0.1
0 0.6328125 0.390625 0.05 0.128125
0 0.49609375 0.5859375 0.07421875 0.096875
0 0.3625 0.5625 0.10078125 0.13046875
0 0.74609375 0.603125 0.10078125 0.13203125
0 0.753125 0.428125 0.09765625 0.09453125
0 0.95546875 0.52109375 0.0890625 0.1453125
0 0.4203125 0.42265625 0.09375 0.0953125
0 0.8390625 0.65 0.1015625 0.096875
0 0.21171875 0.33515625 0.0640625 0.14453125
0 0.278125 0.39921875 0.07421875 0.125
0 0.36953125 0.76796875 0.09296875 0.10703125
0 0.38828125 0.5125 0.1046875 0.11796875
0 0.11953125 0.525 0.0984375 0.13125
0 0.5390625 0.67734375 0.07734375 0.09375
0 0.78125 0.76875 0.11328125 0.11953125
0 0.86015625 0.55078125 0.08125 0.10859375
0 0.7296875 0.29296875 0.059375 0.10859375
0 0.3296875 0.63203125 0.084375 0.1078125
0 0.940625 0.70234375 0.06875 0.125
0 0.6265625 0.709375 0.0671875 0.10546875
0 0.9046875 0.3625 0.07890625 0.10546875
0 0.66484375 0.29296875 0.0515625 0.10390625
0 0.15859375 0.4125 0.08125 0.12734375
0 0.38125 0.33359375 0.09453125 0.096875
0 0.03203125 0.459375 0.0640625 0.15
0 0.7125 0.70703125 0.05703125 0.14453125
0 0.84609375 0.86015625 0.0890625 0.0875
0 0.5078125 0.2828125 0.059375 0.07734375
0 0.19375 0.81015625 0.08671875 0.140625
0 0.253125 0.29765625 0.0578125 0.08359375
0 0.20546875 0.5625 0.10390625 0.1296875
0 0.0265625 0.334375 0.05234375 0.11875
0 0.58984375 0.71171875 0.0515625 0.11328125
0 0.55390625 0.8015625 0.0984375 0.15
0 0.678125 0.8421875 0.10390625 0.12109375
0 0.4875 0.7578125 0.05 0.10390625
0 0.68828125 0.3734375 0.07421875 0.08828125
0 0.9203125 0.27578125 0.0546875 0.07578125
0 0.14609375 0.3 0.0546875 0.07578125
0 0.46484375 0.83203125 0.046875 0.13125
0 0.07109375 0.7640625 0.0640625 0.13203125
0 0.25390625 0.84765625 0.08515625 0.0875
0 0.40703125 0.278125 0.05859375 0.0609375
0 0.3109375 0.04609375 0.06875 0.0890625
0 0.21875 0.478125 0.0625 0.09296875
0 0.1359375 0.8125 0.065625 0.1265625
0 0.975 0.26953125 0.05 0.0640625
0 0.02265625 0.6609375 0.0453125 0.09921875
0 0.58671875 0.8984375 0.078125 0.075
0 0.0796875 0.303125 0.046875 0.07578125
0 0.34921875 0.846875 0.0734375 0.0921875
0 0.76796875 0.03046875 0.0796875 0.0609375
0 0.32578125 0.271875 0.05625 0.04296875
0 0.41875 0.85625 0.04140625 0.09375
0 0.04453125 0.86171875 0.0484375 0.07890625
0 0.92734375 0.85390625 0.0546875 0.1015625
0 0.98359375 0.8609375 0.0328125 0.0875
0 0.82421875 0.34375 0.0765625 0.12578125
0 0.81796875 0.2609375 0.08359375 0.05390625
0 0.69140625 0.03125 0.0796875 0.0625
0 0.61171875 0.04453125 0.08515625 0.04921875
0 0.446875 0.046875 0.053125 0.07109375
0 0.096875 0.03046875 0.05625 0.0609375
0 0.0890625 0.628125 0.07890625 0.06875
0 0.140625 0.6921875 0.075 0.11640625