0 0.48828125 0.521875 0.06796875 0.1234375
0 0.2765625 0.553125 0.06796875 0.1078125
0 0.2390625 0.396875 0.0765625 0.134375
0 0.6859375 0.3140625 0.075 0.1609375
0 0.73984375 0.56328125 0.08828125 0.1609375
0 0.68125 0.871875 0.08828125 0.12578125
0 0.2984375 0.63671875 0.08203125 0.11953125
0 0.81015625 0.81953125 0.07265625 0.103125
0 0.9328125 0.759375 0.0875 0.11875
0 0.8328125 0.54375 0.0828125 0.16171875
0 0.3703125 0.52265625 0.0625 0.1296875
0 0.19375 0.73359375 0.08828125 0.1078125
0 0.10859375 0.74296875 0.0828125 0.103125
0 0.42421875 0.53203125 0.05390625 0.12578125
0 0.0375 0.73828125 0.06796875 0.109375
0 0.08125 0.63046875 0.0921875 0.1109375
0 0.8234375 0.68125 0.0921875 0.11640625
0 0.25 0.89375 0.065625 0.14921875
0 0.11015625 0.478125 0.084375 0.1046875
0 0.325 0.40078125 0.07265625 0.1078125
0 0.79765625 0.2359375 0.06875 0.15234375
0 0.78203125 0.3765625 0.10390625 0.11640625
0 0.10625 0.04375 0.06328125 0.0859375
0 0.43671875 0.18359375 0.065625 0.09921875
0 0.5171875 0.16484375 0.0640625 0.1015625
0 0.8953125 0.1265625 0.05390625 0.09765625
0 0.22890625 0.04921875 0.075 0.096875
0 0.21875 0.3578125 0.078125 0.10625
0 0.77109375 0.10390625 0.059375 0.1296875
0 0.328125 0.16796875 0.08828125 0.10703125
0 0.13046875 0.15 0.06015625 0.1234375
0 0.3546875 0.9328125 0.0671875 0.12890625
0 0.125 0.909375 0.08125 0.1671875
0 0.334375 0.2828125 0.06953125 0.1015625
0 0.5421875 0.0421875 0.06328125 0.084375
0 0.159375 0.2890625 0.071875 0.17734375
0 0.175 0.09453125 0.06328125 0.10625
0 0.38125 0.1859375 0.05546875 0.1265625
0 0.5046875 0.40625 0.065625 0.09921875
0 0.88515625 0.39765625 0.0609375 0.1109375
0 0.9625 0.3828125 0.07421875 0.11875