0 0.36640625 0.79453125 0.0390625 0.13046875
0 0.31484375 0.84609375 0.07109375 0.11953125
0 0.4546875 0.8171875 0.06484375 0.1125
0 0.4453125 0.96875 0.0875 0.0625
0 0.525 0.92421875 0.07890625 0.0984375
0 0.58203125 0.95703125 0.0703125 0.0859375
0 0.646875 0.73046875 0.03515625 0.1296875
0 0.6796875 0.7578125 0.059375 0.125
0 0.171875 0.94296875 0.0625 0.1140625
0 0.08671875 0.8734375 0.0390625 0.13359375
0 0.20390625 0.61953125 0.05078125 0.1140625
0 0.29296875 0.71640625 0.07734375 0.07421875
0 0.3890625 0.6625 0.07421875 0.103125
0 0.415625 0.73359375 0.03515625 0.08828125
0 0.115625 0.7765625 0.04375 0.14453125
0 0.246875 0.8875 0.05234375 0.15625
0 0.03046875 0.7671875 0.04609375 0.11015625
0 0.10390625 0.61171875 0.0390625 0.10703125