0 0.5765625 0.45 0.08359375 0.17265625
0 0.23359375 0.38359375 0.10625 0.1265625
0 0.55546875 0.13125 0.10703125 0.1234375
0 0.459375 0.7046875 0.071875 0.171875
0 0.86015625 0.19765625 0.09453125 0.11953125
0 0.78515625 0.31171875 0.1 0.12265625
0 0.04453125 0.26015625 0.0890625 0.13984375
0 0.20390625 0.77421875 0.1046875 0.1203125
0 0.95234375 0.290625 0.06484375 0.171875
0 0.64453125 0.05859375 0.071875 0.11484375
0 0.5234375 0.8109375 0.0609375 0.18125
0 0.784375 0.82890625 0.09296875 0.1296875
0 0.8078125 0.08125 0.090625 0.153125
0 0.903125 0.85234375 0.075 0.14140625
0 0.94453125 0.5421875 0.08671875 0.121875
0 0.6203125 0.6765625 0.05703125 0.1640625
0 0.05859375 0.8203125 0.1 0.13359375
0 0.43046875 0.91875 0.06640625 0.15234375
0 0.68125 0.91796875 0.06875 0.1296875
0 0.225 0.92109375 0.0515625 0.1203125