0 0.36328125 0.315625 0.06328125 0.13984375
0 0.6765625 0.39375 0.05234375 0.09375
0 0.74140625 0.0515625 0.0421875 0.078125
0 0.7078125 0.05 0.04609375 0.07109375
0 0.9515625 0.54375 0.05234375 0.0921875
0 0.62421875 0.24296875 0.0609375 0.1421875
0 0.46015625 0.2046875 0.04765625 0.12109375
0 0.96953125 0.39375 0.04375 0.09921875
0 0.94140625 0.7484375 0.0546875 0.0953125
0 0.95078125 0.08359375 0.03046875 0.0703125
0 0.6921875 0.0640625 0.034375 0.05078125
0 0.43828125 0.0328125 0.05390625 0.06484375
0 0.85546875 0.44609375 0.046875 0.1
0 0.1625 0.3734375 0.05703125 0.1109375
0 0.790625 0.040625 0.04375 0.08125
0 0.0703125 0.18359375 0.071875 0.10390625
0 0.47734375 0.334375 0.04921875 0.1015625
0 0.9609375 0.228125 0.0328125 0.0828125
0 0.1390625 0.2328125 0.0484375 0.09609375
0 0.7375 0.23125 0.03359375 0.08125
0 0.5140625 0.0375 0.04609375 0.0640625
0 0.409375 0.18515625 0.0546875 0.10390625
0 0.10546875 0.29921875 0.07265625 0.1296875
0 0.20390625 0.3296875 0.05 0.13359375
0 0.34296875 0.07734375 0.0578125 0.12421875
0 0.29765625 0.82578125 0.07265625 0.13671875
0 0.20234375 0.24453125 0.04296875 0.1046875
0 0.88359375 0.45859375 0.03515625 0.128125
0 0.565625 0.315625 0.0546875 0.07890625
0 0.828125 0.225 0.02734375 0.07109375
0 0.79921875 0.36875 0.04375 0.10546875
0 0.5234375 0.36015625 0.0578125 0.12890625
0 0.94375 0.29296875 0.0546875 0.0921875
0 0.40546875 0.0328125 0.03125 0.06171875
0 0.2828125 0.21015625 0.05 0.1171875
0 0.06953125 0.06640625 0.06640625 0.1328125
0 0.75078125 0.271875 0.03203125 0.08203125
0 0.559375 0.08828125 0.04140625 0.1078125
0 0.5046875 0.265625 0.0453125 0.07578125
0 0.2640625 0.15078125 0.06875 0.06328125
0 0.83359375 0.29609375 0.05546875 0.10546875