0 0.7765625 0.06640625 0.0875 0.1328125
0 0.77265625 0.271875 0.07109375 0.19296875
0 0.909375 0.29609375 0.090625 0.2515625
0 0.45390625 0.0890625 0.103125 0.11953125
0 0.54296875 0.1046875 0.07421875 0.17734375
0 0.6765625 0.315625 0.08984375 0.1703125
0 0.0546875 0.11015625 0.1015625 0.13359375
0 0.3 0.065625 0.0796875 0.1265625
0 0.1921875 0.10390625 0.0875 0.1265625
0 0.78671875 0.6109375 0.0984375 0.16953125
0 0.68125 0.70234375 0.0765625 0.20546875
0 0.9546875 0.684375 0.08125 0.178125
0 0.946875 0.42109375 0.10546875 0.18515625
0 0.55234375 0.5609375 0.08828125 0.1890625
0 0.1671875 0.4578125 0.06796875 0.2078125
0 0.2140625 0.2859375 0.07890625 0.16484375
0 0.7296875 0.6328125 0.08203125 0.17890625
0 0.1140625 0.63203125 0.071875 0.1703125
0 0.42890625 0.253125 0.109375 0.1328125
0 0.34453125 0.6078125 0.109375 0.165625
0 0.1984375 0.70390625 0.07578125 0.209375
0 0.584375 0.8234375 0.0796875 0.171875
0 0.02109375 0.51640625 0.04140625 0.13984375
0 0.11796875 0.79296875 0.07421875 0.1609375
0 0.21953125 0.4046875 0.06875 0.18828125
0 0.30546875 0.51171875 0.10859375 0.1171875
0 0.3234375 0.36953125 0.128125 0.16875
0 0.0703125 0.4140625 0.1078125 0.1359375
0 0.8859375 0.87734375 0.0953125 0.1265625
0 0.66328125 0.43515625 0.07734375 0.11484375
0 0.73125 0.440625 0.09375 0.125
0 0.26484375 0.72421875 0.0640625 0.15546875
0 0.32578125 0.815625 0.1109375 0.103125
0 0.43828125 0.8359375 0.1015625 0.12421875
0 0.296875 0.93125 0.059375 0.128125
0 0.08125 0.92578125 0.128125 0.10390625
0 0.6625 0.8671875 0.09296875 0.11015625
0 0.790625 0.928125 0.11171875 0.10078125
0 0.59296875 0.9546875 0.0640625 0.078125
0 0.68046875 0.03046875 0.06953125 0.0609375