0 0.228125 0.1375 0.0921875 0.17265625
0 0.52265625 0.06484375 0.06796875 0.1296875
0 0.290625 0.8640625 0.075 0.1078125
0 0.69296875 0.6515625 0.0546875 0.12890625
0 0.68671875 0.775 0.0640625 0.1171875
0 0.97265625 0.80625 0.05078125 0.11875
0 0.434375 0.89140625 0.0625 0.16015625
0 0.8390625 0.82109375 0.05234375 0.1328125
0 0.25078125 0.7484375 0.11953125 0.1203125
0 0.9 0.19375 0.05703125 0.14375
0 0.89375 0.7515625 0.04921875 0.14296875
0 0.73515625 0.63671875 0.05234375 0.12265625
0 0.8421875 0.2125 0.05703125 0.1015625
0 0.9015625 0.915625 0.05625 0.09921875
0 0.3828125 0.59296875 0.09609375 0.084375
0 0.77734375 0.4265625 0.065625 0.13359375