0 0.48203125 0.575 0.04921875 0.12109375
0 0.6890625 0.634375 0.06484375 0.12109375
0 0.3484375 0.6875 0.0609375 0.14296875
0 0.440625 0.47265625 0.08203125 0.08828125
0 0.26015625 0.428125 0.05859375 0.1328125
0 0.725 0.8125 0.06015625 0.11953125
0 0.440625 0.70859375 0.06875 0.17421875
0 0.24375 0.7453125 0.08046875 0.1265625
0 0.28359375 0.62265625 0.06796875 0.109375
0 0.0515625 0.40078125 0.0796875 0.1640625
0 0.55625 0.4078125 0.0546875 0.134375
0 0.078125 0.346875 0.08203125 0.1421875
0 0.7234375 0.41015625 0.05 0.10390625
0 0.8671875 0.51875 0.0625 0.09765625
0 0.365625 0.3609375 0.06328125 0.1
0 0.21484375 0.3453125 0.0734375 0.15234375
0 0.65 0.42890625 0.078125 0.09296875
0 0.1625 0.33515625 0.0515625 0.15
0 0.9546875 0.3703125 0.0453125 0.1328125
0 0.50625 0.3296875 0.05234375 0.11171875
0 0.02578125 0.6 0.05078125 0.1109375
0 0.61328125 0.24375 0.05078125 0.13671875
0 0.4640625 0.30234375 0.0484375 0.109375
0 0.74140625 0.31875 0.04453125 0.090625
0 0.2671875 0.25078125 0.0671875 0.10859375
0 0.71171875 0.25078125 0.046875 0.12109375
0 0.7671875 0.065625 0.03984375 0.0796875
0 0.32734375 0.1625 0.0515625 0.0796875
0 0.42109375 0.23359375 0.0546875 0.1015625
0 0.27421875 0.1546875 0.05390625 0.0953125
0 0.79296875 0.44609375 0.0515625 0.1
0 0.48828125 0.746875 0.06328125 0.11640625
0 0.35078125 0.24296875 0.06953125 0.103125
0 0.11875 0.2671875 0.0765625 0.10859375
0 0.08125 0.23125 0.05390625 0.0953125
0 0.56953125 0.32265625 0.0703125 0.09140625
0 0.696875 0.04765625 0.04296875 0.08828125