0 0.2609375 0.1359375 0.07109375 0.15703125
0 0.159375 0.13984375 0.078125 0.1421875
0 0.0609375 0.1234375 0.075 0.10625
0 0.0328125 0.2078125 0.05546875 0.15859375
0 0.115625 0.27109375 0.06796875 0.10859375
0 0.03671875 0.35 0.0734375 0.09609375
0 0.11953125 0.42265625 0.05390625 0.1171875
0 0.04140625 0.465625 0.0640625 0.10078125
0 0.3765625 0.4859375 0.09375 0.11640625
0 0.36171875 0.2890625 0.0453125 0.153125
0 0.8796875 0.54375 0.0703125 0.12421875
0 0.8484375 0.4171875 0.0703125 0.09453125
0 0.5203125 0.4046875 0.075 0.103125
0 0.42734375 0.38359375 0.0921875 0.09140625
0 0.13125 0.6203125 0.07421875 0.13046875
0 0.6234375 0.671875 0.0609375 0.15
0 0.65703125 0.20078125 0.0765625 0.1125
0 0.4125 0.67890625 0.08671875 0.1265625
0 0.96328125 0.7078125 0.0734375 0.1
0 0.7171875 0.4359375 0.0875 0.1015625
0 0.415625 0.2703125 0.04921875 0.12578125
0 0.21875 0.72734375 0.08359375 0.13671875
0 0.6078125 0.3171875 0.06484375 0.11875
0 0.96328125 0.80703125 0.071875 0.10703125
0 0.6140625 0.53828125 0.06171875 0.14609375
0 0.315625 0.71796875 0.078125 0.1484375
0 0.89453125 0.20703125 0.06640625 0.09296875
0 0.72734375 0.2703125 0.05546875 0.13046875
0 0.95234375 0.26171875 0.06484375 0.12109375
0 0.66875 0.76875 0.07421875 0.103125
0 0.4625 0.25546875 0.06328125 0.11953125
0 0.4921875 0.6875 0.08125 0.12890625
0 0.83125 0.3265625 0.046875 0.12265625
0 0.43046875 0.896875 0.08046875 0.1125
0 0.8640625 0.271875 0.05 0.1234375
0 0.5453125 0.27734375 0.06015625 0.10234375
0 0.628125 0.91953125 0.0796875 0.11875
0 0.56875 0.196875 0.0828125 0.1015625
0 0.9828125 0.59375 0.034375 0.103125
0 0.0359375 0.54609375 0.07109375 0.08671875
0 0.57265625 0.1296875 0.06484375 0.078125
0 0.48125 0.1546875 0.07421875 0.0921875
0 0.28671875 0.93046875 0.078125 0.1328125
0 0.49375 0.93828125 0.078125 0.1140625
0 0.86015625 0.94375 0.078125 0.1015625
0 0.75703125 0.5890625 0.07109375 0.18515625
0 0.54921875 0.7921875 0.12109375 0.103125
0 0.8921875 0.884375 0.08203125 0.11640625
0 0.20859375 0.81875 0.075 0.1140625
0 0.565625 0.96640625 0.08359375 0.0671875
0 0.39140625 0.95703125 0.06953125 0.0859375
0 0.19296875 0.90703125 0.0890625 0.0734375
0 0.2390625 0.96484375 0.05625 0.0703125
0 0.69140625 0.109375 0.06640625 0.065625
0 0.61875 0.07109375 0.05 0.0703125
0 0.67109375 0.0640625 0.0359375 0.05625
0 0.5015625 0.06171875 0.084375 0.07265625
0 0.3453125 0.21484375 0.06953125 0.0828125