0 0.803125 0.69921875 0.09375 0.13203125
0 0.53203125 0.578125 0.08515625 0.096875
0 0.50859375 0.73359375 0.08515625 0.09765625
0 0.525 0.8421875 0.06640625 0.10546875
0 0.39765625 0.8453125 0.0578125 0.11640625
0 0.33671875 0.91484375 0.059375 0.10234375
0 0.134375 0.6578125 0.10546875 0.1421875
0 0.33828125 0.41015625 0.059375 0.1234375
0 0.278125 0.484375 0.04921875 0.08125
0 0.21875 0.3390625 0.10078125 0.06640625
0 0.49453125 0.95234375 0.05546875 0.059375
0 0.2515625 0.93046875 0.08515625 0.07421875
0 0.303125 0.0359375 0.07890625 0.0703125
0 0.803125 0.96015625 0.05546875 0.0796875
0 0.13046875 0.065625 0.07734375 0.0859375
0 0.39375 0.4375 0.071875 0.11640625
0 0.6515625 0.1484375 0.07578125 0.1046875
0 0.7296875 0.9515625 0.075 0.096875
0 0.93359375 0.9796875 0.0640625 0.040625
0 0.90703125 0.13515625 0.0640625 0.1234375
0 0.89140625 0.03671875 0.06015625 0.0671875
0 0.7953125 0.04296875 0.05234375 0.0859375
0 0.63359375 0.053125 0.0546875 0.10625
0 0.06640625 0.07421875 0.0671875 0.07109375
0 0.3484375 0.10546875 0.053125 0.0609375
0 0.40078125 0.3703125 0.05703125 0.078125