0 0.73671875 0.53046875 0.09140625 0.1515625
0 0.47734375 0.52421875 0.0828125 0.1203125
0 0.559375 0.73125 0.08515625 0.19140625
0 0.39296875 0.740625 0.10234375 0.17734375
0 0.0671875 0.86796875 0.0703125 0.19140625
0 0.55390625 0.3953125 0.09375 0.171875
0 0.2515625 0.18828125 0.07890625 0.1875
0 0.42734375 0.965625 0.10390625 0.06640625
0 0.40546875 0.1796875 0.08203125 0.1328125
0 0.02890625 0.0796875 0.05625 0.1484375
0 0.16640625 0.41953125 0.07265625 0.1453125
0 0.48359375 0.23203125 0.08828125 0.14375
0 0.94609375 0.95390625 0.1078125 0.0828125
0 0.30078125 0.07109375 0.09609375 0.14140625
0 0.97578125 0.5453125 0.046875 0.190625
0 0.67578125 0.0296875 0.08046875 0.059375
0 0.41953125 0.03828125 0.0765625 0.0765625
0 0.9640625 0.2265625 0.071875 0.12109375
0 0.97734375 0.1078125 0.0453125 0.128125
0 0.91796875 0.08828125 0.05234375 0.16484375
0 0.8671875 0.0921875 0.05390625 0.11875
0 0.82890625 0.05078125 0.1109375 0.1015625
0 0.96640625 0.03359375 0.0671875 0.0671875
0 0.15546875 0.87421875 0.07421875 0.1671875
0 0.1734375 0.94375 0.07890625 0.1125
0 0.0625 0.45390625 0.08671875 0.08828125
0 0.12734375 0.56875 0.0703125 0.13515625