0 0.71796875 0.153125 0.1015625 0.18359375
0 0.88984375 0.03203125 0.09765625 0.0640625
0 0.51328125 0.4359375 0.11640625 0.11484375
0 0.05078125 0.390625 0.09375 0.196875
0 0.15625 0.1328125 0.10546875 0.15625
0 0.296875 0.20703125 0.121875 0.13046875
0 0.27421875 0.63359375 0.10234375 0.19296875
0 0.2484375 0.0734375 0.11484375 0.14453125
0 0.5359375 0.10625 0.103125 0.20234375
0 0.409375 0.07109375 0.11171875 0.140625
0 0.03515625 0.82109375 0.0703125 0.1140625
0 0.0453125 0.68046875 0.08984375 0.15546875
0 0.02578125 0.20859375 0.0515625 0.13984375
0 0.36875 0.84765625 0.10234375 0.0859375
0 0.23359375 0.96171875 0.0890625 0.0765625
0 0.08359375 0.9609375 0.0953125 0.078125
0 0.46015625 0.91875 0.07734375 0.09921875
0 0.5359375 0.9171875 0.05390625 0.128125
0 0.6 0.9640625 0.07578125 0.071875
0 0.89375 0.26484375 0.078125 0.2046875
0 0.96796875 0.25625 0.0640625 0.16875