0 0.30703125 0.18203125 0.0828125 0.21796875
0 0.378125 0.140625 0.071875 0.19921875
0 0.34375 0.53046875 0.0859375 0.18671875
0 0.48984375 0.559375 0.07109375 0.19921875
0 0.659375 0.5734375 0.0671875 0.18828125
0 0.19375 0.53125 0.084375 0.18359375
0 0.2640625 0.61640625 0.0859375 0.1859375
0 0.878125 0.58828125 0.07578125 0.19765625
0 0.65546875 0.1328125 0.0640625 0.221875
0 0.96328125 0.18125 0.0609375 0.15859375
0 0.96640625 0.77109375 0.0671875 0.21171875
0 0.6390625 0.81328125 0.07421875 0.19140625
0 0.759375 0.3984375 0.09140625 0.13203125
0 0.225 0.23046875 0.10625 0.1359375
0 0.465625 0.171875 0.09609375 0.12265625
0 0.7328125 0.06953125 0.103125 0.13671875
0 0.20546875 0.06484375 0.0828125 0.12890625
0 0.1 0.25625 0.10546875 0.134375
0 0.09453125 0.5234375 0.0984375 0.14140625
0 0.84453125 0.059375 0.09453125 0.11796875
0 0.83671875 0.44140625 0.11953125 0.20703125
0 0.73046875 0.6125 0.1046875 0.1453125
0 0.19609375 0.38984375 0.08671875 0.12578125
0 0.86796875 0.82890625 0.1078125 0.115625
0 0.86796875 0.72734375 0.10078125 0.109375
0 0.58515625 0.21171875 0.10078125 0.0953125