0 0.77421875 0.64375 0.13671875 0.165625
0 0.60078125 0.659375 0.12109375 0.14453125
0 0.5296875 0.4359375 0.08203125 0.165625
0 0.6515625 0.45546875 0.08984375 0.1484375
0 0.4765625 0.225 0.10703125 0.15
0 0.18984375 0.80703125 0.09921875 0.15859375
0 0.84140625 0.48046875 0.09453125 0.1359375
0 0.43359375 0.703125 0.07109375 0.16875
0 0.7453125 0.5109375 0.1109375 0.15234375
0 0.51328125 0.7234375 0.075 0.13671875
0 0.0484375 0.69296875 0.096875 0.18359375
0 0.2515625 0.91328125 0.10234375 0.1296875
0 0.2140625 0.49921875 0.09609375 0.17578125
0 0.715625 0.1703125 0.11171875 0.1375
0 0.3125 0.18671875 0.12109375 0.1328125
0 0.60625 0.8265625 0.115625 0.1390625
0 0.1453125 0.43515625 0.0609375 0.11015625
0 0.5109375 0.8390625 0.09609375 0.115625
0 0.6046875 0.21640625 0.10234375 0.1078125
0 0.334375 0.68125 0.06171875 0.18671875
0 0.81953125 0.06640625 0.09453125 0.12890625
0 0.53828125 0.1359375 0.06796875 0.19921875
0 0.20234375 0.09375 0.0796875 0.18203125
0 0.803125 0.2859375 0.06796875 0.2078125
0 0.909375 0.54375 0.0625 0.15546875
0 0.278125 0.69765625 0.071875 0.22265625
0 0.3953125 0.059375 0.071875 0.115625