0 0.1921875 0.5546875 0.059375 0.140625
0 0.52890625 0.675 0.08671875 0.11796875
0 0.22109375 0.81875 0.10859375 0.2203125
0 0.6421875 0.5421875 0.071875 0.1171875
0 0.034375 0.3703125 0.0671875 0.11796875
0 0.9609375 0.4859375 0.0484375 0.0875
0 0.690625 0.62734375 0.0703125 0.0859375
0 0.3921875 0.16875 0.053125 0.10625
0 0.66015625 0.8296875 0.0890625 0.12265625
0 0.25390625 0.2875 0.07421875 0.1203125
0 0.621875 0.74375 0.06171875 0.0921875
0 0.1390625 0.36171875 0.1046875 0.15625
0 0.31640625 0.68671875 0.075 0.11640625
0 0.26328125 0.765625 0.0640625 0.12109375
0 0.82265625 0.73671875 0.0796875 0.08828125
0 0.86328125 0.85546875 0.08984375 0.09296875
0 0.5734375 0.5015625 0.08125 0.096875
0 0.93046875 0.03359375 0.0578125 0.065625
0 0.0671875 0.2234375 0.06875 0.1046875
0 0.8375 0.24921875 0.0453125 0.0875
0 0.53046875 0.89765625 0.1109375 0.175
0 0.73515625 0.359375 0.05234375 0.1296875
0 0.26171875 0.23125 0.0625 0.09375
0 0.34921875 0.784375 0.06796875 0.1015625
0 0.46015625 0.29609375 0.05234375 0.10703125
0 0.32109375 0.171875 0.06484375 0.0859375
0 0.08359375 0.14296875 0.0515625 0.0765625
0 0.63203125 0.40078125 0.05859375 0.08203125
0 0.5765625 0.0375 0.04609375 0.065625
0 0.93359375 0.29140625 0.046875 0.08828125
0 0.71484375 0.0375 0.06640625 0.07265625
0 0.521875 0.034375 0.04375 0.06875
0 0.81328125 0.634375 0.0546875 0.1453125
0 0.25625 0.62890625 0.05859375 0.12421875
0 0.365625 0.534375 0.0703125 0.09921875
0 0.40546875 0.6328125 0.07421875 0.07734375
0 0.3546875 0.8625 0.0703125 0.10625
0 0.6796875 0.959375 0.06796875 0.08046875
0 0.63671875 0.23046875 0.05703125 0.13203125
0 0.5671875 0.31640625 0.059375 0.1
0 0.1703125 0.2359375 0.090625 0.08828125
0 0.175 0.3203125 0.06953125 0.12734375
0 0.11328125 0.24921875 0.0515625 0.103125
0 0.428125 0.2296875 0.04453125 0.11328125
0 0.49296875 0.3265625 0.0421875 0.12578125
0 0.53203125 0.32890625 0.0484375 0.10546875
0 0.52421875 0.40234375 0.0953125 0.08046875
0 0.7140625 0.2390625 0.0625 0.08359375
0 0.6953125 0.296875 0.053125 0.0703125
0 0.78203125 0.346875 0.03984375 0.10546875
0 0.85546875 0.4203125 0.046875 0.12265625
0 0.82421875 0.575 0.040625 0.11640625
0 0.853125 0.5609375 0.05703125 0.0890625
0 0.7984375 0.421875 0.053125 0.1265625
0 0.96953125 0.37265625 0.0578125 0.06640625
0 0.94296875 0.228125 0.03984375 0.078125
0 0.7421875 0.2515625 0.04453125 0.1015625