0 0.39609375 0.3078125 0.08828125 0.12109375
0 0.46875 0.37421875 0.0734375 0.1265625
0 0.559375 0.2203125 0.06796875 0.1296875
0 0.2828125 0.26953125 0.090625 0.125
0 0.7859375 0.26015625 0.0640625 0.14140625
0 0.11875 0.5609375 0.07578125 0.1453125
0 0.6734375 0.209375 0.05625 0.146875
0 0.659375 0.35625 0.06796875 0.11015625
0 0.5375 0.41015625 0.05546875 0.175
0 0.09140625 0.434375 0.10546875 0.13046875
0 0.05390625 0.25859375 0.0734375 0.1640625
0 0.196875 0.56796875 0.07734375 0.18515625
0 0.15859375 0.1921875 0.0625 0.171875
0 0.328125 0.07578125 0.1 0.13046875
0 0.07890625 0.11796875 0.1015625 0.12421875
0 0.215625 0.3078125 0.0609375 0.17734375
0 0.25 0.1140625 0.06875 0.18125
0 0.34765625 0.42109375 0.06875 0.22578125
0 0.57734375 0.08671875 0.0609375 0.16796875
0 0.709375 0.04609375 0.059375 0.090625
0 0.88125 0.38828125 0.0453125 0.128125
0 0.028125 0.53828125 0.05625 0.1859375
0 0.41796875 0.49453125 0.06171875 0.1671875
0 0.2484375 0.74765625 0.08359375 0.11953125
0 0.203125 0.1359375 0.0609375 0.175
0 0.6796875 0.75703125 0.0578125 0.11640625
0 0.9140625 0.865625 0.05 0.1265625
0 0.8796875 0.234375 0.05078125 0.11484375
0 0.9359375 0.18125 0.04765625 0.11875
0 0.5359375 0.628125 0.08671875 0.09453125
0 0.44140625 0.55625 0.0578125 0.14140625
0 0.60234375 0.8453125 0.06328125 0.12421875
0 0.8328125 0.81640625 0.0484375 0.12109375
0 0.7359375 0.76328125 0.06328125 0.12421875
0 0.903125 0.70625 0.0453125 0.11484375
0 0.94140625 0.675 0.05078125 0.16171875
0 0.7765625 0.42890625 0.06328125 0.14140625
0 0.82109375 0.415625 0.04609375 0.12890625
0 0.55546875 0.87421875 0.07421875 0.1046875