0 0.2421875 0.3828125 0.12265625 0.1484375
0 0.3859375 0.3015625 0.084375 0.1625
0 0.45625 0.39453125 0.07421875 0.16640625
0 0.53359375 0.66953125 0.0859375 0.16015625
0 0.21953125 0.715625 0.0953125 0.134375
0 0.41875 0.1609375 0.06875 0.0796875
0 0.534375 0.54453125 0.0796875 0.15234375
0 0.24453125 0.86171875 0.07578125 0.16171875
0 0.6703125 0.2859375 0.0890625 0.14296875
0 0.62890625 0.12578125 0.065625 0.18359375
0 0.6203125 0.4546875 0.07578125 0.1734375
0 0.63828125 0.6234375 0.0890625 0.15
0 0.51953125 0.18359375 0.06171875 0.13515625
0 0.12109375 0.078125 0.0828125 0.096875
0 0.27734375 0.93828125 0.08359375 0.11796875
0 0.80546875 0.8296875 0.0765625 0.140625
0 0.90546875 0.2734375 0.05859375 0.14453125
0 0.28984375 0.0859375 0.07265625 0.11171875
0 0.1046875 0.9296875 0.10078125 0.13046875
0 0.9640625 0.325 0.071875 0.128125
0 0.68125 0.9578125 0.103125 0.084375
0 0.81953125 0.20390625 0.0671875 0.1171875
0 0.84921875 0.95703125 0.1015625 0.0859375