0 0.621875 0.45625 0.06875 0.1859375
0 0.24609375 0.54765625 0.08046875 0.1078125
0 0.725 0.6890625 0.08359375 0.134375
0 0.78046875 0.7703125 0.06640625 0.18125
0 0.26015625 0.68046875 0.09140625 0.1234375
0 0.15859375 0.69453125 0.06953125 0.10234375
0 0.0921875 0.48515625 0.06953125 0.090625
0 0.0828125 0.6453125 0.07109375 0.10078125
0 0.63984375 0.76328125 0.0671875 0.1015625
0 0.81875 0.91875 0.08125 0.1328125
0 0.86875 0.5203125 0.075 0.11953125
0 0.11953125 0.81328125 0.0625 0.13359375
0 0.459375 0.27890625 0.06328125 0.10625
0 0.93671875 0.92734375 0.1 0.1296875