0 0.8703125 0.3578125 0.06875 0.2
0 0.7640625 0.134375 0.06171875 0.15078125
0 0.41796875 0.4765625 0.0875 0.1109375
0 0.30390625 0.5375 0.078125 0.1359375
0 0.2875 0.8765625 0.08046875 0.11484375
0 0.21484375 0.2484375 0.07421875 0.11953125
0 0.38125 0.61640625 0.0796875 0.121875
0 0.1171875 0.28125 0.0875 0.14453125
0 0.23828125 0.07265625 0.065625 0.14453125
0 0.24375 0.703125 0.075 0.1375
0 0.10546875 0.4125 0.09609375 0.13046875
0 0.0390625 0.3203125 0.07578125 0.12265625
0 0.16328125 0.940625 0.06953125 0.1125
0 0.528125 0.77578125 0.0796875 0.13359375
0 0.95234375 0.940625 0.053125 0.08671875
0 0.8953125 0.865625 0.065625 0.1140625
0 0.878125 0.77421875 0.05625 0.08984375
0 0.08828125 0.89765625 0.07421875 0.16953125
0 0.0171875 0.63359375 0.0328125 0.1390625
0 0.7546875 0.9625 0.0734375 0.06953125
0 0.59765625 0.9515625 0.08984375 0.0921875