0 0.06953125 0.49453125 0.0578125 0.06796875
0 0.3796875 0.4453125 0.05 0.1
0 0.3125 0.48828125 0.0515625 0.090625
0 0.5453125 0.65703125 0.07265625 0.12109375
0 0.653125 0.69296875 0.0484375 0.10078125
0 0.46015625 0.60703125 0.04453125 0.14375
0 0.50859375 0.92421875 0.05703125 0.1421875
0 0.73359375 0.359375 0.05234375 0.096875
0 0.2421875 0.44375 0.0453125 0.09609375
0 0.28203125 0.38203125 0.05546875 0.12578125
0 0.8265625 0.61953125 0.0625 0.1109375
0 0.35078125 0.9453125 0.04921875 0.10390625
0 0.25859375 0.51640625 0.05 0.1203125
0 0.115625 0.8140625 0.0546875 0.0953125
0 0.8203125 0.71796875 0.0921875 0.1109375
0 0.359375 0.74140625 0.046875 0.08984375
0 0.12109375 0.48984375 0.03671875 0.0796875
0 0.6546875 0.365625 0.0640625 0.11875
0 0.48984375 0.34296875 0.04765625 0.0734375
0 0.77265625 0.64140625 0.0671875 0.12109375
0 0.9390625 0.603125 0.07265625 0.13984375
0 0.5359375 0.34296875 0.06640625 0.075
0 0.11015625 0.59609375 0.04296875 0.0671875
0 0.50546875 0.4234375 0.05390625 0.0796875
0 0.45234375 0.946875 0.06953125 0.10390625
0 0.5015625 0.7265625 0.065625 0.08828125
0 0.30625 0.92890625 0.065625 0.12265625
0 0.41640625 0.6390625 0.059375 0.08359375
0 0.16015625 0.5734375 0.05 0.0703125
0 0.20703125 0.82734375 0.05234375 0.10390625
0 0.43359375 0.715625 0.06640625 0.1125
0 0.91484375 0.53359375 0.0609375 0.09609375
0 0.3796875 0.69453125 0.0484375 0.08125
0 0.6921875 0.6265625 0.059375 0.0953125
0 0.47421875 0.80546875 0.0765625 0.0984375
0 0.13828125 0.88046875 0.0640625 0.103125
0 0.18125 0.38125 0.0765625 0.09453125
0 0.8765625 0.3515625 0.09765625 0.08984375
0 0.85 0.54140625 0.0625 0.09453125
0 0.72734375 0.5609375 0.06875 0.09453125
0 0.43515625 0.38515625 0.0765625 0.1109375
0 0.2484375 0.8125 0.05 0.1359375
0 0.15234375 0.9453125 0.0625 0.0984375
0 0.67578125 0.9140625 0.05859375 0.1109375
0 0.2203125 0.725 0.05625 0.06796875