0 0.66484375 0.5328125 0.1359375 0.1296875
0 0.15703125 0.7390625 0.115625 0.1109375
0 0.3234375 0.484375 0.1296875 0.1234375
0 0.8328125 0.403125 0.1234375 0.11796875
0 0.3984375 0.6671875 0.11484375 0.15234375
0 0.0609375 0.5546875 0.12109375 0.103125
0 0.84921875 0.68984375 0.10703125 0.121875
0 0.4203125 0.28671875 0.1015625 0.134375
0 0.48828125 0.34453125 0.10078125 0.15078125
0 0.20625 0.83125 0.0875 0.12578125
0 0.8375 0.1796875 0.12265625 0.15078125
0 0.6703125 0.81953125 0.0875 0.140625
0 0.08359375 0.721875 0.07578125 0.140625
0 0.40625 0.11875 0.11015625 0.115625
0 0.546875 0.80625 0.10234375 0.103125
0 0.28828125 0.17890625 0.12109375 0.15859375
0 0.74921875 0.91875 0.08046875 0.15390625
0 0.5875 0.73515625 0.10703125 0.11171875
0 0.33984375 0.85078125 0.0578125 0.178125
0 0.425 0.85625 0.07890625 0.18125
0 0.7984375 0.58203125 0.0921875 0.1296875