0 0.44375 0.52421875 0.13046875 0.1578125
0 0.55546875 0.5296875 0.11328125 0.20859375
0 0.5953125 0.22265625 0.09609375 0.17421875
0 0.40390625 0.2796875 0.1171875 0.1890625
0 0.2953125 0.58984375 0.1140625 0.1796875
0 0.86015625 0.48828125 0.09921875 0.1484375
0 0.77734375 0.60625 0.08515625 0.2390625
0 0.16015625 0.11484375 0.1109375 0.16484375
0 0.26328125 0.778125 0.09140625 0.17109375
0 0.43828125 0.784375 0.0765625 0.19765625
0 0.21015625 0.28359375 0.11328125 0.1328125
0 0.1328125 0.7859375 0.08125 0.18046875
0 0.66484375 0.0484375 0.1203125 0.096875