0 0.35078125 0.4921875 0.0921875 0.10859375
0 0.18984375 0.2625 0.07890625 0.128125
0 0.46875 0.7609375 0.0828125 0.11171875
0 0.65 0.28359375 0.0859375 0.1109375
0 0.384375 0.7046875 0.0765625 0.1546875
0 0.08671875 0.315625 0.0765625 0.1484375
0 0.41640625 0.36171875 0.0671875 0.14921875
0 0.8 0.59453125 0.075 0.12421875
0 0.76875 0.47421875 0.0671875 0.1234375
0 0.040625 0.14140625 0.07265625 0.125
0 0.4640625 0.1875 0.0921875 0.11171875
0 0.9421875 0.39921875 0.0703125 0.14296875
0 0.58984375 0.2359375 0.0578125 0.14453125
0 0.6875 0.1546875 0.08203125 0.10390625
0 0.94375 0.4921875 0.071875 0.13671875
0 0.11484375 0.7625 0.06015625 0.115625
0 0.21875 0.83515625 0.0734375 0.15
0 0.89140625 0.228125 0.0546875 0.11328125
0 0.959375 0.61015625 0.0734375 0.12734375
0 0.90078125 0.5953125 0.075 0.13671875
0 0.82265625 0.50234375 0.05546875 0.12734375
0 0.32109375 0.2515625 0.06640625 0.13671875
0 0.909375 0.1421875 0.07265625 0.08203125
0 0.32890625 0.9671875 0.0984375 0.065625
0 0.48671875 0.9421875 0.11328125 0.1125
0 0.7625 0.2046875 0.05234375 0.09296875
0 0.11640625 0.05234375 0.08984375 0.10234375
0 0.43984375 0.2515625 0.05703125 0.13515625
0 0.60859375 0.08515625 0.0703125 0.109375
0 0.16015625 0.82265625 0.0671875 0.1359375
0 0.184375 0.93984375 0.06875 0.1203125
0 0.29765625 0.10390625 0.0515625 0.1390625
0 0.384375 0.20859375 0.06875 0.0765625
0 0.82578125 0.2296875 0.07109375 0.08203125