0 0.7859375 0.23203125 0.05 0.11640625
0 0.8359375 0.1046875 0.078125 0.096875
0 0.421875 0.3203125 0.0578125 0.1296875
0 0.6453125 0.2796875 0.06171875 0.12890625
0 0.571875 0.83125 0.06640625 0.13671875
0 0.67421875 0.10859375 0.06796875 0.0765625
0 0.3328125 0.6375 0.0515625 0.12890625
0 0.1140625 0.384375 0.05 0.096875
0 0.65 0.5625 0.06015625 0.140625
0 0.634375 0.68515625 0.071875 0.15625
0 0.32109375 0.26953125 0.0796875 0.109375
0 0.40703125 0.23046875 0.06875 0.0984375
0 0.32265625 0.56875 0.0546875 0.11015625
0 0.1203125 0.275 0.04765625 0.12265625
0 0.8015625 0.3546875 0.0921875 0.1421875
0 0.94609375 0.08984375 0.0953125 0.14609375
0 0.3125 0.15078125 0.06796875 0.10390625
0 0.3921875 0.1078125 0.0765625 0.07265625