0 0.20390625 0.0421875 0.07421875 0.084375
0 0.31015625 0.06328125 0.07109375 0.0984375
0 0.375 0.0625 0.065625 0.125
0 0.44296875 0.03515625 0.07578125 0.0703125
0 0.44140625 0.1046875 0.05859375 0.10625
0 0.47734375 0.134375 0.0328125 0.11640625
0 0.534375 0.16796875 0.08828125 0.1046875
0 0.753125 0.1453125 0.0734375 0.09375
0 0.3015625 0.16171875 0.0859375 0.09140625
0 0.540625 0.05703125 0.0671875 0.1078125
0 0.87578125 0.15859375 0.078125 0.090625
0 0.76484375 0.234375 0.07421875 0.09609375
0 0.6828125 0.03984375 0.07578125 0.07890625
0 0.61328125 0.434375 0.078125 0.1171875
0 0.96328125 0.03125 0.0578125 0.0625
0 0.95703125 0.303125 0.0625 0.09140625
0 0.96171875 0.19140625 0.06484375 0.075
0 0.259375 0.4171875 0.08046875 0.10078125
0 0.609375 0.078125 0.07890625 0.1328125
0 0.74140625 0.5734375 0.0609375 0.1109375
0 0.15078125 0.3984375 0.0703125 0.1296875
0 0.10390625 0.6421875 0.08515625 0.11484375
0 0.48046875 0.46953125 0.09140625 0.09140625
0 0.3125 0.475 0.0734375 0.11953125
0 0.43515625 0.525 0.0734375 0.12265625
0 0.91484375 0.1 0.06328125 0.11640625
0 0.909375 0.55859375 0.078125 0.11015625
0 0.2734375 0.65703125 0.0828125 0.1078125
0 0.76875 0.04609375 0.05078125 0.09140625
0 0.2171875 0.6140625 0.06171875 0.1359375
0 0.82890625 0.0578125 0.04609375 0.10859375
0 0.15390625 0.53046875 0.09609375 0.10390625
0 0.9640625 0.51640625 0.059375 0.11640625
0 0.4671875 0.6484375 0.0796875 0.125
0 0.70390625 0.0953125 0.0765625 0.0953125
0 0.096875 0.81796875 0.06953125 0.1609375
0 0.85859375 0.725 0.07734375 0.12734375
0 0.7640625 0.67109375 0.09609375 0.1015625
0 0.15 0.76484375 0.08046875 0.13515625
0 0.6 0.2875 0.075 0.10859375
0 0.95703125 0.665625 0.0640625 0.09609375
0 0.659375 0.603125 0.05546875 0.11640625
0 0.3671875 0.525 0.06015625 0.13125
0 0.02890625 0.4171875 0.0578125 0.1515625
0 0.7984375 0.753125 0.07109375 0.0984375
0 0.52421875 0.928125 0.07890625 0.1171875
0 0.428125 0.41015625 0.05390625 0.1078125
0 0.34296875 0.73359375 0.07265625 0.1140625
0 0.5046875 0.81875 0.08515625 0.12890625
0 0.8609375 0.2984375 0.05 0.06171875
0 0.82734375 0.2796875 0.05 0.0875
0 0.621875 0.64375 0.084375 0.115625
0 0.46171875 0.275 0.06875 0.10078125
0 0.22421875 0.2890625 0.07734375 0.09140625
0 0.5421875 0.33671875 0.06015625 0.08984375
0 0.3125 0.39140625 0.0515625 0.08046875
0 0.67890625 0.94765625 0.0703125 0.1046875
0 0.28125 0.925 0.12421875 0.14375
0 0.62890625 0.8296875 0.0953125 0.1078125
0 0.8015625 0.54296875 0.04921875 0.0765625
0 0.0265625 0.271875 0.053125 0.10625
0 0.74140625 0.45078125 0.04375 0.1109375
0 0.86875 0.584375 0.05 0.165625
0 0.975 0.9046875 0.05 0.10703125
0 0.14453125 0.9578125 0.071875 0.08125
0 0.265625 0.2375 0.06953125 0.11953125
0 0.8390625 0.96875 0.07734375 0.0625
0 0.478125 0.96484375 0.07109375 0.06640625
0 0.98359375 0.8171875 0.0328125 0.08046875
0 0.85859375 0.47890625 0.0453125 0.0984375
0 0.909375 0.45 0.05625 0.0375
0 0.06484375 0.96953125 0.06484375 0.0609375
0 0.928125 0.9671875 0.07890625 0.065625