0 0.57578125 0.62265625 0.09296875 0.1546875
0 0.65078125 0.63984375 0.0671875 0.17109375
0 0.68671875 0.6671875 0.07734375 0.13828125
0 0.209375 0.63125 0.07734375 0.12421875
0 0.7 0.4203125 0.05859375 0.12890625
0 0.2359375 0.49765625 0.06328125 0.1546875
0 0.1578125 0.7484375 0.065625 0.14921875
0 0.0984375 0.5578125 0.07578125 0.12109375
0 0.51484375 0.16875 0.06015625 0.10625
0 0.32890625 0.45078125 0.065625 0.1046875
0 0.88828125 0.04765625 0.08203125 0.0953125
0 0.465625 0.53828125 0.05859375 0.13203125
0 0.1484375 0.1015625 0.07578125 0.12265625
0 0.32421875 0.79609375 0.071875 0.13671875
0 0.3609375 0.50234375 0.05390625 0.1046875
0 0.371875 0.93671875 0.0828125 0.109375
0 0.6625 0.915625 0.06875 0.1640625
0 0.50859375 0.41953125 0.0671875 0.11484375
0 0.4109375 0.55078125 0.075 0.12578125
0 0.34609375 0.89453125 0.09375 0.09609375
0 0.7765625 0.3421875 0.07578125 0.0984375
0 0.81328125 0.54609375 0.0734375 0.12578125
0 0.071875 0.81171875 0.0671875 0.165625
0 0.6234375 0.12890625 0.078125 0.11015625
0 0.02421875 0.57890625 0.04765625 0.12109375
0 0.746875 0.0265625 0.05625 0.053125
0 0.67109375 0.290625 0.08515625 0.1125
0 0.78671875 0.15625 0.0984375 0.078125
0 0.95234375 0.12109375 0.0484375 0.10234375
0 0.9421875 0.45703125 0.078125 0.1265625
0 0.86484375 0.46484375 0.07421875 0.1234375
0 0.85 0.31953125 0.046875 0.09296875
0 0.9703125 0.3484375 0.059375 0.10390625
0 0.29140625 0.18125 0.0984375 0.08828125
0 0.36953125 0.06328125 0.0609375 0.11015625
0 0.46328125 0.17421875 0.05859375 0.0984375
0 0.578125 0.0328125 0.075 0.065625
0 0.34765625 0.36171875 0.08046875 0.0765625
0 0.06484375 0.4921875 0.0671875 0.09375