0 0.0640625 0.146875 0.075 0.18828125
0 0.2046875 0.1703125 0.08515625 0.08671875
0 0.303125 0.14921875 0.05859375 0.17578125
0 0.35859375 0.31875 0.0703125 0.153125
0 0.35703125 0.771875 0.09609375 0.11875
0 0.44921875 0.24453125 0.04453125 0.15859375
0 0.38125 0.17109375 0.096875 0.0859375
0 0.34921875 0.078125 0.0484375 0.078125
0 0.48203125 0.0640625 0.04609375 0.06875
0 0.5328125 0.14609375 0.08125 0.10859375
0 0.49609375 0.20234375 0.09765625 0.11484375
0 0.7828125 0.11640625 0.11796875 0.0828125
0 0.8125 0.2078125 0.109375 0.109375
0 0.8484375 0.31328125 0.04375 0.14140625
0 0.903125 0.3015625 0.06015625 0.153125
0 0.93984375 0.17265625 0.06328125 0.07578125
0 0.71796875 0.96953125 0.1015625 0.0609375
0 0.8359375 0.92421875 0.07421875 0.10078125
0 0.93828125 0.915625 0.08203125 0.08203125
0 0.95390625 0.97734375 0.0765625 0.0453125
0 0.62109375 0.028125 0.06484375 0.05625