0 0.89453125 0.10234375 0.06953125 0.1390625
0 0.94140625 0.334375 0.0828125 0.13125
0 0.39921875 0.359375 0.1015625 0.13671875
0 0.115625 0.06875 0.0640625 0.13203125
0 0.75703125 0.43984375 0.1046875 0.1375
0 0.49296875 0.2484375 0.08359375 0.15234375
0 0.38359375 0.0984375 0.1171875 0.159375
0 0.290625 0.38203125 0.08671875 0.1265625
0 0.71171875 0.5296875 0.11640625 0.1015625
0 0.44765625 0.15703125 0.10859375 0.11875
0 0.77578125 0.18359375 0.12421875 0.1734375
0 0.053125 0.28203125 0.1046875 0.10859375
0 0.8140625 0.89375 0.05625 0.1078125
0 0.775 0.05546875 0.1234375 0.10546875
0 0.125 0.5890625 0.075 0.20234375
0 0.39609375 0.7625 0.08828125 0.15703125
0 0.12265625 0.86796875 0.09453125 0.171875
0 0.92109375 0.85234375 0.10546875 0.10703125
0 0.26484375 0.80625 0.07578125 0.159375
0 0.04296875 0.534375 0.0859375 0.12578125
0 0.5921875 0.7921875 0.0625 0.15078125
0 0.9640625 0.759375 0.0625 0.21484375
0 0.3234375 0.71875 0.0859375 0.12578125
0 0.45546875 0.8921875 0.0921875 0.10234375
0 0.29609375 0.8859375 0.1171875 0.125
0 0.2515625 0.05859375 0.103125 0.11640625
0 0.46796875 0.75234375 0.0609375 0.1484375
0 0.521875 0.8015625 0.040625 0.18515625
0 0.58125 0.92265625 0.06640625 0.0921875
0 0.16953125 0.959375 0.10078125 0.08125
0 0.02734375 0.73125 0.0546875 0.09765625
0 0.0328125 0.89921875 0.065625 0.10703125
0 0.046875 0.96953125 0.09375 0.0609375
0 0.31640625 0.965625 0.14296875 0.06875