0 0.434375 0.05859375 0.09296875 0.11484375
0 0.55625 0.175 0.05703125 0.15859375
0 0.828125 0.10625 0.11875 0.13046875
0 0.84375 0.39921875 0.09375 0.15390625
0 0.4296875 0.38359375 0.1125 0.1640625
0 0.03125 0.1359375 0.0625 0.19453125
0 0.909375 0.62578125 0.08671875 0.19140625
0 0.3546875 0.503125 0.08046875 0.15859375
0 0.25390625 0.31640625 0.10859375 0.15234375
0 0.38515625 0.83125 0.10703125 0.16328125
0 0.5890625 0.8375 0.1 0.15625
0 0.14140625 0.621875 0.06796875 0.19921875
0 0.625 0.39765625 0.07578125 0.22109375
0 0.24453125 0.63359375 0.08671875 0.1390625
0 0.76796875 0.87109375 0.11796875 0.17890625
0 0.09296875 0.77734375 0.06953125 0.21015625
0 0.03125 0.62265625 0.06015625 0.11015625
0 0.03203125 0.8953125 0.06328125 0.1828125
0 0.96640625 0.81484375 0.06640625 0.1375
0 0.25234375 0.43046875 0.09375 0.1328125