0 0.6875 0.3921875 0.07578125 0.19140625
0 0.771875 0.3296875 0.07578125 0.265625
0 0.475 0.1453125 0.07421875 0.14453125
0 0.8234375 0.10390625 0.1109375 0.1484375
0 0.87734375 0.2453125 0.10703125 0.15
0 0.3734375 0.1015625 0.04765625 0.1390625
0 0.91484375 0.5578125 0.08203125 0.140625
0 0.5140625 0.80234375 0.0625 0.15625
0 0.89921875 0.66171875 0.07421875 0.146875
0 0.29453125 0.36328125 0.0625 0.1390625
0 0.54609375 0.47421875 0.07109375 0.16796875
0 0.971875 0.52265625 0.05625 0.16953125
0 0.65390625 0.9265625 0.0671875 0.146875
0 0.7578125 0.88046875 0.07890625 0.140625
0 0.5140625 0.440625 0.06328125 0.125
0 0.2890625 0.51953125 0.059375 0.175
0 0.2015625 0.79609375 0.06328125 0.15859375
0 0.33828125 0.89140625 0.071875 0.14375
0 0.86875 0.775 0.0703125 0.1421875
0 0.696875 0.73046875 0.096875 0.1828125
0 0.9640625 0.8734375 0.07109375 0.17421875
0 0.41328125 0.87265625 0.0703125 0.1203125
0 0.03359375 0.7359375 0.04296875 0.140625
0 0.14140625 0.8234375 0.06015625 0.1359375
0 0.209375 0.65078125 0.06328125 0.15
0 0.221875 0.28828125 0.05703125 0.1546875
0 0.45703125 0.05 0.0515625 0.0984375
0 0.36484375 0.7078125 0.078125 0.165625
0 0.2015625 0.071875 0.08984375 0.1015625