0 0.23828125 0.36015625 0.07578125 0.17578125
0 0.49140625 0.18203125 0.0765625 0.21015625
0 0.15703125 0.321875 0.075 0.19296875
0 0.83984375 0.2796875 0.078125 0.16953125
0 0.79453125 0.92109375 0.08203125 0.15703125
0 0.59453125 0.225 0.0671875 0.1859375
0 0.5375 0.28671875 0.0765625 0.19140625
0 0.02421875 0.8328125 0.04765625 0.12265625
0 0.11328125 0.5859375 0.07734375 0.1765625
0 0.396875 0.51796875 0.11796875 0.1140625
0 0.63671875 0.56015625 0.07578125 0.1921875
0 0.0796875 0.96171875 0.0984375 0.07578125
0 0.3328125 0.9640625 0.09765625 0.071875