0 0.59921875 0.40546875 0.0921875 0.1
0 0.68125 0.5078125 0.07265625 0.14609375
0 0.6015625 0.603125 0.09296875 0.121875
0 0.45 0.721875 0.071875 0.1359375
0 0.265625 0.5578125 0.06875 0.14765625
0 0.21171875 0.70390625 0.0703125 0.14765625
0 0.12265625 0.51171875 0.053125 0.15546875
0 0.7875 0.7453125 0.06484375 0.16171875
0 0.8453125 0.746875 0.07109375 0.18203125
0 0.5375 0.92109375 0.06796875 0.146875
0 0.71875 0.7875 0.06640625 0.1609375
0 0.765625 0.5765625 0.065625 0.13984375
0 0.12109375 0.69140625 0.06171875 0.140625
0 0.5953125 0.8390625 0.06484375 0.2203125
0 0.04609375 0.6015625 0.0578125 0.10390625
0 0.33828125 0.75 0.0703125 0.13125
0 0.2265625 0.86171875 0.05625 0.16328125
0 0.48515625 0.1921875 0.08046875 0.09609375
0 0.940625 0.13828125 0.096875 0.12890625
0 0.1765625 0.84140625 0.06328125 0.11953125
0 0.4296875 0.9125 0.06953125 0.12421875
0 0.49140625 0.3890625 0.0625 0.18515625
0 0.090625 0.784375 0.0578125 0.175
0 0.28125 0.3578125 0.065625 0.171875
0 0.4078125 0.4859375 0.05703125 0.159375
0 0.56484375 0.0828125 0.0796875 0.1015625
0 0.36328125 0.90703125 0.059375 0.175
0 0.9296875 0.86640625 0.1171875 0.128125
0 0.1390625 0.28671875 0.05859375 0.10703125
0 0.2859375 0.921875 0.078125 0.121875
0 0.31796875 0.67421875 0.053125 0.16015625
0 0.5515625 0.1734375 0.06875 0.1109375
0 0.66328125 0.09453125 0.0578125 0.1828125
0 0.36328125 0.490625 0.05546875 0.153125
0 0.040625 0.7375 0.05859375 0.11328125
0 0.86171875 0.5015625 0.0875 0.12265625
0 0.0375 0.8359375 0.0734375 0.1046875
0 0.3234375 0.47890625 0.05078125 0.1421875
0 0.571875 0.33125 0.09140625 0.06953125
0 0.265625 0.1703125 0.06640625 0.08984375
0 0.796875 0.07421875 0.1125 0.115625
0 0.9265625 0.33046875 0.096875 0.10546875
0 0.86015625 0.2234375 0.06796875 0.11875
0 0.865625 0.4 0.0671875 0.1015625
0 0.775 0.20078125 0.084375 0.1125
0 0.34140625 0.0578125 0.06875 0.115625