0 0.59609375 0.38515625 0.11484375 0.146875
0 0.590625 0.66875 0.10546875 0.1390625
0 0.41015625 0.1546875 0.10859375 0.1578125
0 0.23671875 0.15625 0.11484375 0.1515625
0 0.55703125 0.253125 0.096875 0.15625
0 0.80390625 0.11875 0.1078125 0.1453125
0 0.11171875 0.425 0.13984375 0.1921875
0 0.63125 0.096875 0.08671875 0.16328125
0 0.809375 0.87578125 0.103125 0.13515625
0 0.19375 0.73203125 0.09140625 0.17890625
0 0.896875 0.65234375 0.09296875 0.07109375
0 0.04296875 0.5609375 0.0828125 0.17265625
0 0.0328125 0.73984375 0.0625 0.1890625
0 0.521875 0.140625 0.121875 0.12890625
0 0.7953125 0.7234375 0.09921875 0.1078125
0 0.5609375 0.046875 0.09375 0.09375