0 0.15078125 0.28046875 0.09140625 0.1640625
0 0.234375 0.30078125 0.10078125 0.134375
0 0.35390625 0.3859375 0.0796875 0.17734375
0 0.73828125 0.321875 0.084375 0.1390625
0 0.92890625 0.5671875 0.06640625 0.1921875
0 0.27890625 0.7 0.09609375 0.140625
0 0.74375 0.12890625 0.078125 0.1546875
0 0.08984375 0.696875 0.11484375 0.1484375
0 0.3953125 0.56484375 0.12890625 0.125
0 0.46796875 0.70390625 0.0703125 0.18828125
0 0.85546875 0.459375 0.07109375 0.1515625
0 0.96953125 0.8140625 0.0609375 0.20546875
0 0.85859375 0.79375 0.07109375 0.1484375
0 0.7234375 0.9125 0.07421875 0.17421875
0 0.28203125 0.42890625 0.0984375 0.2375
0 0.1765625 0.896875 0.0984375 0.17421875
0 0.534375 0.61015625 0.0859375 0.18359375
0 0.57109375 0.459375 0.0703125 0.1953125
0 0.39609375 0.809375 0.09609375 0.14609375
0 0.27265625 0.83359375 0.11640625 0.14140625
0 0.815625 0.6390625 0.0703125 0.1515625
0 0.71015625 0.4796875 0.07734375 0.13671875
0 0.76953125 0.75078125 0.11015625 0.1203125
0 0.5796875 0.06484375 0.10703125 0.12421875
0 0.659375 0.51640625 0.0859375 0.1734375
0 0.6296875 0.68515625 0.11171875 0.20859375
0 0.8 0.48125 0.078125 0.1640625
0 0.3953125 0.965625 0.06640625 0.0625
0 0.75 0.6265625 0.06953125 0.15390625
0 0.6078125 0.5328125 0.071875 0.13046875
0 0.03359375 0.96015625 0.065625 0.07890625
0 0.75859375 0.48359375 0.0484375 0.15703125