0 0.5890625 0.5375 0.15234375 0.20859375
0 0.365625 0.62578125 0.103125 0.1734375
0 0.2734375 0.60625 0.0859375 0.178125
0 0.1328125 0.66171875 0.12265625 0.23671875
0 0.05 0.5515625 0.0859375 0.20390625
0 0.1015625 0.4296875 0.10546875 0.175
0 0.78203125 0.42734375 0.0859375 0.19765625
0 0.4234375 0.775 0.1140625 0.16171875
0 0.21015625 0.3125 0.1125 0.16875
0 0.634375 0.703125 0.10625 0.14921875
0 0.89921875 0.47734375 0.09296875 0.15234375
0 0.35546875 0.259375 0.1015625 0.14765625
0 0.2609375 0.1625 0.0953125 0.171875
0 0.11015625 0.12109375 0.090625 0.1640625
0 0.96171875 0.384375 0.0765625 0.1546875
0 0.03359375 0.15078125 0.0671875 0.14453125
0 0.340625 0.8734375 0.06640625 0.1953125