0 0.29765625 0.45390625 0.11171875 0.1203125
0 0.446875 0.4765625 0.1046875 0.1296875
0 0.05390625 0.26953125 0.096875 0.11875
0 0.6359375 0.2703125 0.09609375 0.1171875
0 0.3296875 0.21953125 0.1046875 0.14140625
0 0.7671875 0.56484375 0.096875 0.11953125
0 0.5875 0.575 0.0796875 0.16171875
0 0.2453125 0.11328125 0.10546875 0.11640625
0 0.65 0.42578125 0.0703125 0.11484375
0 0.0875 0.190625 0.09296875 0.12734375
0 0.73671875 0.9546875 0.11796875 0.0890625
0 0.09296875 0.76875 0.1109375 0.15546875
0 0.3734375 0.95078125 0.07890625 0.09765625
0 0.12890625 0.10859375 0.1109375 0.128125
0 0.30625 0.04453125 0.10078125 0.0859375
0 0.70703125 0.08671875 0.0671875 0.1734375
0 0.48828125 0.953125 0.0953125 0.09140625
0 0.39140625 0.0640625 0.07734375 0.125
0 0.6421875 0.08671875 0.07734375 0.1546875
0 0.48828125 0.7515625 0.07578125 0.2203125
0 0.96328125 0.884375 0.0734375 0.16875
0 0.88125 0.82578125 0.08671875 0.1890625
0 0.02578125 0.1015625 0.05078125 0.14140625
0 0.80546875 0.86484375 0.07734375 0.15078125
0 0.0359375 0.846875 0.07109375 0.16875
0 0.11875 0.93984375 0.0625 0.1203125