0 0.63203125 0.0875 0.10859375 0.146875
0 0.4265625 0.1453125 0.128125 0.16484375
0 0.71640625 0.79296875 0.08828125 0.15703125
0 0.09765625 0.45859375 0.1203125 0.14140625
0 0.07109375 0.6484375 0.125 0.15234375
0 0.5828125 0.88671875 0.090625 0.11640625
0 0.2078125 0.26953125 0.11171875 0.134375
0 0.1359375 0.8734375 0.07421875 0.171875
0 0.2671875 0.884375 0.078125 0.1484375
0 0.83671875 0.878125 0.11328125 0.1078125
0 0.940625 0.903125 0.10546875 0.1359375
0 0.22890625 0.065625 0.1 0.128125
0 0.0328125 0.88984375 0.06328125 0.125
0 0.19375 0.153125 0.1125 0.14296875
0 0.71953125 0.88203125 0.0640625 0.1078125
0 0.98359375 0.1671875 0.0328125 0.15859375