0 0.40703125 0.31015625 0.0703125 0.17734375
0 0.20859375 0.275 0.06875 0.184375
0 0.26015625 0.21484375 0.06875 0.16953125
0 0.46796875 0.42578125 0.07890625 0.16796875
0 0.3625 0.07734375 0.1109375 0.1546875
0 0.06328125 0.6453125 0.06875 0.178125
0 0.178125 0.1421875 0.06875 0.15625
0 0.03046875 0.6015625 0.06015625 0.18125
0 0.63046875 0.19609375 0.09921875 0.14765625
0 0.1875 0.45625 0.08359375 0.16640625
0 0.19921875 0.7359375 0.0671875 0.18828125
0 0.5515625 0.36953125 0.08203125 0.1890625
0 0.3265625 0.2296875 0.103125 0.1234375
0 0.109375 0.459375 0.08203125 0.1921875
0 0.4640625 0.18359375 0.0859375 0.1640625
0 0.1296875 0.23671875 0.090625 0.15390625
0 0.46171875 0.31953125 0.08515625 0.14140625
0 0.3109375 0.59765625 0.0640625 0.19375
0 0.73125 0.8328125 0.06796875 0.23515625
0 0.315625 0.11484375 0.09453125 0.1265625
0 0.546875 0.878125 0.07578125 0.19140625
0 0.4234375 0.06328125 0.078125 0.125
0 0.14453125 0.65625 0.1125 0.1625
0 0.3234375 0.35 0.1140625 0.140625
0 0.10078125 0.7953125 0.07421875 0.15078125
0 0.56015625 0.12890625 0.08828125 0.1671875
0 0.24296875 0.09140625 0.0890625 0.1296875
0 0.85703125 0.521875 0.08046875 0.2359375
0 0.07421875 0.9015625 0.08359375 0.17109375
0 0.0953125 0.1328125 0.090625 0.12578125
0 0.7796875 0.8109375 0.07421875 0.240625
0 0.028125 0.1203125 0.05546875 0.134375
0 0.865625 0.83359375 0.08359375 0.19375
0 0.51640625 0.5171875 0.10546875 0.14609375
0 0.62734375 0.79453125 0.13984375 0.22421875
0 0.0609375 0.3453125 0.0875 0.13203125
0 0.7859375 0.5796875 0.12265625 0.23046875
0 0.4421875 0.76015625 0.075 0.209375
0 0.6453125 0.49140625 0.121875 0.1625
0 0.92265625 0.321875 0.075 0.203125
0 0.68515625 0.13828125 0.11171875 0.140625
0 0.2703125 0.8515625 0.0828125 0.1328125
0 0.815625 0.36484375 0.11796875 0.13515625
0 0.9609375 0.94609375 0.06875 0.1078125
0 0.29375 0.48828125 0.09375 0.16484375
0 0.9140625 0.09609375 0.10625 0.1296875
0 0.63515625 0.93984375 0.14609375 0.09765625