0 0.50859375 0.56484375 0.0890625 0.07421875
0 0.79765625 0.18359375 0.0640625 0.16484375
0 0.11953125 0.11640625 0.0640625 0.1140625
0 0.81484375 0.05703125 0.0671875 0.11328125
0 0.31796875 0.41640625 0.05625 0.10859375
0 0.72734375 0.16328125 0.0859375 0.1109375
0 0.0703125 0.89375 0.04765625 0.1296875
0 0.16796875 0.1859375 0.04296875 0.11953125
0 0.24453125 0.03671875 0.0609375 0.0734375
0 0.290625 0.80859375 0.0640625 0.16640625
0 0.96796875 0.8265625 0.06328125 0.171875
0 0.19375 0.1125 0.06171875 0.0875
0 0.16796875 0.89921875 0.0734375 0.10859375
0 0.94375 0.68046875 0.096875 0.103125
0 0.20390625 0.76015625 0.0546875 0.16328125