0 0.5015625 0.0640625 0.065625 0.128125
0 0.09140625 0.103125 0.0765625 0.1125
0 0.18984375 0.11484375 0.0796875 0.09453125
0 0.16015625 0.04921875 0.0828125 0.03828125
0 0.76875 0.0796875 0.05625 0.09296875
0 0.93828125 0.08125 0.0421875 0.1125
0 0.73828125 0.49765625 0.0640625 0.0953125
0 0.653125 0.70546875 0.04375 0.1359375
0 0.56796875 0.75625 0.05859375 0.165625
0 0.52421875 0.7703125 0.04296875 0.184375
0 0.4703125 0.73515625 0.06328125 0.1265625
0 0.2515625 0.62890625 0.09140625 0.13125
0 0.92265625 0.4734375 0.0625 0.1171875
0 0.37421875 0.84921875 0.071875 0.14296875
0 0.84453125 0.43828125 0.0640625 0.12109375
0 0.5578125 0.5640625 0.08515625 0.1359375
0 0.921875 0.6671875 0.05546875 0.12734375
0 0.81484375 0.77890625 0.05390625 0.16484375
0 0.8796875 0.6625 0.05546875 0.10859375
0 0.3265625 0.646875 0.059375 0.09296875
0 0.9765625 0.54765625 0.046875 0.1484375
0 0.24375 0.8875 0.08359375 0.15390625
0 0.5921875 0.33828125 0.07890625 0.1171875
0 0.17734375 0.80234375 0.06875 0.19375
0 0.52265625 0.39453125 0.05703125 0.1671875
0 0.76328125 0.32734375 0.07109375 0.14921875
0 0.7609375 0.725 0.06640625 0.1125
0 0.6328125 0.8296875 0.05234375 0.12578125
0 0.78984375 0.90859375 0.06796875 0.1359375
0 0.53515625 0.94921875 0.06015625 0.1015625
0 0.90703125 0.31640625 0.0453125 0.1359375
0 0.11015625 0.89921875 0.08203125 0.171875
0 0.9578125 0.76875 0.07109375 0.11015625
0 0.040625 0.71953125 0.071875 0.18046875
0 0.22578125 0.359375 0.08984375 0.1046875
0 0.11328125 0.38671875 0.06328125 0.11640625
0 0.03671875 0.50703125 0.0734375 0.12109375
0 0.72265625 0.7625 0.0828125 0.18046875
0 0.68984375 0.89609375 0.05625 0.1390625
0 0.446875 0.4015625 0.0625 0.17578125
0 0.9703125 0.271875 0.046875 0.184375
0 0.3765625 0.3953125 0.05078125 0.16328125
0 0.8234375 0.29765625 0.06171875 0.13046875
0 0.91953125 0.859375 0.06796875 0.1484375
0 0.965625 0.9171875 0.053125 0.1421875
0 0.809375 0.17109375 0.0546875 0.08125
0 0.73359375 0.27578125 0.05546875 0.06953125
0 0.88046875 0.26015625 0.06484375 0.1046875
0 0.259375 0.43671875 0.059375 0.14609375
0 0.509375 0.21640625 0.0640625 0.08046875
0 0.02578125 0.37734375 0.0515625 0.0859375
0 0.6015625 0.8640625 0.053125 0.1734375
0 0.30625 0.403125 0.05390625 0.1828125
0 0.06015625 0.25546875 0.0640625 0.07421875
0 0.43203125 0.97578125 0.07265625 0.04765625
0 0.1421875 0.234375 0.0671875 0.11484375
0 0.34453125 0.2359375 0.06015625 0.10234375
0 0.59765625 0.95703125 0.0453125 0.0859375
0 0.72265625 0.959375 0.04140625 0.08125
0 0.05546875 0.86640625 0.0765625 0.1171875
0 0.0171875 0.9078125 0.02734375 0.184375
0 0.178125 0.01875 0.09453125 0.0375
0 0.55625 0.021875 0.03984375 0.04375