0 0.5125 0.9 0.0609375 0.11484375
0 0.5859375 0.7359375 0.078125 0.125
0 0.71796875 0.77890625 0.0796875 0.08359375
0 0.7296875 0.87109375 0.06875 0.10703125
0 0.80078125 0.77734375 0.07265625 0.10390625
0 0.88203125 0.70390625 0.06953125 0.0921875
0 0.9265625 0.815625 0.06484375 0.109375
0 0.81796875 0.66328125 0.05625 0.09296875
0 0.853125 0.55078125 0.0671875 0.0921875
0 0.97734375 0.8125 0.0453125 0.1
0 0.41484375 0.7359375 0.0578125 0.10625
0 0.5859375 0.628125 0.09140625 0.121875
0 0.62734375 0.5203125 0.0734375 0.10078125
0 0.7359375 0.6765625 0.0640625 0.1296875
0 0.5078125 0.6625 0.065625 0.125
0 0.93671875 0.67109375 0.059375 0.11796875
0 0.803125 0.55546875 0.04453125 0.115625
0 0.68046875 0.50859375 0.040625 0.134375