0 0.27890625 0.44375 0.07265625 0.1640625
0 0.3375 0.6359375 0.0921875 0.1390625
0 0.11875 0.3375 0.0703125 0.19765625
0 0.4015625 0.85859375 0.0765625 0.178125
0 0.89140625 0.89140625 0.05 0.115625
0 0.2546875 0.80546875 0.06875 0.121875
0 0.03828125 0.12578125 0.05390625 0.15703125
0 0.7125 0.87421875 0.06484375 0.121875
0 0.46640625 0.825 0.059375 0.10390625
0 0.34453125 0.821875 0.07890625 0.13125
0 0.059375 0.27109375 0.08984375 0.11953125
0 0.52578125 0.928125 0.05859375 0.096875
0 0.0875 0.93125 0.06953125 0.13515625
0 0.490625 0.9453125 0.05625 0.10859375
0 0.10625 0.8109375 0.115625 0.12890625
0 0.86171875 0.55390625 0.0859375 0.1078125