0 0.03984375 0.0453125 0.0796875 0.090625
0 0.028125 0.13671875 0.05625 0.1171875
0 0.26953125 0.115625 0.1171875 0.11484375
0 0.30625 0.171875 0.05546875 0.140625
0 0.35859375 0.1234375 0.0546875 0.15078125
0 0.403125 0.2234375 0.05625 0.16953125
0 0.48125 0.1640625 0.09375 0.103125
0 0.4578125 0.0515625 0.06484375 0.103125
0 0.659375 0.1171875 0.06484375 0.165625
0 0.62890625 0.18515625 0.08671875 0.1296875
0 0.59453125 0.253125 0.0953125 0.115625
0 0.57109375 0.37734375 0.0703125 0.1421875
0 0.49453125 0.44140625 0.0765625 0.15546875
0 0.28125 0.33828125 0.07265625 0.1515625
0 0.72578125 0.34921875 0.065625 0.1796875
0 0.40859375 0.3890625 0.0859375 0.11953125
0 0.2078125 0.39765625 0.075 0.17734375
0 0.6734375 0.3359375 0.0578125 0.13125
0 0.66015625 0.88984375 0.07890625 0.175
0 0.6515625 0.73125 0.0796875 0.15703125
0 0.79609375 0.178125 0.06484375 0.115625
0 0.0453125 0.43671875 0.0671875 0.17421875
0 0.896875 0.24765625 0.06953125 0.15390625
0 0.15703125 0.3546875 0.08359375 0.13046875
0 0.11875 0.44609375 0.10078125 0.1328125
0 0.1328125 0.140625 0.078125 0.146875
0 0.84375 0.2203125 0.06484375 0.14296875
0 0.96484375 0.178125 0.0703125 0.1125
0 0.7546875 0.134375 0.07421875 0.11875
0 0.8609375 0.69375 0.0765625 0.16484375
0 0.903125 0.48203125 0.0984375 0.15078125
0 0.0921875 0.340625 0.06796875 0.12109375
0 0.9515625 0.0875 0.0484375 0.11953125
0 0.41875 0.65390625 0.0828125 0.1515625
0 0.7703125 0.903125 0.0859375 0.184375
0 0.86640625 0.4828125 0.0328125 0.090625
0 0.11953125 0.93515625 0.0890625 0.1296875
0 0.94375 0.86328125 0.05078125 0.1203125
0 0.94921875 0.9703125 0.0578125 0.059375
0 0.60078125 0.97578125 0.0703125 0.0484375
0 0.8265625 0.93671875 0.09453125 0.11953125