0 0.4875 0.58828125 0.0796875 0.16953125
0 0.3734375 0.6734375 0.0953125 0.14609375
0 0.50625 0.8625 0.0953125 0.134375
0 0.21640625 0.83046875 0.06796875 0.1171875
0 0.7234375 0.3421875 0.1 0.16171875
0 0.31171875 0.62109375 0.065625 0.16640625
0 0.14140625 0.48671875 0.06796875 0.11328125
0 0.04765625 0.7140625 0.053125 0.14375
0 0.18515625 0.5484375 0.06171875 0.15703125
0 0.11015625 0.7390625 0.0515625 0.16171875
0 0.47109375 0.96328125 0.0546875 0.0734375
0 0.959375 0.6046875 0.08046875 0.1265625
0 0.3890625 0.86640625 0.0671875 0.16484375
0 0.2171875 0.93125 0.075 0.103125
0 0.22734375 0.60390625 0.06328125 0.13671875
0 0.265625 0.21796875 0.07109375 0.1046875
0 0.1640625 0.6078125 0.06015625 0.1296875
0 0.2734375 0.51875 0.0515625 0.1859375
0 0.090625 0.20234375 0.078125 0.16015625
0 0.790625 0.83515625 0.0953125 0.1265625
0 0.94453125 0.80625 0.05859375 0.18671875
0 0.80703125 0.9265625 0.053125 0.1265625
0 0.8875 0.93203125 0.075 0.12578125
0 0.85078125 0.84453125 0.05703125 0.18203125
0 0.575 0.32734375 0.08203125 0.15234375