0 0.69296875 0.55625 0.06015625 0.13515625
0 0.8984375 0.6390625 0.0625 0.10390625
0 0.1859375 0.571875 0.08359375 0.1171875
0 0.5265625 0.49921875 0.053125 0.13671875
0 0.8921875 0.771875 0.0453125 0.11328125
0 0.56328125 0.35390625 0.05625 0.1328125
0 0.140625 0.39296875 0.078125 0.14296875
0 0.1484375 0.2109375 0.0859375 0.08359375
0 0.04375 0.48671875 0.0671875 0.11953125
0 0.565625 0.5609375 0.05625 0.103125
0 0.040625 0.36484375 0.078125 0.128125
0 0.2984375 0.34765625 0.0546875 0.109375
0 0.73125 0.371875 0.06015625 0.09296875
0 0.853125 0.34921875 0.0515625 0.0921875
0 0.3828125 0.18984375 0.05625 0.1578125
0 0.32421875 0.18125 0.0546875 0.10390625
0 0.6609375 0.34765625 0.0703125 0.09765625
0 0.3421875 0.3078125 0.06796875 0.0875
0 0.4515625 0.28515625 0.046875 0.1328125
0 0.50078125 0.33125 0.0546875 0.096875
0 0.659375 0.26015625 0.046875 0.07890625
0 0.56328125 0.228125 0.06796875 0.096875
0 0.03671875 0.12890625 0.07109375 0.1
0 0.728125 0.2671875 0.040625 0.10234375
0 0.9484375 0.27890625 0.0328125 0.10859375
0 0.55546875 0.146875 0.05234375 0.065625
0 0.22890625 0.27578125 0.05234375 0.1015625
0 0.678125 0.15546875 0.05390625 0.07109375
0 0.821875 0.21796875 0.05859375 0.10546875
0 0.4828125 0.23203125 0.0359375 0.084375
0 0.70234375 0.240625 0.0421875 0.096875
0 0.2515625 0.23984375 0.10703125 0.1703125