0 0.28984375 0.79765625 0.0578125 0.10390625
0 0.3703125 0.81796875 0.05703125 0.075
0 0.215625 0.85234375 0.03828125 0.07265625
0 0.16796875 0.825 0.0515625 0.10234375
0 0.090625 0.915625 0.071875 0.090625
0 0.5421875 0.86640625 0.0484375 0.0953125
0 0.73984375 0.87734375 0.053125 0.09765625
0 0.08671875 0.85 0.06640625 0.07890625
0 0.2828125 0.88984375 0.05859375 0.08359375
0 0.0984375 0.74375 0.0640625 0.0859375
0 0.77890625 0.7953125 0.0515625 0.08046875
0 0.30078125 0.72734375 0.06484375 0.084375
0 0.32890625 0.934375 0.0765625 0.0859375
0 0.83671875 0.8421875 0.05625 0.1015625
0 0.0671875 0.79609375 0.0515625 0.08984375
0 0.353125 0.74140625 0.05390625 0.0765625
0 0.6359375 0.9515625 0.05859375 0.090625
0 0.18828125 0.76796875 0.0671875 0.09609375
0 0.24453125 0.7265625 0.046875 0.10546875
0 0.8640625 0.928125 0.05703125 0.0859375
0 0.12109375 0.61015625 0.05 0.103125
0 0.78671875 0.86015625 0.05390625 0.08671875
0 0.64375 0.878125 0.04921875 0.0890625
0 0.71328125 0.92890625 0.0625 0.08125
0 0.71015625 0.78984375 0.05625 0.065625
0 0.36328125 0.89765625 0.053125 0.08203125
0 0.65859375 0.79609375 0.04609375 0.1015625
0 0.684375 0.7203125 0.0640625 0.08125
0 0.825 0.78203125 0.059375 0.065625
0 0.21484375 0.9171875 0.08671875 0.096875
0 0.35234375 0.64140625 0.03515625 0.0828125