0 0.71171875 0.22578125 0.05703125 0.165625
0 0.84140625 0.1609375 0.059375 0.178125
0 0.40703125 0.2953125 0.059375 0.15234375
0 0.47890625 0.17578125 0.05 0.14921875
0 0.8421875 0.39296875 0.071875 0.1015625
0 0.21328125 0.621875 0.06796875 0.17734375
0 0.03359375 0.4265625 0.0671875 0.17265625
0 0.63515625 0.1609375 0.0609375 0.171875
0 0.21875 0.11171875 0.06796875 0.175
0 0.51953125 0.11875 0.05390625 0.1390625
0 0.92109375 0.62578125 0.05234375 0.14140625
0 0.1765625 0.45546875 0.08203125 0.1765625
0 0.14609375 0.6109375 0.07578125 0.1515625
0 0.10859375 0.12890625 0.06796875 0.17734375
0 0.71953125 0.72734375 0.065625 0.13203125
0 0.4359375 0.4546875 0.07265625 0.15546875
0 0.521875 0.6 0.0578125 0.14453125
0 0.30703125 0.19296875 0.08671875 0.134375
0 0.42890625 0.06796875 0.0609375 0.128125
0 0.575 0.8921875 0.08984375 0.1234375
0 0.28046875 0.10078125 0.0640625 0.16171875
0 0.33046875 0.60859375 0.0671875 0.18671875
0 0.47265625 0.43046875 0.06328125 0.12890625
0 0.3421875 0.1125 0.0671875 0.18203125
0 0.6703125 0.8671875 0.0578125 0.13359375
0 0.1859375 0.9203125 0.06640625 0.146875
0 0.04375 0.67265625 0.07734375 0.140625
0 0.0265625 0.1328125 0.053125 0.1953125
0 0.0796875 0.4609375 0.071875 0.18359375
0 0.77421875 0.83984375 0.05390625 0.11640625
0 0.965625 0.3328125 0.0515625 0.165625
0 0.98046875 0.565625 0.0390625 0.14921875
0 0.66484375 0.05 0.08046875 0.0984375
0 0.503125 0.0546875 0.06484375 0.10703125
0 0.921875 0.34296875 0.0671875 0.12421875
0 0.8875 0.72734375 0.053125 0.09765625
0 0.27265625 0.5375 0.09296875 0.1515625
0 0.1234375 0.33671875 0.10859375 0.1171875
0 0.73515625 0.83203125 0.05546875 0.13203125
0 0.253125 0.23515625 0.07578125 0.1171875
0 0.2703125 0.72734375 0.07734375 0.11796875
0 0.51171875 0.515625 0.07109375 0.13515625
0 0.28671875 0.4 0.08515625 0.11875
0 0.85859375 0.86171875 0.05703125 0.103125
0 0.815625 0.9234375 0.04921875 0.096875
0 0.17265625 0.7203125 0.1 0.10703125
0 0.34296875 0.36640625 0.07421875 0.13359375
0 0.2203125 0.409375 0.0890625 0.1203125
0 0.33984375 0.7828125 0.090625 0.1484375
0 0.84453125 0.77421875 0.07265625 0.1015625
0 0.621875 0.6578125 0.07109375 0.1359375
0 0.5515625 0.79765625 0.075 0.1046875
0 0.24375 0.315625 0.1109375 0.07109375
0 0.603125 0.209375 0.0734375 0.096875
0 0.384375 0.60546875 0.06640625 0.159375
0 0.3984375 0.84296875 0.065625 0.1140625
0 0.478125 0.853125 0.065625 0.1
0 0.4421875 0.62734375 0.075 0.0890625