0 0.30703125 0.40390625 0.1265625 0.09296875
0 0.90859375 0.39765625 0.1046875 0.08203125
0 0.48359375 0.33828125 0.10859375 0.11875
0 0.3921875 0.5921875 0.078125 0.15859375
0 0.29296875 0.834375 0.1125 0.19609375
0 0.32265625 0.63515625 0.1125 0.18203125
0 0.68984375 0.6578125 0.1078125 0.1734375
0 0.44609375 0.15703125 0.10625 0.20625
0 0.521875 0.5828125 0.08125 0.13203125
0 0.54375 0.14765625 0.11875 0.2375
0 0.61875 0.540625 0.0875 0.0859375
0 0.36171875 0.27109375 0.09375 0.21171875
0 0.5046875 0.76171875 0.08671875 0.215625
0 0.2234375 0.57421875 0.1171875 0.16015625
0 0.17578125 0.909375 0.10859375 0.17578125
0 0.95 0.27265625 0.07890625 0.17890625