0 0.2203125 0.05703125 0.08359375 0.10703125
0 0.2796875 0.16484375 0.09140625 0.09765625
0 0.51640625 0.14296875 0.0609375 0.11171875
0 0.60703125 0.2015625 0.07421875 0.08359375
0 0.5640625 0.246875 0.0875 0.08515625
0 0.7078125 0.128125 0.08671875 0.12734375
0 0.7703125 0.14140625 0.09453125 0.1109375
0 0.79453125 0.24765625 0.07109375 0.13359375
0 0.95234375 0.2296875 0.06171875 0.16171875
0 0.971875 0.41328125 0.05625 0.11328125
0 0.97734375 0.52890625 0.0453125 0.1015625
0 0.94921875 0.55703125 0.0640625 0.1421875
0 0.8640625 0.47109375 0.090625 0.0953125
0 0.7640625 0.43125 0.07578125 0.12734375
0 0.76953125 0.5875 0.07890625 0.1375
0 0.0546875 0.32734375 0.096875 0.09453125
0 0.109375 0.4375 0.09765625 0.11953125
0 0.21484375 0.425 0.07578125 0.115625
0 0.27578125 0.41875 0.06796875 0.12421875
0 0.35234375 0.421875 0.0734375 0.09921875
0 0.35859375 0.55390625 0.10234375 0.16953125
0 0.43359375 0.4578125 0.0546875 0.08515625
0 0.5234375 0.35546875 0.09453125 0.1203125
0 0.475 0.53203125 0.06953125 0.1640625
0 0.41640625 0.76796875 0.06640625 0.19296875
0 0.215625 0.646875 0.09296875 0.153125