0 0.69296875 0.74140625 0.0828125 0.07421875
0 0.76484375 0.88515625 0.075 0.1015625
0 0.609375 0.60234375 0.07578125 0.07734375
0 0.41015625 0.75390625 0.08046875 0.08203125
0 0.92890625 0.61015625 0.06640625 0.07578125
0 0.63046875 0.871875 0.071875 0.115625
0 0.5203125 0.76015625 0.0609375 0.0921875
0 0.49609375 0.9453125 0.07421875 0.1015625
0 0.6875 0.65234375 0.06171875 0.0921875
0 0.5109375 0.58671875 0.05 0.08125
0 0.7515625 0.63984375 0.06171875 0.07890625
0 0.3765625 0.80390625 0.06015625 0.10078125
0 0.40078125 0.65 0.05546875 0.08984375
0 0.359375 0.9359375 0.0625 0.1140625
0 0.428125 0.5375 0.0796875 0.0828125
0 0.32421875 0.86875 0.0625 0.09921875
0 0.8765625 0.8671875 0.1078125 0.11484375
0 0.9609375 0.94140625 0.07734375 0.10703125
0 0.76328125 0.8125 0.04375 0.08125
0 0.03984375 0.9546875 0.0765625 0.075
0 0.61953125 0.5484375 0.08203125 0.06875
0 0.87109375 0.72109375 0.0515625 0.1078125
0 0.975 0.7796875 0.05 0.09375
0 0.54609375 0.70390625 0.05390625 0.09765625
0 0.60078125 0.70234375 0.06015625 0.0921875
0 0.48671875 0.671875 0.0578125 0.07734375
0 0.78359375 0.571875 0.0515625 0.0875
0 0.553125 0.85625 0.0734375 0.09296875
0 0.72109375 0.5640625 0.0578125 0.08515625
0 0.80625 0.59765625 0.05546875 0.09140625
0 0.53828125 0.55078125 0.078125 0.0765625
0 0.85 0.5515625 0.07265625 0.0421875