0 0.29375 0.0640625 0.05234375 0.128125
0 0.34296875 0.09140625 0.06171875 0.1359375
0 0.471875 0.03984375 0.046875 0.0796875
0 0.5140625 0.1578125 0.078125 0.12578125
0 0.396875 0.2625 0.07734375 0.11171875
0 0.4625 0.32265625 0.053125 0.15234375
0 0.81953125 0.20703125 0.0671875 0.1703125
0 0.61015625 0.65 0.0734375 0.08125
0 0.79140625 0.77109375 0.0484375 0.11640625
0 0.78203125 0.90703125 0.0671875 0.09609375
0 0.6953125 0.8859375 0.0875 0.134375
0 0.8296875 0.43359375 0.07265625 0.1703125
0 0.58203125 0.5171875 0.06953125 0.1796875
0 0.0515625 0.11015625 0.05078125 0.15390625
0 0.18671875 0.27421875 0.05859375 0.18359375
0 0.0640625 0.2984375 0.053125 0.153125
0 0.91171875 0.05 0.0859375 0.09921875
0 0.8453125 0.6578125 0.08203125 0.1015625
0 0.76015625 0.03203125 0.059375 0.06015625
0 0.403125 0.47109375 0.07265625 0.14609375
0 0.9671875 0.23671875 0.06484375 0.12265625
0 0.4828125 0.4625 0.10078125 0.128125
0 0.9390625 0.58984375 0.0984375 0.1265625
0 0.2046875 0.44296875 0.07421875 0.11875
0 0.03046875 0.24296875 0.04609375 0.1484375
0 0.25078125 0.4953125 0.0640625 0.0859375
0 0.11640625 0.58515625 0.0546875 0.15
0 0.7078125 0.559375 0.0609375 0.22578125
0 0.0640625 0.62265625 0.071875 0.15859375
0 0.35390625 0.94609375 0.0515625 0.096875
0 0.44453125 0.8078125 0.0828125 0.12890625
0 0.296875 0.690625 0.04375 0.10625
0 0.56796875 0.80625 0.09453125 0.1453125
0 0.3046875 0.82421875 0.0515625 0.153125
0 0.071875 0.553125 0.0625 0.125
0 0.56015625 0.93828125 0.09140625 0.121875
0 0.3578125 0.84453125 0.065625 0.15078125
0 0.025 0.71953125 0.05 0.1171875
0 0.228125 0.60859375 0.06640625 0.13359375
0 0.88046875 0.7609375 0.09921875 0.084375
0 0.51640625 0.6046875 0.075 0.1109375
0 0.10234375 0.03515625 0.0875 0.0671875
0 0.43046875 0.69765625 0.06640625 0.0953125
0 0.10859375 0.97109375 0.05078125 0.05234375
0 0.43125 0.5484375 0.0921875 0.1078125
0 0.521875 0.85859375 0.078125 0.1171875
0 0.32109375 0.4828125 0.0640625 0.08359375
0 0.125 0.3859375 0.06875 0.134375
0 0.0765625 0.4375 0.06328125 0.103125
0 0.98046875 0.7515625 0.0390625 0.15234375