0 0.5359375 0.2671875 0.075 0.12421875
0 0.64453125 0.2625 0.08671875 0.13828125
0 0.7375 0.3140625 0.08515625 0.13828125
0 0.49375 0.39140625 0.0890625 0.1421875
0 0.35625 0.31171875 0.078125 0.13515625
0 0.57265625 0.54453125 0.084375 0.12890625
0 0.871875 0.32578125 0.0765625 0.17421875
0 0.284375 0.25078125 0.059375 0.16015625
0 0.365625 0.63828125 0.075 0.1265625
0 0.71796875 0.47265625 0.071875 0.1640625
0 0.49921875 0.67890625 0.08359375 0.13671875
0 0.7828125 0.47421875 0.07265625 0.17890625
0 0.0546875 0.1734375 0.0734375 0.10859375
0 0.41015625 0.7578125 0.059375 0.1625
0 0.65234375 0.62109375 0.06171875 0.19296875
0 0.2125 0.53203125 0.05859375 0.17578125
0 0.3265625 0.7484375 0.06484375 0.184375
0 0.13125 0.2046875 0.078125 0.078125
0 0.28125 0.92890625 0.07265625 0.1265625
0 0.50703125 0.80390625 0.07265625 0.1296875
0 0.23125 0.12265625 0.09375 0.08203125
0 0.60703125 0.71171875 0.071875 0.1359375
0 0.16171875 0.89609375 0.05859375 0.13671875
0 0.57734375 0.79609375 0.08203125 0.14453125
0 0.8484375 0.73828125 0.07421875 0.15078125
0 0.04296875 0.33828125 0.08125 0.12578125
0 0.1546875 0.08046875 0.06484375 0.15859375
0 0.02265625 0.7109375 0.0453125 0.16015625
0 0.3625 0.8921875 0.06015625 0.19140625
0 0.0234375 0.8546875 0.046875 0.115625
0 0.209375 0.68125 0.0515625 0.1515625
0 0.6734375 0.90390625 0.065625 0.16640625
0 0.1421875 0.653125 0.0515625 0.16484375
0 0.7328125 0.8234375 0.0765625 0.1421875
0 0.0375 0.253125 0.06328125 0.08203125
0 0.8296875 0.90703125 0.0578125 0.13359375
0 0.71796875 0.71015625 0.071875 0.15703125
0 0.090625 0.82421875 0.0703125 0.1578125
0 0.88828125 0.81640625 0.121875 0.090625