0 0.31875 0.32734375 0.05859375 0.1578125
0 0.20546875 0.3890625 0.06484375 0.103125
0 0.1765625 0.4984375 0.0765625 0.11328125
0 0.53125 0.1875 0.08359375 0.1015625
0 0.09765625 0.309375 0.0484375 0.103125
0 0.140625 0.3234375 0.0546875 0.1203125
0 0.19765625 0.25625 0.05 0.11953125
0 0.07421875 0.6453125 0.07109375 0.103125
0 0.1703125 0.09296875 0.0609375 0.1140625
0 0.03203125 0.253125 0.046875 0.128125
0 0.84453125 0.49921875 0.06171875 0.16640625
0 0.30703125 0.715625 0.07421875 0.090625
0 0.2421875 0.140625 0.0625 0.13515625