0 0.54296875 0.0703125 0.06015625 0.140625
0 0.61171875 0.07265625 0.08515625 0.1453125
0 0.71328125 0.0921875 0.0765625 0.184375
0 0.840625 0.09140625 0.08359375 0.1828125
0 0.69375 0.2828125 0.12109375 0.14921875
0 0.57578125 0.29296875 0.11953125 0.1078125
0 0.5984375 0.38671875 0.12421875 0.1203125
0 0.390625 0.37109375 0.10859375 0.1421875
0 0.53984375 0.5671875 0.0703125 0.11484375
0 0.92578125 0.321875 0.11015625 0.11953125
0 0.8546875 0.35859375 0.090625 0.1640625
0 0.82109375 0.5890625 0.0734375 0.1375
0 0.88671875 0.56796875 0.0890625 0.15859375
0 0.959375 0.5359375 0.05859375 0.09375
0 0.95625 0.64296875 0.0875 0.1203125
0 0.771875 0.7546875 0.09453125 0.1625
0 0.18984375 0.76953125 0.0921875 0.1609375
0 0.225 0.09296875 0.08046875 0.18515625
0 0.11796875 0.6875 0.1 0.203125
0 0.4296875 0.1359375 0.090625 0.1953125
0 0.29453125 0.5875 0.1125 0.15625
0 0.30546875 0.15546875 0.078125 0.20703125
0 0.696875 0.89296875 0.0828125 0.1921875
0 0.1921875 0.5640625 0.1140625 0.13203125
0 0.4984375 0.19140625 0.09765625 0.19453125
0 0.0890625 0.39296875 0.10859375 0.103125
0 0.4109375 0.77109375 0.078125 0.2390625
0 0.16328125 0.2953125 0.09296875 0.18359375
0 0.0640625 0.2078125 0.1078125 0.221875
0 0.66484375 0.765625 0.11328125 0.128125
0 0.0734375 0.90390625 0.0859375 0.175
0 0.5453125 0.72421875 0.103125 0.19609375
0 0.26015625 0.30625 0.0765625 0.20625
0 0.95390625 0.9046875 0.07421875 0.16875
0 0.48828125 0.759375 0.07109375 0.2203125
0 0.43671875 0.9265625 0.09140625 0.1453125
0 0.19609375 0.92265625 0.090625 0.14609375
0 0.53671875 0.90546875 0.0921875 0.18359375
0 0.30390625 0.96171875 0.0859375 0.071875
0 0.02265625 0.45078125 0.0453125 0.1921875