0 0.6296875 0.33984375 0.06015625 0.18125
0 0.675 0.128125 0.09140625 0.1625
0 0.7953125 0.13203125 0.06015625 0.1453125
0 0.85 0.209375 0.04921875 0.20859375
0 0.80625 0.2640625 0.06953125 0.096875
0 0.91328125 0.21015625 0.0765625 0.1453125
0 0.24296875 0.12890625 0.0765625 0.125
0 0.396875 0.08671875 0.075 0.140625
0 0.0828125 0.07734375 0.07109375 0.12734375
0 0.1875 0.23671875 0.06171875 0.090625
0 0.95390625 0.83671875 0.09140625 0.140625
0 0.03515625 0.046875 0.04765625 0.08984375
0 0.82421875 0.66171875 0.0671875 0.19375
0 0.41484375 0.59765625 0.075 0.2125
0 0.153125 0.303125 0.0765625 0.21640625
0 0.6984375 0.60859375 0.05703125 0.17890625
0 0.7421875 0.646875 0.06953125 0.16953125
0 0.19921875 0.9234375 0.05859375 0.15234375
0 0.440625 0.4171875 0.0546875 0.10078125
0 0.49453125 0.2578125 0.0890625 0.1171875
0 0.06328125 0.4125 0.06640625 0.08671875
0 0.33359375 0.5140625 0.07890625 0.109375
0 0.85859375 0.4921875 0.0640625 0.12890625
0 0.353125 0.9625 0.078125 0.0703125
0 0.91640625 0.32265625 0.09140625 0.1078125
0 0.9796875 0.640625 0.040625 0.11015625
0 0.75859375 0.5859375 0.04140625 0.059375
0 0.975 0.30546875 0.05 0.1609375
0 0.259375 0.28125 0.04609375 0.17890625
0 0.2953125 0.3484375 0.059375 0.125