0 0.39375 0.80703125 0.06875 0.12265625
0 0.459375 0.8515625 0.05703125 0.1015625
0 0.3453125 0.73671875 0.07734375 0.0984375
0 0.52734375 0.89140625 0.07109375 0.10703125
0 0.44140625 0.67734375 0.0953125 0.08046875
0 0.6109375 0.853125 0.0640625 0.12421875
0 0.45546875 0.559375 0.059375 0.0984375
0 0.75390625 0.80546875 0.0671875 0.10859375
0 0.65 0.9578125 0.05703125 0.08359375
0 0.66640625 0.78046875 0.05703125 0.09921875
0 0.8109375 0.7796875 0.06015625 0.1171875
0 0.2765625 0.94921875 0.0703125 0.08984375
0 0.6921875 0.8953125 0.0578125 0.12421875
0 0.32265625 0.896875 0.06015625 0.1171875
0 0.37578125 0.9625 0.0734375 0.07109375
0 0.50390625 0.9625 0.05546875 0.07265625
0 0.825 0.96640625 0.065625 0.065625
0 0.73359375 0.8953125 0.0609375 0.11796875
0 0.7640625 0.9625 0.06796875 0.075
0 0.05859375 0.94453125 0.05546875 0.10703125
0 0.90703125 0.89765625 0.06328125 0.10390625
0 0.5625 0.81640625 0.0625 0.1125
0 0.9390625 0.7484375 0.0609375 0.11953125
0 0.403125 0.6125 0.0671875 0.09453125
0 0.2 0.9140625 0.05859375 0.1171875