0 0.63828125 0.1234375 0.10390625 0.15859375
0 0.66953125 0.37109375 0.0859375 0.2015625
0 0.559375 0.40234375 0.084375 0.21015625
0 0.51953125 0.28984375 0.0984375 0.16328125
0 0.315625 0.0578125 0.109375 0.11328125
0 0.14453125 0.59609375 0.10546875 0.1796875
0 0.3375 0.32109375 0.090625 0.18984375
0 0.1 0.71015625 0.1265625 0.1578125
0 0.2828125 0.3734375 0.11875 0.21484375
0 0.39765625 0.2359375 0.153125 0.18203125
0 0.77265625 0.72265625 0.08671875 0.3015625
0 0.65625 0.9078125 0.121875 0.1140625
0 0.846875 0.86875 0.07734375 0.16015625
0 0.159375 0.925 0.14296875 0.07578125