0 0.8890625 0.296875 0.078125 0.1984375
0 0.51875 0.365625 0.13125 0.1625
0 0.1453125 0.1515625 0.0859375 0.16171875
0 0.56953125 0.57734375 0.1234375 0.165625
0 0.871875 0.7046875 0.10703125 0.20546875
0 0.040625 0.32578125 0.08125 0.1390625
0 0.91953125 0.06875 0.096875 0.13671875
0 0.6078125 0.71796875 0.11328125 0.1453125
0 0.09609375 0.7421875 0.09453125 0.1484375
0 0.421875 0.6234375 0.103125 0.20859375
0 0.2765625 0.6609375 0.0890625 0.2125
0 0.40859375 0.8546875 0.10390625 0.15
0 0.06015625 0.821875 0.10234375 0.12734375
0 0.37890625 0.70078125 0.06796875 0.17421875
0 0.2234375 0.4203125 0.096875 0.1296875
0 0.33203125 0.93828125 0.06875 0.1234375
0 0.24921875 0.58671875 0.0765625 0.20234375
0 0.50390625 0.8625 0.0984375 0.15
0 0.04765625 0.54140625 0.08125 0.2375
0 0.1734375 0.6296875 0.08828125 0.16953125
0 0.15859375 0.49375 0.07265625 0.16484375
0 0.9234375 0.79140625 0.05859375 0.15390625