0 0.70859375 0.8265625 0.03515625 0.08984375
0 0.73359375 0.934375 0.05078125 0.06640625
0 0.9359375 0.9625 0.05625 0.065625
0 0.63671875 0.95 0.06640625 0.0984375
0 0.46796875 0.92109375 0.04609375 0.10078125
0 0.6 0.77890625 0.0546875 0.0734375
0 0.95859375 0.8921875 0.0703125 0.0984375
0 0.653125 0.88671875 0.0453125 0.084375
0 0.6578125 0.80625 0.0421875 0.08984375
0 0.6046875 0.91953125 0.053125 0.0828125
0 0.5671875 0.7234375 0.0453125 0.10390625
0 0.4 0.93125 0.05546875 0.0984375
0 0.92109375 0.7875 0.0546875 0.078125
0 0.96875 0.66171875 0.04609375 0.08984375
0 0.85625 0.69453125 0.03125 0.08984375
0 0.82734375 0.7890625 0.04140625 0.06484375
0 0.9625 0.75625 0.0515625 0.103125
0 0.36328125 0.8890625 0.0453125 0.0578125
0 0.5375 0.95078125 0.04140625 0.08203125
0 0.51015625 0.7953125 0.03828125 0.08828125
0 0.88984375 0.75 0.04765625 0.07734375
0 0.56953125 0.98125 0.04296875 0.0375
0 0.5015625 0.73359375 0.03828125 0.1140625
0 0.9359375 0.65390625 0.03984375 0.090625
0 0.740625 0.971875 0.053125 0.05625