0 0.48984375 0.03203125 0.0515625 0.0640625
0 0.571875 0.03984375 0.04375 0.0796875
0 0.20703125 0.1453125 0.07578125 0.12421875
0 0.09453125 0.29375 0.07890625 0.14453125
0 0.78046875 0.303125 0.06328125 0.1125
0 0.96171875 0.121875 0.071875 0.10703125
0 0.49765625 0.65 0.08515625 0.12109375
0 0.08515625 0.04296875 0.06328125 0.08359375
0 0.5265625 0.51328125 0.06796875 0.16796875
0 0.34765625 0.64921875 0.06796875 0.18125
0 0.96953125 0.50625 0.0609375 0.1203125
0 0.03046875 0.678125 0.059375 0.12265625
0 0.134375 0.8921875 0.06953125 0.196875
0 0.7265625 0.94609375 0.07265625 0.1046875
0 0.9578125 0.9578125 0.078125 0.08359375
0 0.7953125 0.56484375 0.075 0.11953125
0 0.86796875 0.6203125 0.05859375 0.13203125