0 0.29921875 0.08203125 0.065625 0.0859375
0 0.28046875 0.17109375 0.0703125 0.08828125
0 0.428125 0.18125 0.0546875 0.10546875
0 0.4078125 0.225 0.06796875 0.12890625
0 0.47578125 0.065625 0.040625 0.0796875
0 0.509375 0.22578125 0.05078125 0.1109375
0 0.52421875 0.2015625 0.0484375 0.1109375
0 0.52578125 0.4703125 0.05 0.10859375
0 0.53515625 0.428125 0.04921875 0.121875
0 0.4234375 0.71875 0.06953125 0.10078125
0 0.45625 0.8140625 0.040625 0.128125
0 0.49375 0.7875 0.03046875 0.06171875
0 0.16484375 0.74296875 0.059375 0.14453125
0 0.16484375 0.6859375 0.075 0.0765625
0 0.0796875 0.659375 0.0828125 0.1078125
0 0.19453125 0.2015625 0.06953125 0.1125
0 0.259375 0.24453125 0.06875 0.08984375
0 0.61640625 0.1140625 0.05859375 0.05703125
0 0.6859375 0.4296875 0.059375 0.11640625
0 0.13984375 0.16875 0.05 0.11953125
0 0.23984375 0.75625 0.06015625 0.13046875
0 0.5734375 0.78046875 0.0515625 0.1015625
0 0.6953125 0.36640625 0.0609375 0.11015625
0 0.6984375 0.26875 0.0484375 0.0734375
0 0.06171875 0.83203125 0.06015625 0.13671875
0 0.2890625 0.64296875 0.07265625 0.1171875
0 0.5828125 0.52890625 0.07109375 0.09453125
0 0.775 0.50546875 0.0546875 0.0921875
0 0.60625 0.325 0.0640625 0.09296875
0 0.6109375 0.92265625 0.04921875 0.1078125
0 0.825 0.9328125 0.06484375 0.11875
0 0.809375 0.49609375 0.059375 0.10390625
0 0.28125 0.46640625 0.0640625 0.1
0 0.82890625 0.45625 0.03984375 0.103125
0 0.65546875 0.8625 0.04765625 0.096875
0 0.31640625 0.34375 0.0609375 0.1015625
0 0.2984375 0.82578125 0.0703125 0.109375
0 0.1375 0.8875 0.09609375 0.165625
0 0.63125 0.72109375 0.05859375 0.09140625
0 0.70703125 0.94921875 0.05390625 0.0921875
0 0.275 0.3578125 0.0578125 0.10703125
0 0.91640625 0.52578125 0.053125 0.115625
0 0.08515625 0.57734375 0.07421875 0.0734375
0 0.35078125 0.840625 0.05625 0.10078125
0 0.66796875 0.571875 0.0625 0.1
0 0.88046875 0.26015625 0.03828125 0.0546875
0 0.0203125 0.77421875 0.03984375 0.13125
0 0.903125 0.94609375 0.053125 0.0859375
0 0.884375 0.6453125 0.040625 0.109375
0 0.91484375 0.7375 0.046875 0.08359375
0 0.59453125 0.2328125 0.07890625 0.13671875
0 0.1453125 0.34296875 0.05234375 0.1234375
0 0.20625 0.4078125 0.084375 0.15546875
0 0.965625 0.6515625 0.05 0.0984375
0 0.22890625 0.36015625 0.053125 0.10234375
0 0.73203125 0.64375 0.059375 0.096875
0 0.33671875 0.421875 0.05 0.09609375
0 0.68125 0.7921875 0.04296875 0.08125
0 0.37421875 0.46328125 0.0546875 0.11328125
0 0.13203125 0.5046875 0.10234375 0.11953125
0 0.09140625 0.3703125 0.06171875 0.1078125
0 0.96796875 0.73203125 0.046875 0.09453125
0 0.15234375 0.428125 0.05703125 0.09765625
0 0.94453125 0.94296875 0.0421875 0.090625
0 0.4859375 0.55390625 0.04375 0.06640625
0 0.41015625 0.575 0.06953125 0.140625
0 0.690625 0.640625 0.05 0.0765625
0 0.9140625 0.0375 0.053125 0.075
0 0.553125 0.675 0.04296875 0.0734375
0 0.83125 0.69140625 0.03203125 0.09296875
0 0.365625 0.57890625 0.06171875 0.1296875
0 0.9671875 0.359375 0.0359375 0.103125
0 0.01796875 0.37578125 0.03515625 0.10546875
0 0.1109375 0.41796875 0.0765625 0.10234375
0 0.7796875 0.97421875 0.0484375 0.05078125
0 0.240625 0.5609375 0.05234375 0.0625
0 0.9375 0.52265625 0.04375 0.10859375
0 0.73203125 0.840625 0.04375 0.11015625
0 0.78828125 0.8796875 0.05234375 0.06484375
0 0.659375 0.97734375 0.034375 0.0453125
0 0.53828125 0.746875 0.021875 0.08125
0 0.51953125 0.86171875 0.04296875 0.11171875
0 0.54609375 0.8484375 0.05859375 0.13046875
0 0.41171875 0.88359375 0.06171875 0.10859375
0 0.37890625 0.9375 0.05546875 0.103125
0 0.41796875 0.96953125 0.04296875 0.06015625
0 0.4640625 0.975 0.03984375 0.04921875