0 0.465625 0.29140625 0.11875 0.2265625
0 0.76171875 0.42578125 0.13828125 0.15625
0 0.796875 0.303125 0.09140625 0.20546875
0 0.56328125 0.60546875 0.084375 0.16953125
0 0.590625 0.7484375 0.0953125 0.12265625
0 0.1890625 0.3765625 0.10078125 0.1546875
0 0.1 0.171875 0.11484375 0.159375
0 0.95 0.5828125 0.1 0.16328125
0 0.0796875 0.51875 0.1140625 0.134375
0 0.13984375 0.56796875 0.07578125 0.2
0 0.12890625 0.26484375 0.11171875 0.15078125
0 0.3234375 0.89765625 0.09609375 0.1953125
0 0.446875 0.82265625 0.12890625 0.1171875
0 0.65703125 0.89921875 0.08828125 0.2
0 0.03515625 0.12890625 0.06796875 0.13515625
0 0.2015625 0.92890625 0.12578125 0.14140625
0 0.76015625 0.9171875 0.13828125 0.165625