0 0.5859375 0.43125 0.11171875 0.10546875
0 0.490625 0.23984375 0.0953125 0.125
0 0.6546875 0.565625 0.08984375 0.11875
0 0.45625 0.53203125 0.1078125 0.1421875
0 0.2078125 0.39296875 0.1078125 0.16953125
0 0.2359375 0.759375 0.0828125 0.09921875
0 0.90546875 0.85859375 0.09296875 0.1140625
0 0.31640625 0.1546875 0.0734375 0.103125
0 0.309375 0.49765625 0.05390625 0.14375
0 0.13203125 0.203125 0.06171875 0.1125
0 0.403125 0.58125 0.1 0.13515625
0 0.24296875 0.93203125 0.08203125 0.12265625
0 0.11484375 0.1203125 0.07265625 0.15
0 0.86484375 0.1875 0.0703125 0.1796875
0 0.83515625 0.63125 0.08671875 0.153125
0 0.1109375 0.384375 0.06171875 0.0984375
0 0.8109375 0.14296875 0.06875 0.20859375
0 0.7453125 0.165625 0.071875 0.14453125
0 0.7796875 0.7234375 0.125 0.10546875
0 0.74453125 0.615625 0.1015625 0.15859375