0 0.48125 0.090625 0.10625 0.18125
0 0.9046875 0.10390625 0.10078125 0.15078125
0 0.85859375 0.21796875 0.09453125 0.11328125
0 0.0390625 0.15078125 0.078125 0.1453125
0 0.190625 0.0859375 0.1015625 0.14921875
0 0.1421875 0.24296875 0.0984375 0.184375
0 0.065625 0.53046875 0.10625 0.14921875
0 0.88203125 0.678125 0.0703125 0.14296875
0 0.9515625 0.51953125 0.09375 0.1265625
0 0.71015625 0.88125 0.10859375 0.11484375
0 0.16328125 0.79765625 0.0765625 0.18046875
0 0.34453125 0.7796875 0.07734375 0.17109375
0 0.240625 0.9109375 0.09375 0.1125
0 0.09609375 0.94375 0.1140625 0.1
0 0.425 0.76015625 0.08359375 0.1203125
0 0.503125 0.8140625 0.0875 0.071875
0 0.51171875 0.93828125 0.08203125 0.1234375
0 0.88828125 0.84453125 0.0859375 0.1015625
0 0.87109375 0.96171875 0.0984375 0.0765625
0 0.453125 0.9484375 0.06640625 0.103125
0 0.3890625 0.86796875 0.084375 0.11171875