0 0.52265625 0.47734375 0.084375 0.103125
0 0.44296875 0.71328125 0.05859375 0.09765625
0 0.11171875 0.4375 0.0453125 0.06953125
0 0.7125 0.4171875 0.04921875 0.0984375
0 0.646875 0.853125 0.0875 0.09921875
0 0.76796875 0.3453125 0.06015625 0.07578125
0 0.60859375 0.44140625 0.04140625 0.10625
0 0.68828125 0.73828125 0.05625 0.1328125
0 0.69375 0.6 0.05703125 0.134375
0 0.58125 0.7734375 0.0875 0.13515625
0 0.3546875 0.85234375 0.05625 0.134375
0 0.79375 0.91953125 0.084375 0.1609375
0 0.2640625 0.865625 0.0546875 0.1015625
0 0.63125 0.71171875 0.053125 0.09375
0 0.30390625 0.88828125 0.0359375 0.090625
0 0.38046875 0.7640625 0.059375 0.14765625
0 0.0640625 0.65859375 0.03671875 0.0859375
0 0.09453125 0.65390625 0.0375 0.08046875
0 0.1734375 0.86640625 0.053125 0.1
0 0.95546875 0.68828125 0.06875 0.12421875
0 0.10234375 0.8703125 0.06015625 0.11484375
0 0.60078125 0.68671875 0.03828125 0.08359375
0 0.0515625 0.9515625 0.0421875 0.09296875
0 0.09765625 0.96015625 0.05625 0.07890625
0 0.64921875 0.45546875 0.04609375 0.078125
0 0.42734375 0.95859375 0.059375 0.08046875
0 0.96640625 0.57890625 0.0546875 0.10625
0 0.04140625 0.56875 0.046875 0.103125