0 0.6453125 0.06171875 0.053125 0.1234375
0 0.43828125 0.09296875 0.09453125 0.11015625
0 0.10859375 0.2015625 0.1046875 0.15625
0 0.121875 0.3515625 0.05546875 0.13046875
0 0.04296875 0.41875 0.0859375 0.15390625
0 0.18984375 0.446875 0.0421875 0.184375
0 0.2390625 0.3515625 0.071875 0.0875
0 0.28671875 0.2765625 0.05234375 0.11171875
0 0.584375 0.1890625 0.06796875 0.10546875
0 0.8359375 0.103125 0.05859375 0.14765625
0 0.88671875 0.1125 0.04453125 0.125
0 0.88203125 0.26953125 0.0546875 0.11640625
0 0.76953125 0.33125 0.0703125 0.096875
0 0.59609375 0.39609375 0.0828125 0.11484375
0 0.5625 0.31484375 0.084375 0.0890625
0 0.4953125 0.32109375 0.078125 0.08984375
0 0.44140625 0.46953125 0.0609375 0.15234375
0 0.64140625 0.72890625 0.0640625 0.13203125
0 0.90703125 0.315625 0.0484375 0.13515625
0 0.11328125 0.8453125 0.06953125 0.17265625
0 0.95703125 0.64921875 0.059375 0.10703125
0 0.56484375 0.6515625 0.0625 0.16796875
0 0.07109375 0.56796875 0.0859375 0.10703125
0 0.528125 0.878125 0.0796875 0.1390625
0 0.41328125 0.8578125 0.075 0.1109375
0 0.34296875 0.2875 0.0796875 0.13671875
0 0.05546875 0.8046875 0.07265625 0.16015625
0 0.82890625 0.946875 0.0609375 0.10625
0 0.18046875 0.93828125 0.0703125 0.121875
0 0.53359375 0.77890625 0.0796875 0.1203125
0 0.13671875 0.66015625 0.09140625 0.128125
0 0.025 0.9359375 0.05 0.11875
0 0.9625 0.225 0.0671875 0.06640625
0 0.5078125 0.96953125 0.0484375 0.0578125
0 0.35078125 0.8875 0.0609375 0.1625
0 0.31796875 0.91484375 0.0734375 0.1703125
0 0.24453125 0.84296875 0.04765625 0.1828125
0 0.28359375 0.953125 0.05703125 0.09375