0 0.33828125 0.4828125 0.10703125 0.17421875
0 0.403125 0.5203125 0.1 0.16015625
0 0.346875 0.29921875 0.08984375 0.18203125
0 0.60390625 0.6 0.11171875 0.16171875
0 0.56796875 0.775 0.08828125 0.178125
0 0.290625 0.746875 0.0921875 0.1578125
0 0.62578125 0.4109375 0.0796875 0.184375
0 0.8609375 0.671875 0.075 0.1640625
0 0.7234375 0.59296875 0.0765625 0.1859375
0 0.478125 0.17265625 0.10859375 0.16015625
0 0.72734375 0.77109375 0.08984375 0.15390625
0 0.13671875 0.63828125 0.1109375 0.13828125
0 0.14375 0.7609375 0.11171875 0.1578125
0 0.665625 0.8765625 0.06953125 0.1328125
0 0.13515625 0.525 0.10625 0.12578125
0 0.18046875 0.2375 0.0859375 0.171875
0 0.82890625 0.325 0.06796875 0.175
0 0.73359375 0.2484375 0.0640625 0.15859375
0 0.61015625 0.1890625 0.11015625 0.13359375
0 0.871875 0.45078125 0.07265625 0.190625
0 0.14765625 0.35234375 0.0953125 0.16171875
0 0.78515625 0.17734375 0.07421875 0.15625
0 0.74375 0.41015625 0.0765625 0.16484375
0 0.22734375 0.93046875 0.09609375 0.13828125
0 0.9515625 0.38828125 0.078125 0.171875
0 0.6875 0.3890625 0.06953125 0.15078125
0 0.90546875 0.29765625 0.0921875 0.1453125
0 0.6171875 0.065625 0.08203125 0.12890625
0 0.80078125 0.8703125 0.0828125 0.11015625
0 0.0578125 0.2421875 0.0953125 0.15703125
0 0.04296875 0.815625 0.08515625 0.1453125
0 0.82109375 0.7640625 0.084375 0.1203125
0 0.2609375 0.22109375 0.103125 0.2
0 0.425 0.9140625 0.10078125 0.16484375
0 0.778125 0.68203125 0.06640625 0.14375
0 0.22734375 0.10703125 0.103125 0.15234375
0 0.11328125 0.1375 0.0921875 0.16484375
0 0.86953125 0.153125 0.096875 0.12890625
0 0.88984375 0.065625 0.0875 0.11875
0 0.71484375 0.1265625 0.09453125 0.11015625