0 0.32421875 0.71796875 0.13046875 0.165625
0 0.13125 0.68515625 0.0796875 0.21328125
0 0.2578125 0.275 0.1015625 0.21328125
0 0.94375 0.6 0.1 0.15234375
0 0.70234375 0.56640625 0.0796875 0.1953125
0 0.77265625 0.71875 0.0796875 0.18984375
0 0.67578125 0.74921875 0.0859375 0.2125
0 0.61171875 0.9109375 0.09609375 0.178125
0 0.78515625 0.88828125 0.12265625 0.13515625
0 0.190625 0.86953125 0.09921875 0.20078125
0 0.78203125 0.2875 0.078125 0.17734375
0 0.878125 0.90859375 0.07578125 0.17578125
0 0.91484375 0.29375 0.06796875 0.15078125
0 0.32890625 0.2421875 0.0890625 0.221875
0 0.7328125 0.11640625 0.0796875 0.2078125
0 0.89375 0.075 0.0734375 0.14453125
0 0.66640625 0.215625 0.09140625 0.153125