0 0.540625 0.40625 0.1140625 0.1453125
0 0.66484375 0.26953125 0.09375 0.1609375
0 0.45 0.1171875 0.0828125 0.11484375
0 0.35859375 0.52578125 0.06640625 0.10625
0 0.29375 0.78203125 0.0640625 0.146875
0 0.1265625 0.6546875 0.07734375 0.125
0 0.1125 0.5703125 0.0578125 0.1
0 0.04765625 0.621875 0.06875 0.1421875
0 0.11015625 0.8171875 0.0953125 0.11875
0 0.0640625 0.93671875 0.09375 0.10859375
0 0.1578125 0.94921875 0.07890625 0.10078125
0 0.42421875 0.7375 0.05234375 0.1671875
0 0.60625 0.7640625 0.065625 0.1125
0 0.67265625 0.784375 0.06328125 0.11328125
0 0.67265625 0.6578125 0.09296875 0.071875
0 0.08984375 0.1453125 0.06875 0.0828125
0 0.271875 0.4953125 0.078125 0.09765625
0 0.5921875 0.63984375 0.07734375 0.09765625
0 0.86875 0.7796875 0.12578125 0.09921875
0 0.08515625 0.3796875 0.0609375 0.096875
0 0.08359375 0.05 0.1109375 0.1
0 0.475 0.67890625 0.09296875 0.1546875
0 0.20390625 0.51015625 0.0734375 0.0953125