0 0.74375 0.575 0.04609375 0.12890625
0 0.71953125 0.42421875 0.0453125 0.1015625
0 0.71484375 0.3125 0.06328125 0.09140625
0 0.678125 0.2125 0.05546875 0.10703125
0 0.71796875 0.23671875 0.03828125 0.0765625
0 0.78046875 0.3171875 0.0328125 0.09765625
0 0.82265625 0.29765625 0.0359375 0.07109375
0 0.8171875 0.23359375 0.040625 0.0671875
0 0.8578125 0.2875 0.03671875 0.090625
0 0.85 0.203125 0.03125 0.08046875
0 0.890625 0.228125 0.028125 0.13671875
0 0.925 0.228125 0.03203125 0.12421875
0 0.7984375 0.434375 0.046875 0.11640625
0 0.84296875 0.425 0.04296875 0.09375
0 0.79609375 0.5390625 0.05078125 0.07109375
0 0.8625 0.56171875 0.04453125 0.1359375
0 0.8984375 0.47578125 0.04296875 0.0828125
0 0.93984375 0.43671875 0.0359375 0.1328125
0 0.89375 0.40234375 0.040625 0.06328125
0 0.0484375 0.596875 0.06875 0.153125
0 0.76484375 0.740625 0.046875 0.1203125
0 0.40703125 0.70625 0.06171875 0.15625
0 0.9796875 0.446875 0.03984375 0.1140625
0 0.1046875 0.61328125 0.05859375 0.13671875
0 0.328125 0.70234375 0.0671875 0.1546875
0 0.26796875 0.434375 0.053125 0.13671875
0 0.8140625 0.7125 0.04375 0.11484375
0 0.85703125 0.78828125 0.05625 0.11953125
0 0.69609375 0.7453125 0.059375 0.1296875
0 0.56328125 0.5078125 0.05703125 0.1265625
0 0.55078125 0.3703125 0.0515625 0.146875
0 0.63359375 0.384375 0.05078125 0.11328125
0 0.6515625 0.81953125 0.05625 0.09140625
0 0.096875 0.2328125 0.05859375 0.0984375
0 0.38984375 0.36796875 0.06015625 0.13671875
0 0.5546875 0.2359375 0.0515625 0.15859375
0 0.92734375 0.68359375 0.06484375 0.10546875
0 0.425 0.421875 0.0515625 0.14375
0 0.5390625 0.834375 0.0578125 0.12265625
0 0.50390625 0.3140625 0.04609375 0.1078125
0 0.6515625 0.47109375 0.0625 0.1109375
0 0.04296875 0.46171875 0.0703125 0.109375
0 0.23203125 0.7953125 0.05546875 0.14140625
0 0.24296875 0.1421875 0.05390625 0.08671875
0 0.9078125 0.790625 0.0640625 0.1171875
0 0.4140625 0.20234375 0.059375 0.178125
0 0.0265625 0.359375 0.053125 0.1015625
0 0.56796875 0.61328125 0.05859375 0.10625
0 0.5984375 0.7109375 0.05625 0.125
0 0.59453125 0.46796875 0.05390625 0.12734375
0 0.9015625 0.90390625 0.05234375 0.146875
0 0.94453125 0.6046875 0.06796875 0.11640625
0 0.08984375 0.7359375 0.08203125 0.1140625
0 0.27421875 0.82421875 0.065625 0.165625
0 0.16015625 0.2921875 0.04765625 0.1203125
0 0.56015625 0.709375 0.05703125 0.140625
0 0.7140625 0.88984375 0.059375 0.10078125
0 0.234375 0.22421875 0.0546875 0.11171875
0 0.309375 0.77578125 0.065625 0.14609375
0 0.35078125 0.49453125 0.0734375 0.14765625
0 0.465625 0.89140625 0.0828125 0.13515625
0 0.3046875 0.17421875 0.06796875 0.09140625
0 0.09140625 0.834375 0.0703125 0.14921875
0 0.1609375 0.8203125 0.08359375 0.12421875
0 0.2734375 0.3140625 0.0921875 0.1484375
0 0.09375 0.13671875 0.04609375 0.1125
0 0.15546875 0.64375 0.05625 0.10703125
0 0.0375 0.9125 0.0734375 0.165625
0 0.0984375 0.32734375 0.06875 0.1171875
0 0.1921875 0.60625 0.0765625 0.11953125
0 0.16875 0.72578125 0.078125 0.1125
0 0.7703125 0.88125 0.0546875 0.1140625
0 0.98671875 0.55390625 0.02578125 0.1171875
0 0.7625 0.03671875 0.04453125 0.04765625
0 0.81328125 0.95078125 0.06484375 0.09609375
0 0.96640625 0.25234375 0.03203125 0.0765625
0 0.46796875 0.2828125 0.04140625 0.090625
0 0.73984375 0.94921875 0.0703125 0.0953125
0 0.115625 0.9546875 0.06328125 0.0890625
0 0.1734375 0.2203125 0.0578125 0.08515625
0 0.1609375 0.40625 0.0890625 0.13203125
0 0.86640625 0.034375 0.05078125 0.06796875
0 0.30625 0.22265625 0.084375 0.084375
0 0.58046875 0.13046875 0.0578125 0.0921875
0 0.5640625 0.9546875 0.053125 0.090625
0 0.6 0.9125 0.075 0.0625