0 0.4578125 0.228125 0.0625 0.13359375
0 0.3984375 0.28125 0.05 0.11015625
0 0.5203125 0.30859375 0.084375 0.11328125
0 0.58359375 0.40390625 0.0671875 0.13515625
0 0.6765625 0.5015625 0.06640625 0.13515625
0 0.225 0.28046875 0.075 0.13828125
0 0.55390625 0.5734375 0.0734375 0.1625
0 0.3796875 0.60078125 0.0796875 0.14140625
0 0.4578125 0.5890625 0.071875 0.16015625
0 0.81953125 0.28359375 0.0921875 0.15390625
0 0.8859375 0.55625 0.0625 0.15234375
0 0.375 0.7296875 0.0796875 0.12734375
0 0.02890625 0.68046875 0.05625 0.13671875
0 0.765625 0.153125 0.0765625 0.14453125
0 0.70546875 0.59375 0.09765625 0.13046875
0 0.61875 0.715625 0.08671875 0.10546875
0 0.3265625 0.13828125 0.06875 0.10859375
0 0.23046875 0.5015625 0.071875 0.2
0 0.9171875 0.87421875 0.0859375 0.13203125
0 0.66875 0.86484375 0.07265625 0.1640625
0 0.0796875 0.6140625 0.07734375 0.10078125
0 0.31796875 0.53203125 0.08359375 0.140625
0 0.68125 0.725 0.059375 0.1078125
0 0.59375 0.06484375 0.075 0.1296875
0 0.1140625 0.37265625 0.0671875 0.1203125
0 0.140625 0.21953125 0.0765625 0.103125
0 0.69296875 0.1734375 0.0484375 0.11328125
0 0.83125 0.51484375 0.07890625 0.15078125
0 0.9703125 0.68125 0.059375 0.1578125
0 0.30546875 0.85234375 0.07578125 0.1734375
0 0.490625 0.50625 0.059375 0.0984375
0 0.2578125 0.70546875 0.065625 0.1484375
0 0.75 0.92734375 0.06875 0.14453125
0 0.203125 0.76328125 0.06640625 0.1703125
0 0.378125 0.1390625 0.05234375 0.13359375
0 0.925 0.165625 0.08828125 0.15
0 0.025 0.3296875 0.04921875 0.10859375
0 0.38046875 0.81171875 0.0765625 0.13203125
0 0.946875 0.478125 0.078125 0.0984375
0 0.9515625 0.02734375 0.08125 0.0546875
0 0.92265625 0.72578125 0.08203125 0.11015625
0 0.18125 0.5671875 0.06875 0.09765625
0 0.82265625 0.23125 0.07734375 0.05859375
0 0.8546875 0.434375 0.06328125 0.1125
0 0.55546875 0.13125 0.0984375 0.1
0 0.0234375 0.79453125 0.04609375 0.10234375
0 0.41875 0.08984375 0.0421875 0.17890625
0 0.0859375 0.5125 0.05 0.08046875
0 0.7171875 0.14375 0.02890625 0.08984375
0 0.959375 0.1953125 0.08125 0.0875
0 0.7359375 0.74609375 0.08828125 0.1734375
0 0.32265625 0.26875 0.10078125 0.12578125
0 0.45390625 0.07421875 0.05234375 0.14765625