0 0.67734375 0.31640625 0.0828125 0.13671875
0 0.69140625 0.490625 0.10234375 0.16015625
0 0.478125 0.49921875 0.109375 0.10859375
0 0.94921875 0.75859375 0.1015625 0.16640625
0 0.60390625 0.92890625 0.14140625 0.12265625
0 0.6734375 0.79921875 0.1125 0.12421875
0 0.03203125 0.81171875 0.0640625 0.18515625
0 0.40390625 0.80703125 0.11796875 0.24453125
0 0.090625 0.9484375 0.08984375 0.103125
0 0.53984375 0.81328125 0.11484375 0.14140625
0 0.6 0.746875 0.05625 0.1515625
0 0.9171875 0.64609375 0.15625 0.1046875
0 0.5140625 0.7140625 0.10546875 0.084375
0 0.46875 0.6015625 0.140625 0.10859375