0 0.52421875 0.6265625 0.06640625 0.1578125
0 0.75390625 0.63203125 0.0546875 0.23828125
0 0.3390625 0.33046875 0.0640625 0.125
0 0.43125 0.15546875 0.09609375 0.12109375
0 0.51875 0.2609375 0.05078125 0.1140625
0 0.62109375 0.45390625 0.0546875 0.12265625
0 0.55546875 0.37265625 0.0625 0.1375
0 0.790625 0.22578125 0.07265625 0.09609375
0 0.79921875 0.34609375 0.06328125 0.121875
0 0.29609375 0.49453125 0.05234375 0.14765625
0 0.8796875 0.31640625 0.065625 0.11640625
0 0.721875 0.396875 0.07578125 0.10390625
0 0.60546875 0.17421875 0.04765625 0.13828125
0 0.51484375 0.5203125 0.08359375 0.12421875
0 0.06796875 0.20546875 0.0515625 0.10546875
0 0.69453125 0.33828125 0.07421875 0.13125
0 0.50234375 0.0609375 0.05390625 0.10625
0 0.109375 0.23203125 0.05 0.0984375
0 0.0921875 0.67890625 0.046875 0.096875
0 0.36171875 0.725 0.05625 0.1015625
0 0.11796875 0.1234375 0.06328125 0.0953125
0 0.85 0.109375 0.05859375 0.1484375
0 0.921875 0.2359375 0.07109375 0.08515625
0 0.1109375 0.8828125 0.0703125 0.11953125
0 0.3125 0.1625 0.03984375 0.12109375
0 0.39375 0.815625 0.06796875 0.1265625
0 0.21875 0.2140625 0.053125 0.08984375
0 0.25234375 0.07890625 0.0671875 0.1
0 0.17109375 0.06796875 0.04609375 0.1
0 0.02421875 0.79140625 0.04765625 0.12421875
0 0.025 0.13828125 0.04921875 0.0875
0 0.265625 0.165625 0.0578125 0.14453125
0 0.3203125 0.9234375 0.109375 0.15234375
0 0.63515625 0.94609375 0.08359375 0.10703125
0 0.20234375 0.95 0.053125 0.09375
0 0.57109375 0.915625 0.084375 0.16640625
0 0.67421875 0.1078125 0.0859375 0.08828125
0 0.73984375 0.1109375 0.0703125 0.13046875