0 0.37734375 0.13046875 0.0703125 0.1609375
0 0.37109375 0.284375 0.09453125 0.13359375
0 0.47265625 0.434375 0.08359375 0.096875
0 0.27890625 0.52578125 0.0953125 0.17578125
0 0.434375 0.55078125 0.0875 0.0796875
0 0.62421875 0.471875 0.08515625 0.12421875
0 0.42109375 0.66328125 0.05703125 0.09921875
0 0.76015625 0.36640625 0.0546875 0.109375
0 0.71328125 0.41015625 0.07578125 0.09140625
0 0.83046875 0.325 0.06953125 0.12421875
0 0.034375 0.05390625 0.06640625 0.10390625
0 0.97421875 0.26953125 0.05078125 0.1046875
0 0.940625 0.5578125 0.06171875 0.14296875
0 0.0421875 0.7484375 0.084375 0.1234375
0 0.121875 0.75703125 0.08125 0.09140625
0 0.46015625 0.7953125 0.065625 0.1515625
0 0.8703125 0.43671875 0.06171875 0.13828125
0 0.96796875 0.7109375 0.05546875 0.1015625
0 0.82265625 0.85078125 0.06328125 0.09453125
0 0.5703125 0.69921875 0.05234375 0.1484375
0 0.7484375 0.52578125 0.078125 0.1265625
0 0.6703125 0.728125 0.065625 0.13203125
0 0.61796875 0.8328125 0.0515625 0.15859375
0 0.5671875 0.8328125 0.065625 0.146875
0 0.46875 0.92734375 0.05546875 0.13671875
0 0.4078125 0.890625 0.065625 0.20546875
0 0.3609375 0.9265625 0.06953125 0.146875
0 0.61875 0.95703125 0.05 0.0859375
0 0.68125 0.94765625 0.075 0.1046875
0 0.68203125 0.8296875 0.0765625 0.12890625
0 0.75546875 0.97265625 0.0609375 0.0546875
0 0.7609375 0.8765625 0.046875 0.12578125
0 0.884375 0.69453125 0.04296875 0.10390625
0 0.8984375 0.85390625 0.04765625 0.1359375
0 0.95234375 0.80078125 0.0640625 0.09765625
0 0.85625 0.9421875 0.053125 0.1125
0 0.796875 0.9578125 0.05859375 0.084375
0 0.93671875 0.9671875 0.04921875 0.065625