0 0.60078125 0.159375 0.08671875 0.1359375
0 0.89921875 0.15234375 0.08828125 0.15546875
0 0.290625 0.4171875 0.08671875 0.12109375
0 0.67578125 0.446875 0.07421875 0.109375
0 0.48125 0.47890625 0.08125 0.16328125
0 0.2421875 0.203125 0.0875 0.12578125
0 0.39453125 0.796875 0.071875 0.12109375
0 0.284375 0.06875 0.0625 0.1375
0 0.18515625 0.55546875 0.0828125 0.11171875
0 0.31796875 0.1984375 0.0625 0.13671875
0 0.09375 0.684375 0.06640625 0.10546875
0 0.30546875 0.7203125 0.06171875 0.1390625
0 0.90546875 0.7609375 0.103125 0.14375
0 0.79609375 0.64921875 0.07421875 0.16953125
0 0.1265625 0.575 0.06328125 0.128125
0 0.51875 0.05625 0.06640625 0.1109375
0 0.171875 0.20625 0.0640625 0.11484375
0 0.3328125 0.81484375 0.0671875 0.16953125
0 0.11484375 0.43515625 0.05546875 0.15234375
0 0.20078125 0.771875 0.06953125 0.11875
0 0.20234375 0.40390625 0.0921875 0.15
0 0.1640625 0.8671875 0.0734375 0.1171875
0 0.35078125 0.575 0.05859375 0.17109375
0 0.54921875 0.665625 0.0859375 0.12578125
0 0.68671875 0.31015625 0.0828125 0.09140625
0 0.2453125 0.5796875 0.05859375 0.1296875
0 0.4796875 0.66875 0.05859375 0.1765625
0 0.62734375 0.8546875 0.06015625 0.17734375
0 0.0875 0.8140625 0.065625 0.13203125
0 0.396875 0.5921875 0.05234375 0.1796875
0 0.13671875 0.3453125 0.0703125 0.0890625
0 0.815625 0.1921875 0.0671875 0.125
0 0.4390625 0.559375 0.0671875 0.16796875
0 0.634375 0.353125 0.07578125 0.1640625
0 0.16875 0.63671875 0.0625 0.12578125
0 0.0828125 0.50703125 0.05703125 0.18203125
0 0.05859375 0.0578125 0.065625 0.11484375
0 0.903125 0.915625 0.0703125 0.1578125
0 0.05625 0.9234375 0.07265625 0.10859375
0 0.9390625 0.5828125 0.0609375 0.2
0 0.71796875 0.1640625 0.06328125 0.2046875
0 0.2109375 0.07109375 0.053125 0.14140625
0 0.83125 0.93046875 0.0703125 0.1328125
0 0.4171875 0.2203125 0.07578125 0.1015625
0 0.08828125 0.2046875 0.06796875 0.121875
0 0.88828125 0.5796875 0.059375 0.23046875
0 0.77578125 0.1640625 0.06015625 0.1734375
0 0.765625 0.54765625 0.05234375 0.13359375
0 0.25390625 0.6625 0.05703125 0.10390625
0 0.18359375 0.94609375 0.0890625 0.1015625