0 0.71953125 0.07421875 0.03828125 0.0796875
0 0.75078125 0.10234375 0.0515625 0.0453125
0 0.82890625 0.02109375 0.0609375 0.0421875
0 0.890625 0.03828125 0.04921875 0.0640625
0 0.65234375 0.0875 0.05546875 0.08203125
0 0.740625 0.32578125 0.04765625 0.07421875
0 0.80859375 0.30859375 0.06640625 0.0515625
0 0.7390625 0.40625 0.07890625 0.071875
0 0.8421875 0.46953125 0.07265625 0.0921875
0 0.21015625 0.575 0.0421875 0.06875
0 0.153125 0.559375 0.065625 0.1125
0 0.13515625 0.61640625 0.06484375 0.0921875
0 0.103125 0.4078125 0.071875 0.06484375
0 0.21328125 0.44921875 0.04609375 0.1078125
0 0.3296875 0.128125 0.0625 0.0875
0 0.53359375 0.1234375 0.046875 0.06796875
0 0.51875 0.353125 0.04375 0.06875
0 0.2796875 0.49453125 0.05390625 0.11484375
0 0.43203125 0.11953125 0.05703125 0.07265625
0 0.0453125 0.684375 0.05703125 0.09609375
0 0.09140625 0.80546875 0.05703125 0.08984375
0 0.57890625 0.0453125 0.05703125 0.084375
0 0.39140625 0.0390625 0.0609375 0.078125
0 0.2921875 0.12578125 0.053125 0.10859375
0 0.83671875 0.5640625 0.0859375 0.09765625
0 0.090625 0.690625 0.05234375 0.1234375
0 0.27421875 0.80703125 0.06015625 0.096875
0 0.23046875 0.8125 0.0515625 0.10546875
0 0.765625 0.6265625 0.08359375 0.0921875
0 0.95625 0.5640625 0.08671875 0.09140625
0 0.46953125 0.75 0.08125 0.08203125
0 0.47265625 0.04296875 0.05390625 0.065625
0 0.590625 0.3359375 0.05625 0.05546875
0 0.1671875 0.83203125 0.05703125 0.1203125
0 0.11953125 0.8546875 0.05390625 0.08203125
0 0.02265625 0.7578125 0.0453125 0.10078125
0 0.0421875 0.80546875 0.04765625 0.13125
0 0.9125 0.66328125 0.05625 0.1171875
0 0.88828125 0.8546875 0.05703125 0.071875
0 0.3484375 0.03515625 0.04765625 0.0703125
0 0.85625 0.7671875 0.07109375 0.10390625
0 0.94453125 0.3171875 0.04375 0.10390625
0 0.3328125 0.7296875 0.06796875 0.0921875
0 0.246875 0.165625 0.046875 0.075
0 0.6078125 0.4765625 0.07734375 0.1140625
0 0.8359375 0.9578125 0.04921875 0.0640625
0 0.96953125 0.86796875 0.03671875 0.03984375
0 0.4 0.84921875 0.0484375 0.10390625
0 0.4390625 0.85859375 0.06875 0.09765625
0 0.978125 0.025 0.04375 0.05
0 0.840625 0.83515625 0.05859375 0.08984375
0 0.403125 0.153125 0.05078125 0.0953125
0 0.22578125 0.971875 0.0578125 0.053125
0 0.76875 0.91953125 0.06875 0.11953125
0 0.98359375 0.790625 0.0328125 0.08984375
0 0.2765625 0.04140625 0.05234375 0.075
0 0.5140625 0.69765625 0.0546875 0.09296875
0 0.7640625 0.83515625 0.05546875 0.0890625
0 0.015625 0.846875 0.03125 0.10078125
0 0.60859375 0.90625 0.03671875 0.090625
0 0.6546875 0.85078125 0.0390625 0.0765625
0 0.9703125 0.91015625 0.0453125 0.1296875
0 0.48125 0.628125 0.071875 0.08125
0 0.690625 0.84375 0.0375 0.08203125
0 0.725 0.8375 0.04453125 0.09296875
0 0.1671875 0.93515625 0.053125 0.0890625
0 0.51328125 0.8140625 0.0640625 0.06953125
0 0.5109375 0.86796875 0.06171875 0.07890625