0 0.54921875 0.64375 0.08046875 0.1265625
0 0.6875 0.62265625 0.06015625 0.12734375
0 0.79921875 0.6109375 0.09375 0.13671875
0 0.93984375 0.67265625 0.0859375 0.115625
0 0.7828125 0.76484375 0.0640625 0.1421875
0 0.6375 0.79375 0.05546875 0.12890625
0 0.47421875 0.57421875 0.0578125 0.11640625
0 0.4875 0.4359375 0.071875 0.1109375
0 0.18046875 0.75859375 0.05546875 0.11953125
0 0.7203125 0.75 0.05234375 0.1171875
0 0.50234375 0.85703125 0.05625 0.09453125
0 0.9640625 0.740625 0.0703125 0.11171875
0 0.315625 0.68671875 0.05625 0.10390625
0 0.73359375 0.63984375 0.06328125 0.09296875
0 0.2859375 0.5015625 0.05546875 0.08359375
0 0.9 0.3859375 0.04609375 0.1015625
0 0.11484375 0.51875 0.0421875 0.07734375
0 0.09375 0.78984375 0.04140625 0.12890625
0 0.6921875 0.34375 0.04453125 0.09296875
0 0.1703125 0.6140625 0.05234375 0.08984375
0 0.3140625 0.78203125 0.0609375 0.0875
0 0.89921875 0.4734375 0.06328125 0.09609375
0 0.30625 0.41015625 0.065625 0.0765625
0 0.43125 0.48046875 0.06484375 0.0890625
0 0.3578125 0.38125 0.04140625 0.0765625
0 0.76640625 0.32109375 0.046875 0.0671875
0 0.40859375 0.36953125 0.040625 0.0671875
0 0.07890625 0.43984375 0.071875 0.0921875
0 0.17734375 0.871875 0.06484375 0.10390625
0 0.89921875 0.86171875 0.07890625 0.0640625
0 0.35703125 0.8609375 0.059375 0.084375
0 0.5046875 0.346875 0.06328125 0.05234375
0 0.9796875 0.2984375 0.040625 0.06875
0 0.04140625 0.8359375 0.059375 0.13203125