0 0.221875 0.3421875 0.05625 0.115625
0 0.2734375 0.60625 0.06953125 0.134375
0 0.346875 0.65703125 0.078125 0.1015625
0 0.71328125 0.040625 0.06953125 0.08125
0 0.6125 0.08125 0.059375 0.1125
0 0.68984375 0.1265625 0.0484375 0.075
0 0.75703125 0.1453125 0.0609375 0.0875
0 0.78828125 0.0921875 0.0546875 0.08125
0 0.89921875 0.075 0.04296875 0.09453125
0 0.86640625 0.03125 0.0640625 0.0625
0 0.79609375 0.02578125 0.08828125 0.0515625
0 0.97421875 0.0390625 0.0515625 0.078125
0 0.96328125 0.146875 0.0734375 0.1
0 0.903125 0.425 0.08046875 0.096875
0 0.8359375 0.11328125 0.046875 0.0984375
0 0.7265625 0.60234375 0.078125 0.08984375
0 0.821875 0.6109375 0.08515625 0.10703125
0 0.7875 0.67421875 0.06953125 0.0953125
0 0.85625 0.75390625 0.04921875 0.1265625
0 0.93984375 0.7109375 0.0671875 0.1
0 0.896875 0.84375 0.078125 0.08203125
0 0.94921875 0.9171875 0.0515625 0.11796875
0 0.8671875 0.92265625 0.05234375 0.11171875
0 0.90625 0.959375 0.05625 0.06171875
0 0.77890625 0.9328125 0.04921875 0.08203125
0 0.72890625 0.91953125 0.04296875 0.0890625
0 0.68125 0.93515625 0.05546875 0.0578125
0 0.65703125 0.84609375 0.0765625 0.09921875
0 0.525 0.846875 0.078125 0.090625
0 0.5359375 0.9265625 0.078125 0.0625
0 0.40859375 0.9046875 0.05390625 0.078125
0 0.34375 0.8875 0.05546875 0.090625
0 0.25859375 0.88984375 0.06171875 0.0890625
0 0.21640625 0.6875 0.07578125 0.11640625
0 0.10546875 0.4578125 0.0703125 0.1375
0 0.12109375 0.3453125 0.075 0.1296875
0 0.1234375 0.6078125 0.09453125 0.13046875
0 0.534375 0.71640625 0.0671875 0.1140625
0 0.42578125 0.67890625 0.0625 0.14765625
0 0.0390625 0.30390625 0.075 0.07578125
0 0.0375 0.5265625 0.075 0.11328125
0 0.33359375 0.02734375 0.06875 0.053125
0 0.20078125 0.05625 0.075 0.071875
0 0.48046875 0.646875 0.05546875 0.1375
0 0.3984375 0.07109375 0.06328125 0.1
0 0.26171875 0.05390625 0.07265625 0.071875
0 0.7640625 0.378125 0.0453125 0.04921875
0 0.81171875 0.38828125 0.04140625 0.05234375
0 0.5125 0.6265625 0.059375 0.11171875
0 0.04140625 0.62734375 0.0796875 0.1015625
0 0.034375 0.7140625 0.06875 0.11953125