0 0.8109375 0.23359375 0.06171875 0.11796875
0 0.97578125 0.17890625 0.0484375 0.14921875
0 0.6421875 0.33125 0.08984375 0.09765625
0 0.73359375 0.11484375 0.06796875 0.11171875
0 0.16875 0.31328125 0.06640625 0.1921875
0 0.3375 0.6578125 0.0640625 0.16484375
0 0.31875 0.10078125 0.0703125 0.14921875
0 0.871875 0.134375 0.05859375 0.1140625
0 0.40859375 0.165625 0.059375 0.16953125
0 0.0484375 0.653125 0.06484375 0.1515625
0 0.275 0.5015625 0.07109375 0.20859375
0 0.2515625 0.17890625 0.0890625 0.1390625
0 0.23046875 0.3234375 0.0703125 0.1890625
0 0.6234375 0.2 0.053125 0.1515625
0 0.7421875 0.453125 0.05625 0.16796875
0 0.5875 0.4625 0.08203125 0.1203125
0 0.1296875 0.1578125 0.08203125 0.1328125
0 0.52578125 0.3890625 0.0640625 0.140625
0 0.4640625 0.115625 0.06640625 0.1515625
0 0.12109375 0.5453125 0.09921875 0.1734375
0 0.06796875 0.1421875 0.05390625 0.1703125
0 0.9453125 0.7109375 0.059375 0.10625
0 0.71640625 0.89140625 0.07734375 0.11796875
0 0.54765625 0.1375 0.05859375 0.16171875
0 0.65703125 0.5171875 0.07421875 0.13515625
0 0.540625 0.29453125 0.0859375 0.1359375
0 0.41796875 0.3765625 0.0640625 0.13671875
0 0.2890625 0.36796875 0.06015625 0.1734375
0 0.02421875 0.1765625 0.04453125 0.13359375
0 0.0984375 0.446875 0.07265625 0.178125
0 0.85546875 0.446875 0.0625 0.121875
0 0.53125 0.60078125 0.04921875 0.12734375
0 0.7359375 0.76640625 0.09765625 0.109375
0 0.45078125 0.54453125 0.05625 0.16015625
0 0.5859375 0.19921875 0.0515625 0.14765625
0 0.203125 0.73828125 0.06484375 0.13984375
0 0.2578125 0.91796875 0.05859375 0.15859375
0 0.97734375 0.81328125 0.0453125 0.1109375
0 0.79609375 0.81328125 0.07890625 0.146875
0 0.9703125 0.525 0.05859375 0.1046875
0 0.58203125 0.915625 0.0625 0.1546875
0 0.4703125 0.371875 0.0703125 0.12109375
0 0.85546875 0.80546875 0.06328125 0.11484375
0 0.984375 0.3890625 0.03046875 0.128125
0 0.93125 0.8953125 0.05546875 0.15546875
0 0.371875 0.93125 0.07734375 0.12734375
0 0.8546875 0.68125 0.05078125 0.1390625
0 0.634375 0.5921875 0.0609375 0.1
0 0.15546875 0.8015625 0.0828125 0.078125
0 0.53984375 0.784375 0.06875 0.08828125
0 0.50390625 0.9234375 0.0578125 0.12890625
0 0.34453125 0.32109375 0.07109375 0.11875
0 0.73515625 0.62578125 0.0625 0.1375
0 0.6984375 0.48984375 0.0515625 0.14375
0 0.4890625 0.64921875 0.090625 0.059375
0 0.440625 0.88984375 0.07109375 0.08125
0 0.96953125 0.9203125 0.04375 0.115625
0 0.8234375 0.0796875 0.0484375 0.12890625