0 0.38984375 0.6203125 0.09296875 0.12265625
0 0.26484375 0.8859375 0.0953125 0.1515625
0 0.44765625 0.85703125 0.09765625 0.190625
0 0.13671875 0.86796875 0.07578125 0.1484375
0 0.7859375 0.4640625 0.1046875 0.140625
0 0.42265625 0.39609375 0.0921875 0.11875
0 0.428125 0.24453125 0.096875 0.103125
0 0.16953125 0.78671875 0.084375 0.14296875
0 0.35390625 0.7734375 0.0703125 0.196875
0 0.06640625 0.4234375 0.07890625 0.209375
0 0.32890625 0.203125 0.08828125 0.15625
0 0.35 0.96640625 0.07734375 0.06640625
0 0.0828125 0.2875 0.0640625 0.11484375