0 0.27734375 0.2203125 0.07734375 0.19296875
0 0.140625 0.11328125 0.096875 0.175
0 0.5125 0.1453125 0.065625 0.18984375
0 0.87890625 0.51640625 0.0984375 0.16796875
0 0.56953125 0.5609375 0.090625 0.18125
0 0.21328125 0.396875 0.08828125 0.178125
0 0.59765625 0.053125 0.0828125 0.1046875
0 0.4828125 0.475 0.1109375 0.14765625
0 0.33515625 0.94453125 0.0875 0.11015625
0 0.6125 0.23984375 0.1109375 0.146875
0 0.69453125 0.2578125 0.1015625 0.17265625
0 0.9609375 0.12109375 0.078125 0.18125
0 0.9046875 0.05703125 0.07265625 0.11328125
0 0.025 0.0671875 0.04765625 0.12890625
0 0.8421875 0.96640625 0.08515625 0.06640625