0 0.67109375 0.4125 0.07109375 0.13984375
0 0.46875 0.54375 0.075 0.13359375
0 0.4109375 0.553125 0.05859375 0.1546875
0 0.2984375 0.4359375 0.08125 0.11953125
0 0.36875 0.44609375 0.075 0.0984375
0 0.48046875 0.39765625 0.06875 0.11796875
0 0.54765625 0.39375 0.10234375 0.12890625
0 0.51484375 0.30078125 0.1203125 0.0671875
0 0.63125 0.17734375 0.06875 0.08984375
0 0.8328125 0.18359375 0.046875 0.109375
0 0.8765625 0.18828125 0.0515625 0.11015625
0 0.91875 0.19296875 0.05390625 0.09765625
0 0.97421875 0.21640625 0.0515625 0.06328125
0 0.76328125 0.521875 0.10234375 0.1375
0 0.78203125 0.4390625 0.08515625 0.0828125
0 0.8734375 0.4640625 0.08515625 0.08359375
0 0.909375 0.56171875 0.03984375 0.1515625
0 0.95625 0.54609375 0.0734375 0.14609375
0 0.0484375 0.43046875 0.096875 0.1234375
0 0.140625 0.1078125 0.11796875 0.11875
0 0.3140625 0.23828125 0.05859375 0.1890625
0 0.284375 0.3421875 0.109375 0.0875