0 0.30546875 0.221875 0.0875 0.18125
0 0.146875 0.115625 0.13046875 0.146875
0 0.1734375 0.3296875 0.09921875 0.171875
0 0.46171875 0.11484375 0.115625 0.1796875
0 0.4125 0.5296875 0.1265625 0.109375
0 0.73203125 0.915625 0.09140625 0.15390625
0 0.04375 0.86484375 0.0875 0.1484375
0 0.06484375 0.6125 0.11484375 0.1265625
0 0.50078125 0.61328125 0.1125 0.11640625
0 0.909375 0.69609375 0.08828125 0.1609375
0 0.19375 0.5453125 0.10703125 0.1546875
0 0.821875 0.634375 0.08046875 0.184375
0 0.125 0.7015625 0.08203125 0.20078125
0 0.7453125 0.47890625 0.08828125 0.10859375
0 0.6390625 0.56328125 0.08046875 0.14296875
0 0.47265625 0.3484375 0.109375 0.10703125
0 0.18203125 0.62578125 0.10546875 0.1484375
0 0.62578125 0.78203125 0.08046875 0.17109375
0 0.5859375 0.20625 0.0703125 0.17734375
0 0.06640625 0.32109375 0.0765625 0.1
0 0.58515625 0.7046875 0.06640625 0.209375
0 0.95234375 0.43671875 0.07734375 0.09375