0 0.7671875 0.76640625 0.1109375 0.12890625
0 0.76640625 0.540625 0.1078125 0.1328125
0 0.34375 0.26796875 0.07578125 0.15625
0 0.296875 0.13203125 0.08828125 0.1390625
0 0.459375 0.18203125 0.09375 0.13515625
0 0.384375 0.15703125 0.071875 0.103125
0 0.51484375 0.5875 0.14453125 0.11484375
0 0.47734375 0.70625 0.11640625 0.13046875
0 0.3125 0.7078125 0.1078125 0.1140625
0 0.6359375 0.11953125 0.0828125 0.11953125
0 0.08828125 0.5296875 0.103125 0.10390625
0 0.6984375 0.23203125 0.07578125 0.1359375
0 0.18203125 0.39609375 0.11640625 0.11171875
0 0.88515625 0.21953125 0.06640625 0.1265625
0 0.1625 0.28984375 0.103125 0.12265625
0 0.4984375 0.1125 0.0984375 0.134375
0 0.2125 0.6578125 0.07734375 0.11953125
0 0.903125 0.13671875 0.08203125 0.0890625
0 0.45546875 0.95390625 0.09921875 0.0921875
0 0.0484375 0.31171875 0.06953125 0.13359375
0 0.709375 0.12109375 0.0578125 0.115625
0 0.73671875 0.3828125 0.0765625 0.1046875
0 0.97578125 0.1265625 0.04765625 0.1125
0 0.18828125 0.11171875 0.09765625 0.1515625
0 0.4328125 0.8375 0.084375 0.15625
0 0.3578125 0.803125 0.0734375 0.1765625