0 0.36640625 0.396875 0.0484375 0.0828125
0 0.43125 0.521875 0.04140625 0.075
0 0.4796875 0.51796875 0.0453125 0.096875
0 0.7546875 0.6375 0.046875 0.109375
0 0.4296875 0.74140625 0.05859375 0.10625
0 0.95234375 0.73359375 0.04765625 0.08984375
0 0.18125 0.759375 0.059375 0.140625
0 0.85859375 0.8515625 0.0375 0.09453125
0 0.26953125 0.6125 0.04921875 0.12890625
0 0.23671875 0.76875 0.05546875 0.15078125
0 0.09296875 0.6140625 0.08125 0.10078125
0 0.9453125 0.94375 0.03984375 0.08515625
0 0.11875 0.6859375 0.06640625 0.0984375
0 0.14296875 0.80703125 0.0890625 0.1484375
0 0.47890625 0.771875 0.0484375 0.075
0 0.73828125 0.83359375 0.05390625 0.09140625
0 0.70078125 0.65859375 0.0609375 0.06015625
0 0.67421875 0.81015625 0.06484375 0.103125
0 0.0359375 0.8109375 0.07109375 0.13984375
0 0.74140625 0.9171875 0.0453125 0.1328125
0 0.82421875 0.88046875 0.04296875 0.078125
0 0.96171875 0.64921875 0.0453125 0.0734375
0 0.7375 0.246875 0.03984375 0.07734375
0 0.88203125 0.26484375 0.04296875 0.05859375
0 0.221875 0.64296875 0.03359375 0.0875
0 0.97890625 0.9453125 0.034375 0.0734375
0 0.5265625 0.7765625 0.03515625 0.0796875
0 0.975 0.3265625 0.04921875 0.06484375
0 0.78125 0.94375 0.046875 0.10703125
0 0.82421875 0.93203125 0.0515625 0.09921875