0 0.7828125 0.70234375 0.05703125 0.07265625
0 0.34296875 0.7828125 0.04140625 0.071875
0 0.46796875 0.78515625 0.04453125 0.08046875
0 0.7390625 0.8296875 0.05234375 0.07578125
0 0.84296875 0.66328125 0.059375 0.07109375
0 0.91328125 0.69609375 0.05 0.06953125
0 0.93984375 0.8078125 0.04921875 0.09140625
0 0.42109375 0.81796875 0.04296875 0.0796875
0 0.33359375 0.8640625 0.04375 0.0921875
0 0.9640625 0.725 0.07109375 0.09921875
0 0.55234375 0.85859375 0.046875 0.084375
0 0.3625 0.878125 0.0421875 0.0875
0 0.53203125 0.7953125 0.046875 0.0921875
0 0.628125 0.784375 0.040625 0.0765625
0 0.5953125 0.81484375 0.04140625 0.08359375
0 0.66171875 0.9578125 0.046875 0.065625
0 0.56484375 0.73515625 0.04296875 0.06796875
0 0.8953125 0.95625 0.053125 0.07734375
0 0.40390625 0.765625 0.03984375 0.0890625
0 0.32265625 0.9515625 0.04375 0.0734375
0 0.5265625 0.73359375 0.03515625 0.0796875
0 0.5765625 0.7609375 0.040625 0.06328125
0 0.76171875 0.94609375 0.0484375 0.06796875
0 0.61875 0.70390625 0.04140625 0.0671875
0 0.5734375 0.91328125 0.040625 0.08828125
0 0.9140625 0.64375 0.0578125 0.0640625
0 0.65625 0.721875 0.03828125 0.10078125
0 0.96796875 0.65546875 0.0609375 0.06875
0 0.39140625 0.884375 0.0421875 0.084375
0 0.88515625 0.815625 0.06640625 0.1296875
0 0.29765625 0.89375 0.03828125 0.10078125
0 0.70703125 0.91484375 0.0546875 0.10078125
0 0.78046875 0.85859375 0.0484375 0.08515625
0 0.43984375 0.76015625 0.0390625 0.0578125
0 0.70234375 0.82265625 0.06015625 0.0859375
0 0.890625 0.7765625 0.04140625 0.06484375
0 0.95546875 0.90859375 0.059375 0.12265625
0 0.61796875 0.8859375 0.0453125 0.09765625
0 0.65234375 0.88125 0.04609375 0.09609375
0 0.60703125 0.959375 0.04453125 0.0765625
0 0.97734375 0.81953125 0.0453125 0.090625