0 0.22265625 0.05703125 0.10703125 0.1140625
0 0.33359375 0.0546875 0.08671875 0.109375
0 0.41640625 0.103125 0.0890625 0.14375
0 0.38125 0.19375 0.07109375 0.15390625
0 0.325 0.20703125 0.08046875 0.13203125
0 0.2703125 0.26328125 0.10546875 0.14921875
0 0.15703125 0.2359375 0.1484375 0.15625
0 0.54140625 0.19765625 0.1078125 0.1296875
0 0.63125 0.0609375 0.11875 0.1203125
0 0.5109375 0.0703125 0.1015625 0.11953125
0 0.4140625 0.4453125 0.1 0.16796875
0 0.6515625 0.40390625 0.090625 0.16953125
0 0.74375 0.2609375 0.09453125 0.178125
0 0.8484375 0.325 0.0859375 0.2078125
0 0.8453125 0.17109375 0.10625 0.1359375
0 0.28203125 0.640625 0.11015625 0.15546875
0 0.9453125 0.29765625 0.109375 0.1546875
0 0.9578125 0.1421875 0.084375 0.1390625
0 0.0546875 0.29453125 0.103125 0.15546875
0 0.4 0.56796875 0.07578125 0.14921875
0 0.18125 0.49609375 0.11015625 0.12890625
0 0.540625 0.728125 0.0984375 0.18125
0 0.36875 0.790625 0.1171875 0.1234375
0 0.478125 0.57265625 0.10078125 0.2484375
0 0.06015625 0.71484375 0.0828125 0.184375
0 0.9265625 0.47109375 0.08984375 0.2046875
0 0.71328125 0.553125 0.12890625 0.2296875
0 0.1296875 0.79375 0.1109375 0.13515625
0 0.07421875 0.4765625 0.08359375 0.23125
0 0.821875 0.790625 0.10546875 0.1375
0 0.309375 0.4390625 0.11640625 0.17890625
0 0.73046875 0.1 0.14609375 0.19609375
0 0.52265625 0.359375 0.10234375 0.1703125
0 0.9015625 0.40234375 0.08984375 0.13515625
0 0.865625 0.9109375 0.0984375 0.16328125
0 0.57109375 0.040625 0.06171875 0.07890625
0 0.74296875 0.80546875 0.096875 0.1265625
0 0.95 0.8765625 0.078125 0.18828125
0 0.709375 0.89296875 0.11875 0.11953125
0 0.6671875 0.96015625 0.10546875 0.07890625
0 0.90625 0.7578125 0.11640625 0.1390625
0 0.9703125 0.0375 0.059375 0.075
0 0.171875 0.58515625 0.1125 0.2109375
0 0.14453125 0.6453125 0.0859375 0.16015625
0 0.2484375 0.821875 0.121875 0.1375
0 0.275 0.90859375 0.07109375 0.1828125
0 0.37109375 0.96015625 0.08984375 0.0796875