0 0.58515625 0.13125 0.11015625 0.153125
0 0.346875 0.05390625 0.08671875 0.1078125
0 0.43125 0.159375 0.0984375 0.1375
0 0.9234375 0.4109375 0.0921875 0.19140625
0 0.82265625 0.5328125 0.1171875 0.1625
0 0.34140625 0.2265625 0.07578125 0.16015625
0 0.09921875 0.21640625 0.0890625 0.121875
0 0.58515625 0.4421875 0.1109375 0.1234375
0 0.03671875 0.11328125 0.071875 0.14921875
0 0.32109375 0.55546875 0.071875 0.20625
0 0.4375 0.515625 0.07421875 0.17421875
0 0.49609375 0.74609375 0.09296875 0.12734375
0 0.16171875 0.278125 0.0921875 0.13515625
0 0.03125 0.35234375 0.0625 0.1359375
0 0.3109375 0.74140625 0.1140625 0.15078125
0 0.2203125 0.45546875 0.0859375 0.15390625
0 0.19765625 0.35 0.08515625 0.17421875
0 0.0390625 0.7109375 0.078125 0.12734375
0 0.628125 0.65 0.11484375 0.19453125
0 0.50078125 0.9203125 0.10859375 0.1109375
0 0.646875 0.9 0.08671875 0.1875
0 0.14453125 0.61953125 0.09609375 0.1359375
0 0.0484375 0.6 0.096875 0.1625
0 0.1125 0.53984375 0.096875 0.12734375
0 0.98125 0.16015625 0.0375 0.1328125
0 0.92109375 0.7453125 0.1421875 0.165625
0 0.859375 0.8734375 0.06875 0.165625
0 0.74921875 0.915625 0.1046875 0.08984375
0 0.17734375 0.8078125 0.08203125 0.078125
0 0.29765625 0.9265625 0.05078125 0.125