0 0.4390625 0.41015625 0.071875 0.1734375
0 0.509375 0.32578125 0.0625 0.14140625
0 0.434375 0.56328125 0.09609375 0.1140625
0 0.68046875 0.27890625 0.09765625 0.1359375
0 0.93828125 0.4171875 0.1015625 0.240625
0 0.8140625 0.69609375 0.09765625 0.1609375
0 0.93828125 0.78984375 0.0609375 0.11796875
0 0.69375 0.95234375 0.084375 0.0953125
0 0.13046875 0.85 0.07265625 0.1625
0 0.0921875 0.6140625 0.07109375 0.11875
0 0.05625 0.3171875 0.078125 0.10390625
0 0.08984375 0.440625 0.07421875 0.13125
0 0.04921875 0.91796875 0.0578125 0.1546875
0 0.6140625 0.34375 0.096875 0.134375
0 0.5765625 0.4421875 0.07734375 0.19921875
0 0.6359375 0.47734375 0.103125 0.13984375