0 0.253125 0.66875 0.06015625 0.13359375
0 0.46875 0.775 0.084375 0.0921875
0 0.5125 0.71171875 0.0609375 0.1
0 0.8984375 0.90859375 0.07890625 0.1390625
0 0.7515625 0.79765625 0.06875 0.078125
0 0.83046875 0.79140625 0.04765625 0.07578125
0 0.17421875 0.8609375 0.07109375 0.1359375
0 0.909375 0.83125 0.05625 0.103125
0 0.16796875 0.93984375 0.06796875 0.103125
0 0.290625 0.87421875 0.0734375 0.1109375
0 0.571875 0.7140625 0.05625 0.08046875
0 0.37109375 0.62421875 0.07265625 0.0796875
0 0.03203125 0.80625 0.04453125 0.09453125
0 0.10234375 0.8734375 0.0625 0.10546875
0 0.15 0.815625 0.06015625 0.0890625
0 0.134375 0.7046875 0.046875 0.103125
0 0.97265625 0.9046875 0.05390625 0.10078125
0 0.6703125 0.7171875 0.040625 0.06171875
0 0.75078125 0.73984375 0.065625 0.09609375
0 0.39140625 0.721875 0.05234375 0.09609375
0 0.1796875 0.61875 0.0453125 0.084375
0 0.70234375 0.71953125 0.0484375 0.10625
0 0.3609375 0.89921875 0.04921875 0.0640625
0 0.06796875 0.68515625 0.05390625 0.12109375
0 0.52421875 0.63671875 0.0453125 0.0921875
0 0.90703125 0.7515625 0.05390625 0.08984375
0 0.09296875 0.93203125 0.0828125 0.1015625
0 0.7828125 0.9515625 0.06640625 0.0828125
0 0.68828125 0.84609375 0.05859375 0.1015625
0 0.78046875 0.86796875 0.059375 0.08125
0 0.02109375 0.70546875 0.0421875 0.0921875
0 0.4671875 0.675 0.0484375 0.0875
0 0.08671875 0.6 0.0671875 0.0859375
0 0.975 0.809375 0.04921875 0.10078125
0 0.63359375 0.90859375 0.04921875 0.09140625
0 0.878125 0.715625 0.04765625 0.08515625
0 0.3625 0.759375 0.06640625 0.10234375
0 0.25625 0.59296875 0.071875 0.0765625
0 0.0265625 0.58671875 0.053125 0.075
0 0.7421875 0.6796875 0.065625 0.07109375
0 0.3171875 0.603125 0.06328125 0.071875
0 0.56875 0.63984375 0.02109375 0.0734375
0 0.59375 0.64921875 0.03125 0.08515625