0 0.665625 0.07421875 0.05390625 0.10234375
0 0.80390625 0.23984375 0.05078125 0.15078125
0 0.9578125 0.140625 0.06875 0.15234375
0 0.94375 0.29765625 0.04609375 0.13515625
0 0.93984375 0.490625 0.053125 0.15703125
0 0.7265625 0.540625 0.03671875 0.10703125
0 0.83984375 0.39609375 0.0609375 0.11171875
0 0.04609375 0.33125 0.0640625 0.17578125
0 0.82890625 0.5109375 0.07265625 0.0984375
0 0.35 0.0546875 0.08203125 0.1078125
0 0.67890625 0.74375 0.0671875 0.11640625
0 0.68828125 0.28125 0.0609375 0.1203125
0 0.95234375 0.76015625 0.07109375 0.1203125
0 0.1015625 0.73046875 0.08515625 0.1546875
0 0.43359375 0.86875 0.0671875 0.16171875
0 0.771875 0.39453125 0.0890625 0.12109375
0 0.15703125 0.20078125 0.08203125 0.12265625
0 0.3109375 0.49375 0.0765625 0.13125
0 0.67265625 0.3765625 0.06640625 0.15859375
0 0.6140625 0.36171875 0.07265625 0.15078125
0 0.27109375 0.240625 0.115625 0.13046875
0 0.265625 0.70703125 0.0609375 0.15703125
0 0.20390625 0.93671875 0.071875 0.121875
0 0.165625 0.63671875 0.06953125 0.171875
0 0.28203125 0.60859375 0.07421875 0.15
0 0.26953125 0.39921875 0.08671875 0.13125
0 0.23984375 0.49453125 0.07109375 0.13515625
0 0.0703125 0.02421875 0.0640625 0.0484375
0 0.215625 0.78359375 0.06796875 0.1796875