0 0.61171875 0.9 0.06484375 0.1078125
0 0.5109375 0.9421875 0.1 0.09765625
0 0.68828125 0.74921875 0.053125 0.1703125
0 0.6234375 0.77265625 0.071875 0.1390625
0 0.53671875 0.39296875 0.06796875 0.0859375
0 0.6921875 0.40234375 0.071875 0.12265625
0 0.77890625 0.69453125 0.06015625 0.10546875
0 0.17734375 0.509375 0.046875 0.1125
0 0.4578125 0.446875 0.05859375 0.1515625
0 0.02578125 0.46171875 0.0515625 0.1046875
0 0.9484375 0.6859375 0.07421875 0.13203125
0 0.5375 0.75234375 0.07421875 0.09453125
0 0.0671875 0.93046875 0.05078125 0.12734375
0 0.10625 0.57421875 0.04296875 0.09140625
0 0.45 0.72421875 0.0546875 0.10859375