0 0.61640625 0.659375 0.0890625 0.16171875
0 0.3375 0.8171875 0.0875 0.10859375
0 0.21796875 0.5421875 0.0828125 0.1140625
0 0.46796875 0.628125 0.09375 0.115625
0 0.325 0.44921875 0.07890625 0.11875
0 0.51171875 0.4125 0.09921875 0.14765625
0 0.6203125 0.79609375 0.0796875 0.1125
0 0.646875 0.89453125 0.115625 0.090625
0 0.665625 0.34296875 0.0796875 0.1
0 0.834375 0.61796875 0.11796875 0.27109375
0 0.9671875 0.29140625 0.065625 0.12734375
0 0.75625 0.21171875 0.084375 0.10078125
0 0.31953125 0.29375 0.07109375 0.096875
0 0.36484375 0.36171875 0.0625 0.1296875
0 0.69609375 0.22734375 0.08046875 0.09375
0 0.02421875 0.08125 0.04375 0.09140625
0 0.5765625 0.14296875 0.06328125 0.1578125
0 0.2890625 0.15390625 0.0421875 0.1125
0 0.53203125 0.07734375 0.0703125 0.11953125
0 0.1390625 0.0796875 0.0625 0.11875
0 0.46875 0.07578125 0.04609375 0.115625
0 0.91875 0.053125 0.06171875 0.0984375
0 0.4390625 0.6515625 0.0265625 0.053125
0 0.31328125 0.1859375 0.04375 0.09375
0 0.509375 0.03828125 0.0796875 0.075
0 0.03046875 0.15625 0.04296875 0.11015625
0 0.665625 0.16640625 0.05625 0.1546875
0 0.5765625 0.03203125 0.05390625 0.0625
0 0.6171875 0.17578125 0.0515625 0.134375
0 0.74375 0.09609375 0.059375 0.13359375
0 0.35 0.16015625 0.04140625 0.1359375
0 0.3953125 0.15 0.059375 0.1515625
0 0.08984375 0.1671875 0.04296875 0.09296875