0 0.2578125 0.24375 0.0984375 0.19140625
0 0.10859375 0.296875 0.109375 0.12890625
0 0.0734375 0.46796875 0.12265625 0.15390625
0 0.6359375 0.17578125 0.08125 0.18515625
0 0.5578125 0.284375 0.1046875 0.1453125
0 0.71328125 0.2234375 0.07109375 0.1703125
0 0.48359375 0.18203125 0.10234375 0.1515625
0 0.95703125 0.065625 0.08515625 0.128125
0 0.4609375 0.41015625 0.07265625 0.1859375
0 0.18828125 0.75859375 0.08046875 0.21484375
0 0.68046875 0.59609375 0.1 0.146875
0 0.26484375 0.3921875 0.1015625 0.16328125
0 0.840625 0.71015625 0.1015625 0.13125
0 0.92421875 0.4515625 0.10703125 0.1640625
0 0.78515625 0.62578125 0.06640625 0.19296875
0 0.05 0.5875 0.1 0.146875
0 0.56328125 0.15390625 0.06171875 0.1234375
0 0.05234375 0.7046875 0.10390625 0.15703125
0 0.72734375 0.7828125 0.11953125 0.13359375
0 0.58671875 0.48671875 0.07265625 0.18984375
0 0.6046875 0.7875 0.0859375 0.184375
0 0.50234375 0.528125 0.1078125 0.13203125
0 0.50703125 0.715625 0.11875 0.13125
0 0.396875 0.7234375 0.11953125 0.12421875
0 0.72578125 0.88203125 0.10234375 0.1296875
0 0.240625 0.578125 0.071875 0.196875
0 0.346875 0.4125 0.06953125 0.2046875
0 0.95234375 0.5875 0.07578125 0.15234375
0 0.3078125 0.61171875 0.071875 0.215625
0 0.5171875 0.61875 0.09609375 0.10859375
0 0.9046875 0.821875 0.07578125 0.14453125
0 0.64765625 0.93671875 0.07734375 0.1265625
0 0.84296875 0.83046875 0.08125 0.12890625
0 0.465625 0.92734375 0.084375 0.1453125
0 0.8953125 0.51875 0.08046875 0.1921875
0 0.28203125 0.86484375 0.0953125 0.14140625
0 0.359375 0.89921875 0.08828125 0.13515625
0 0.85078125 0.946875 0.07890625 0.10234375
0 0.37109375 0.79296875 0.09765625 0.146875
0 0.31328125 0.8140625 0.10390625 0.1359375
0 0.92265625 0.915625 0.06953125 0.15546875