0 0.39140625 0.36796875 0.1015625 0.1328125
0 0.8640625 0.38203125 0.10078125 0.16796875
0 0.646875 0.6734375 0.1 0.12734375
0 0.43203125 0.9234375 0.09453125 0.15234375
0 0.45234375 0.175 0.0453125 0.13046875
0 0.54375 0.115625 0.07734375 0.11953125
0 0.03515625 0.21328125 0.05546875 0.14609375
0 0.9484375 0.1984375 0.06953125 0.13671875
0 0.87890625 0.2125 0.05390625 0.16015625
0 0.825 0.17734375 0.06484375 0.14609375
0 0.590625 0.05859375 0.08828125 0.1171875
0 0.37734375 0.18203125 0.084375 0.1453125
0 0.79453125 0.103125 0.1015625 0.09140625
0 0.78671875 0.0296875 0.1171875 0.059375
0 0.12890625 0.06484375 0.0828125 0.0859375
0 0.0390625 0.09140625 0.078125 0.07421875
0 0.1390625 0.2015625 0.10078125 0.14609375
0 0.23828125 0.090625 0.08046875 0.08984375
0 0.23203125 0.0234375 0.0859375 0.046875
0 0.3484375 0.0515625 0.084375 0.071875
0 0.30546875 0.1203125 0.05078125 0.09140625
0 0.35 0.14140625 0.07265625 0.1046875