0 0.5078125 0.4234375 0.0859375 0.11953125
0 0.325 0.440625 0.071875 0.1390625
0 0.38984375 0.5640625 0.0640625 0.18359375
0 0.3265625 0.675 0.09375 0.1078125
0 0.415625 0.77890625 0.07265625 0.12265625
0 0.44375 0.8765625 0.071875 0.1
0 0.0953125 0.85 0.07265625 0.11484375
0 0.11171875 0.615625 0.0703125 0.13671875
0 0.70625 0.709375 0.08984375 0.11484375
0 0.525 0.69375 0.071875 0.1234375
0 0.9046875 0.5421875 0.046875 0.12890625
0 0.20234375 0.62265625 0.07265625 0.15703125
0 0.64375 0.76328125 0.0546875 0.1375
0 0.91640625 0.77890625 0.0625 0.125
0 0.86875 0.6734375 0.06484375 0.11875
0 0.48203125 0.54765625 0.059375 0.15703125
0 0.946875 0.88984375 0.05390625 0.11328125
0 0.96796875 0.67734375 0.0640625 0.13203125
0 0.84921875 0.80546875 0.0453125 0.1359375
0 0.45078125 0.61640625 0.05625 0.12734375
0 0.80703125 0.08359375 0.05390625 0.13515625
0 0.17265625 0.690625 0.08203125 0.10546875
0 0.75859375 0.0625 0.05625 0.11875
0 0.79609375 0.92109375 0.04453125 0.09609375
0 0.75859375 0.9125 0.05859375 0.1109375
0 0.01796875 0.83984375 0.0359375 0.121875