0 0.63984375 0.24453125 0.0671875 0.18515625
0 0.921875 0.45234375 0.065625 0.1890625
0 0.5375 0.56328125 0.06875 0.1359375
0 0.503125 0.64453125 0.06953125 0.1015625
0 0.2359375 0.4 0.0609375 0.1296875
0 0.290625 0.3953125 0.0671875 0.153125
0 0.1640625 0.49765625 0.0609375 0.14375
0 0.13203125 0.3640625 0.07578125 0.1234375
0 0.296875 0.75859375 0.065625 0.14609375
0 0.20546875 0.68671875 0.05 0.165625
0 0.67890625 0.87421875 0.0828125 0.12421875
0 0.5640625 0.928125 0.06875 0.14375
0 0.0328125 0.74609375 0.05703125 0.10390625
0 0.31875 0.46484375 0.07734375 0.1171875
0 0.41484375 0.69609375 0.06328125 0.18203125
0 0.4171875 0.9390625 0.06171875 0.121875
0 0.45234375 0.8140625 0.06875 0.16875
0 0.7328125 0.94453125 0.0578125 0.10859375
0 0.30234375 0.5734375 0.0765625 0.1515625
0 0.31953125 0.8546875 0.07109375 0.13125
0 0.24921875 0.7390625 0.06171875 0.14609375
0 0.11875 0.5046875 0.0546875 0.15703125
0 0.36875 0.934375 0.05234375 0.13125
0 0.79140625 0.94375 0.078125 0.10078125
0 0.6859375 0.584375 0.096875 0.12734375
0 0.709375 0.6875 0.06875 0.221875
0 0.675 0.97109375 0.059375 0.0578125
0 0.3234375 0.96875 0.05390625 0.0625
0 0.13515625 0.90234375 0.05546875 0.1953125
0 0.0734375 0.8171875 0.04296875 0.16953125
0 0.0359375 0.86328125 0.065625 0.10234375
0 0.04453125 0.04453125 0.0453125 0.0890625