0 0.32734375 0.11171875 0.07265625 0.1515625
0 0.5078125 0.07734375 0.071875 0.14375
0 0.4765625 0.34765625 0.06875 0.13046875
0 0.415625 0.22890625 0.0703125 0.15859375
0 0.60234375 0.20546875 0.06640625 0.134375
0 0.5421875 0.20625 0.046875 0.11484375
0 0.7 0.21484375 0.06484375 0.10703125
0 0.1421875 0.31640625 0.06953125 0.18203125
0 0.2125 0.66015625 0.078125 0.15859375
0 0.2609375 0.27578125 0.09140625 0.17578125
0 0.7328125 0.4515625 0.06328125 0.1515625
0 0.66953125 0.3828125 0.0609375 0.10078125
0 0.11953125 0.4671875 0.1171875 0.21640625
0 0.9578125 0.2 0.08359375 0.23203125
0 0.31015625 0.4484375 0.08359375 0.15078125
0 0.76796875 0.33671875 0.06015625 0.24296875
0 0.9765625 0.71484375 0.046875 0.11171875
0 0.82265625 0.9625 0.07578125 0.07421875
0 0.40546875 0.9375 0.0640625 0.125
0 0.2109375 0.378125 0.071875 0.13125
0 0.69609375 0.10078125 0.05703125 0.11171875
0 0.33515625 0.665625 0.07734375 0.16640625
0 0.046875 0.43125 0.06171875 0.16015625
0 0.7671875 0.809375 0.05078125 0.13125
0 0.23671875 0.80703125 0.059375 0.15390625
0 0.6921875 0.90546875 0.059375 0.146875
0 0.10234375 0.7140625 0.07578125 0.1140625
0 0.88203125 0.8296875 0.06484375 0.1109375
0 0.9734375 0.53828125 0.05234375 0.09765625
0 0.62578125 0.62421875 0.0890625 0.1515625
0 0.9296875 0.41328125 0.040625 0.1484375
0 0.86953125 0.4953125 0.05234375 0.13515625
0 0.83046875 0.44765625 0.05078125 0.1234375
0 0.72734375 0.74296875 0.05703125 0.1484375
0 0.68125 0.728125 0.046875 0.1625
0 0.62109375 0.77734375 0.05546875 0.1515625
0 0.6046875 0.9046875 0.05625 0.128125
0 0.65078125 0.88359375 0.0515625 0.15546875
0 0.51953125 0.87265625 0.1015625 0.0953125
0 0.54375 0.75078125 0.09609375 0.10546875
0 0.5265625 0.61484375 0.040625 0.14140625
0 0.4734375 0.5359375 0.05078125 0.16875
0 0.50859375 0.56484375 0.0453125 0.16640625
0 0.4234375 0.54453125 0.059375 0.1734375
0 0.3828125 0.5484375 0.09453125 0.08046875
0 0.375 0.6359375 0.06875 0.140625
0 0.03828125 0.67265625 0.04921875 0.1640625
0 0.3484375 0.853125 0.103125 0.09375
0 0.31171875 0.92265625 0.10546875 0.1296875
0 0.903125 0.7046875 0.04296875 0.13359375
0 0.93203125 0.76875 0.0453125 0.15546875
0 0.7953125 0.71640625 0.06484375 0.07578125
0 0.7609375 0.54375 0.05625 0.128125
0 0.23984375 0.45859375 0.0609375 0.1546875
0 0.26171875 0.528125 0.0765625 0.125