0 0.42578125 0.29296875 0.096875 0.16875
0 0.2703125 0.22734375 0.078125 0.15625
0 0.59140625 0.3953125 0.0890625 0.12265625
0 0.1125 0.13515625 0.0796875 0.1390625
0 0.5875 0.55 0.08125 0.178125
0 0.10546875 0.7109375 0.0515625 0.14375
0 0.246875 0.9421875 0.059375 0.10859375
0 0.728125 0.5140625 0.09296875 0.16015625
0 0.41484375 0.4828125 0.071875 0.1203125
0 0.3875 0.90390625 0.06796875 0.10625
0 0.16015625 0.6296875 0.06015625 0.115625
0 0.2421875 0.70234375 0.05234375 0.11484375
0 0.971875 0.815625 0.05390625 0.15625
0 0.21953125 0.58125 0.06328125 0.0828125
0 0.528125 0.6625 0.0625 0.17734375
0 0.509375 0.81953125 0.07109375 0.12109375
0 0.27890625 0.4046875 0.0578125 0.1140625
0 0.6390625 0.93671875 0.06484375 0.11171875
0 0.453125 0.775 0.040625 0.13203125
0 0.821875 0.92890625 0.06484375 0.134375
0 0.56171875 0.8921875 0.0609375 0.134375
0 0.85625 0.846875 0.0953125 0.10390625
0 0.0953125 0.5421875 0.06171875 0.1328125
0 0.86015625 0.70625 0.078125 0.12265625
0 0.43125 0.696875 0.0640625 0.1
0 0.3109375 0.84296875 0.04375 0.1234375
0 0.246875 0.475 0.05390625 0.11015625
0 0.76015625 0.928125 0.0671875 0.12421875
0 0.6125 0.70390625 0.071875 0.1265625
0 0.04140625 0.64140625 0.053125 0.14921875
0 0.5140625 0.91328125 0.06015625 0.09609375
0 0.42421875 0.58203125 0.06796875 0.0875
0 0.75703125 0.66796875 0.096875 0.0828125
0 0.63125 0.8484375 0.0953125 0.10234375
0 0.334375 0.50078125 0.08515625 0.09296875
0 0.359375 0.728125 0.07890625 0.10078125
0 0.29765625 0.7015625 0.0578125 0.128125