0 0.37890625 0.7953125 0.05703125 0.1328125
0 0.4296875 0.81328125 0.0703125 0.1265625
0 0.496875 0.75390625 0.0796875 0.08828125
0 0.2921875 0.896875 0.05625 0.09921875
0 0.31953125 0.8296875 0.06328125 0.0859375
0 0.21875 0.928125 0.06015625 0.11015625
0 0.5234375 0.8515625 0.07421875 0.1203125
0 0.3078125 0.78203125 0.06640625 0.10390625
0 0.459375 0.72265625 0.06640625 0.09140625
0 0.27578125 0.728125 0.059375 0.1140625
0 0.6765625 0.83125 0.06015625 0.09765625
0 0.68046875 0.928125 0.059375 0.115625
0 0.82890625 0.91875 0.0671875 0.12109375
0 0.771875 0.89921875 0.06484375 0.10390625
0 0.5125 0.66875 0.0578125 0.090625
0 0.74453125 0.8328125 0.0546875 0.10703125
0 0.76953125 0.725 0.08515625 0.09609375
0 0.56171875 0.8625 0.06328125 0.1234375
0 0.6953125 0.6984375 0.07109375 0.1
0 0.1 0.93125 0.0515625 0.1140625
0 0.42890625 0.67578125 0.0625 0.0859375
0 0.6296875 0.884375 0.0578125 0.11328125
0 0.590625 0.94453125 0.071875 0.10859375
0 0.203125 0.8328125 0.04765625 0.12109375
0 0.1265625 0.66875 0.06640625 0.090625
0 0.14765625 0.90234375 0.0609375 0.121875
0 0.16171875 0.84296875 0.05625 0.11875
0 0.2546875 0.65546875 0.053125 0.0984375
0 0.51484375 0.5796875 0.0515625 0.07421875
0 0.4671875 0.6125 0.06171875 0.0890625
0 0.9109375 0.821875 0.078125 0.08359375
0 0.74921875 0.65234375 0.0625 0.0984375
0 0.0578125 0.65703125 0.05 0.11796875
0 0.9046875 0.8953125 0.0859375 0.09296875
0 0.20078125 0.659375 0.06171875 0.0953125
0 0.396875 0.5921875 0.06328125 0.0703125
0 0.86875 0.71484375 0.06796875 0.10703125