0 0.21796875 0.1078125 0.0828125 0.17578125
0 0.4625 0.15703125 0.1 0.1578125
0 0.29296875 0.28125 0.1171875 0.165625
0 0.19140625 0.5296875 0.10234375 0.14765625
0 0.2953125 0.60859375 0.11484375 0.16328125
0 0.09140625 0.51875 0.096875 0.15078125
0 0.1171875 0.69453125 0.0984375 0.13203125
0 0.953125 0.08671875 0.09296875 0.1734375
0 0.4921875 0.62421875 0.121875 0.13515625
0 0.56015625 0.7140625 0.1046875 0.15625
0 0.3296875 0.7828125 0.11171875 0.18359375
0 0.8984375 0.37109375 0.0953125 0.15390625
0 0.940625 0.51484375 0.0953125 0.12421875
0 0.7234375 0.39765625 0.09140625 0.1328125
0 0.78515625 0.31875 0.09609375 0.178125
0 0.76875 0.1828125 0.06640625 0.14375
0 0.83359375 0.15859375 0.07265625 0.14765625
0 0.640625 0.24375 0.10625 0.1625
0 0.69296875 0.20390625 0.0890625 0.20234375
0 0.7375 0.59453125 0.09453125 0.1234375
0 0.81953125 0.6421875 0.07109375 0.14453125
0 0.921875 0.7078125 0.084375 0.171875
0 0.8125 0.7640625 0.11484375 0.128125
0 0.734375 0.73046875 0.09609375 0.12109375
0 0.6515625 0.8203125 0.1 0.16484375
0 0.52578125 0.9 0.0734375 0.19296875
0 0.4296875 0.88046875 0.09140625 0.17578125
0 0.3171875 0.86875 0.09375 0.12890625
0 0.18828125 0.9375 0.10546875 0.125
0 0.02734375 0.93046875 0.0546875 0.1390625
0 0.8328125 0.94453125 0.06875 0.1109375
0 0.94453125 0.95390625 0.0765625 0.0921875