0 0.5015625 0.0421875 0.11171875 0.084375
0 0.4703125 0.24453125 0.09921875 0.1203125
0 0.74921875 0.3359375 0.07109375 0.15625
0 0.2484375 0.259375 0.10625 0.14765625
0 0.1546875 0.45 0.071875 0.17109375
0 0.84375 0.51484375 0.07578125 0.19609375
0 0.82109375 0.3609375 0.084375 0.11484375
0 0.5625 0.5375 0.09453125 0.18515625
0 0.94296875 0.4015625 0.09296875 0.140625
0 0.915625 0.72578125 0.0734375 0.15
0 0.94375 0.5828125 0.0734375 0.1203125
0 0.309375 0.7953125 0.12890625 0.14765625
0 0.5328125 0.78046875 0.08125 0.1828125
0 0.975 0.26796875 0.05 0.1421875
0 0.98203125 0.68828125 0.03515625 0.14140625
0 0.98046875 0.0953125 0.03828125 0.13828125
0 0.021875 0.8171875 0.04296875 0.1796875
0 0.61171875 0.8015625 0.0484375 0.19765625
0 0.66171875 0.853125 0.0828125 0.16328125
0 0.49296875 0.8953125 0.07109375 0.115625
0 0.4296875 0.88671875 0.06875 0.16015625
0 0.3984375 0.95390625 0.07890625 0.0921875
0 0.27265625 0.96875 0.0765625 0.0625
0 0.90390625 0.89921875 0.0578125 0.11640625