0 0.4390625 0.26875 0.04375 0.10625
0 0.46171875 0.26484375 0.05 0.1890625
0 0.3453125 0.4515625 0.0375 0.11953125
0 0.50859375 0.70390625 0.03828125 0.10390625
0 0.4046875 0.6421875 0.0421875 0.08359375
0 0.78828125 0.45859375 0.0578125 0.10390625
0 0.3109375 0.4171875 0.046875 0.12890625
0 0.74296875 0.58515625 0.046875 0.1546875
0 0.303125 0.540625 0.0625 0.0921875
0 0.10546875 0.3609375 0.0453125 0.10703125
0 0.7359375 0.4484375 0.078125 0.11484375
0 0.9390625 0.1296875 0.059375 0.0984375
0 0.58359375 0.05 0.040625 0.084375
0 0.2609375 0.62109375 0.04609375 0.11640625
0 0.2984375 0.30234375 0.04375 0.10859375
0 0.80546875 0.5375 0.0671875 0.09375
0 0.434375 0.62421875 0.0734375 0.11171875
0 0.15390625 0.12265625 0.04765625 0.0953125
0 0.75625 0.23125 0.04921875 0.14140625
0 0.703125 0.0875 0.0578125 0.0734375
0 0.934375 0.221875 0.05546875 0.103125
0 0.07265625 0.3484375 0.0515625 0.1109375
0 0.12109375 0.07734375 0.03046875 0.07734375
0 0.63359375 0.88203125 0.05234375 0.11484375
0 0.5515625 0.0921875 0.0640625 0.0859375
0 0.08515625 0.1625 0.03984375 0.09375
0 0.634375 0.14609375 0.0390625 0.06640625
0 0.2984375 0.61015625 0.04921875 0.1390625
0 0.66953125 0.1 0.03046875 0.05
0 0.04296875 0.1546875 0.05078125 0.078125
0 0.7828125 0.278125 0.0703125 0.1265625
0 0.48125 0.72578125 0.05234375 0.11875
0 0.68046875 0.16328125 0.05625 0.1140625
0 0.625 0.0671875 0.05078125 0.1171875
0 0.06328125 0.08984375 0.02890625 0.08125
0 0.96796875 0.478125 0.05703125 0.12578125
0 0.01171875 0.33359375 0.0234375 0.12109375
0 0.2875 0.20859375 0.05078125 0.09140625
0 0.49140625 0.8546875 0.059375 0.12109375
0 0.259375 0.7046875 0.05546875 0.0984375
0 0.9828125 0.18203125 0.034375 0.15
0 0.5375 0.6828125 0.0515625 0.125
0 0.82734375 0.05703125 0.04609375 0.109375
0 0.98359375 0.34453125 0.0328125 0.1671875
0 0.37890625 0.2953125 0.04453125 0.07890625
0 0.675 0.396875 0.0671875 0.13515625
0 0.8 0.61796875 0.0609375 0.14609375
0 0.465625 0.56015625 0.07265625 0.08984375
0 0.4984375 0.23828125 0.05703125 0.1203125
0 0.6109375 0.19140625 0.06328125 0.134375
0 0.16484375 0.53984375 0.06953125 0.11015625
0 0.25625 0.8140625 0.04921875 0.10625
0 0.37421875 0.3828125 0.05234375 0.12265625
0 0.7671875 0.0484375 0.059375 0.09375
0 0.17578125 0.6046875 0.05859375 0.140625
0 0.02734375 0.759375 0.0546875 0.1109375
0 0.34375 0.58515625 0.05 0.128125
0 0.8734375 0.8296875 0.08828125 0.15625
0 0.2890625 0.10703125 0.0625 0.1078125
0 0.21328125 0.13203125 0.06796875 0.08828125
0 0.153125 0.2 0.059375 0.090625
0 0.04296875 0.228125 0.0484375 0.096875
0 0.3578125 0.1046875 0.04609375 0.08203125
0 0.45 0.140625 0.04609375 0.14140625
0 0.50078125 0.38515625 0.0578125 0.1109375
0 0.5828125 0.30625 0.08203125 0.0875
0 0.65546875 0.29921875 0.06796875 0.11640625
0 0.8390625 0.41484375 0.06328125 0.14140625
0 0.934375 0.08203125 0.05859375 0.0921875
0 0.853125 0.15234375 0.0625 0.1171875
0 0.10390625 0.8265625 0.0640625 0.12578125
0 0.04765625 0.925 0.0671875 0.08828125
0 0.225 0.89453125 0.075 0.1109375
0 0.5828125 0.5984375 0.06640625 0.09140625
0 0.66484375 0.61953125 0.0703125 0.13828125
0 0.6984375 0.71796875 0.084375 0.1171875
0 0.6375 0.778125 0.06171875 0.125
0 0.5515625 0.81015625 0.084375 0.0984375
0 0.52734375 0.88515625 0.0671875 0.0953125
0 0.4171875 0.03828125 0.06484375 0.0765625
0 0.24609375 0.325 0.0421875 0.121875
0 0.26640625 0.37890625 0.0515625 0.0921875
0 0.21015625 0.44140625 0.04765625 0.1203125
0 0.07421875 0.45234375 0.05703125 0.0828125
0 0.0671875 0.6890625 0.05 0.12890625
0 0.321875 0.68125 0.05546875 0.1
0 0.02578125 0.07265625 0.0328125 0.0859375