0 0.4015625 0.16015625 0.07421875 0.19609375
0 0.23203125 0.15390625 0.08984375 0.2046875
0 0.11796875 0.10234375 0.10703125 0.17421875
0 0.50703125 0.0609375 0.109375 0.11875
0 0.5140625 0.23203125 0.1046875 0.1421875
0 0.34609375 0.29296875 0.128125 0.1609375
0 0.0625 0.33515625 0.09140625 0.24296875
0 0.96328125 0.20078125 0.07265625 0.1484375
0 0.9078125 0.35625 0.11640625 0.153125
0 0.42890625 0.784375 0.08515625 0.240625
0 0.79765625 0.4734375 0.09765625 0.15234375
0 0.78203125 0.29453125 0.14921875 0.15390625
0 0.30625 0.5296875 0.08515625 0.2015625
0 0.9546875 0.915625 0.0859375 0.1609375
0 0.13671875 0.4546875 0.10234375 0.12109375
0 0.5859375 0.3953125 0.13359375 0.10703125
0 0.809375 0.6515625 0.08984375 0.18984375
0 0.73828125 0.62421875 0.10859375 0.1359375
0 0.12734375 0.69921875 0.11484375 0.13515625
0 0.1703125 0.9671875 0.07734375 0.065625
0 0.0421875 0.56015625 0.08203125 0.121875
0 0.5078125 0.6171875 0.10390625 0.17578125
0 0.96875 0.54609375 0.0625 0.14453125