0 0.3953125 0.27734375 0.0953125 0.09921875
0 0.4078125 0.6828125 0.0953125 0.2015625
0 0.084375 0.8484375 0.1 0.1546875
0 0.14375 0.7515625 0.08984375 0.1890625
0 0.86171875 0.7125 0.08359375 0.19140625
0 0.8734375 0.86796875 0.0828125 0.15078125
0 0.60859375 0.93125 0.08203125 0.13671875
0 0.7546875 0.909375 0.10078125 0.13984375
0 0.96015625 0.6421875 0.07890625 0.146875
0 0.95390625 0.221875 0.07265625 0.1421875
0 0.5359375 0.9203125 0.08515625 0.1546875
0 0.5796875 0.1546875 0.096875 0.11484375
0 0.75 0.22578125 0.071875 0.15703125
0 0.08125 0.44921875 0.07265625 0.11875
0 0.06640625 0.18125 0.07421875 0.18203125
0 0.846875 0.234375 0.06875 0.15234375
0 0.18515625 0.49375 0.08671875 0.1671875
0 0.4765625 0.4265625 0.06875 0.10703125
0 0.75859375 0.0546875 0.0953125 0.10625
0 0.70390625 0.45703125 0.09140625 0.14765625
0 0.1078125 0.0546875 0.08359375 0.1046875
0 0.59453125 0.48125 0.09296875 0.12890625
0 0.271875 0.0578125 0.109375 0.11171875
0 0.3578125 0.0484375 0.103125 0.09375
0 0.7984375 0.40703125 0.0984375 0.10703125