0 0.396875 0.3140625 0.0984375 0.153125
0 0.59375 0.271875 0.06640625 0.16171875
0 0.653125 0.15234375 0.059375 0.11484375
0 0.70859375 0.121875 0.0734375 0.1453125
0 0.7859375 0.3921875 0.053125 0.11875
0 0.85546875 0.2765625 0.04765625 0.153125
0 0.88203125 0.3515625 0.03828125 0.13515625
0 0.90859375 0.4265625 0.046875 0.109375
0 0.9359375 0.43125 0.0484375 0.13046875
0 0.859375 0.57734375 0.0515625 0.10625
0 0.9015625 0.59453125 0.04765625 0.11484375
0 0.89375 0.8140625 0.05234375 0.10625
0 0.93125 0.92734375 0.034375 0.11796875
0 0.97421875 0.8609375 0.0515625 0.11875
0 0.9390625 0.56796875 0.059375 0.1046875
0 0.978125 0.5375 0.04296875 0.07421875
0 0.9453125 0.25546875 0.05 0.1734375
0 0.97578125 0.23984375 0.0484375 0.15234375