0 0.2015625 0.2484375 0.0875 0.16953125
0 0.8734375 0.40078125 0.07734375 0.1546875
0 0.86640625 0.20234375 0.06796875 0.1671875
0 0.53671875 0.38203125 0.07734375 0.17890625
0 0.64375 0.55625 0.0921875 0.15234375
0 0.05546875 0.49609375 0.08125 0.22734375
0 0.521875 0.10625 0.06640625 0.18671875
0 0.88359375 0.5390625 0.0796875 0.14375
0 0.63671875 0.23515625 0.07421875 0.19140625
0 0.809375 0.13828125 0.06171875 0.16015625
0 0.58203125 0.1625 0.09140625 0.14296875
0 0.28515625 0.35 0.07265625 0.19453125
0 0.17890625 0.51015625 0.084375 0.1546875
0 0.75390625 0.6125 0.0609375 0.20078125
0 0.81484375 0.65390625 0.07265625 0.1921875
0 0.7625 0.2109375 0.0875 0.121875
0 0.87265625 0.61640625 0.0828125 0.14921875
0 0.4078125 0.446875 0.11328125 0.15
0 0.35546875 0.540625 0.0671875 0.20625
0 0.1375 0.89296875 0.08828125 0.1671875
0 0.53203125 0.5421875 0.1 0.13125
0 0.3109375 0.4765625 0.07578125 0.16015625
0 0.7890625 0.8953125 0.07890625 0.14296875
0 0.26796875 0.61484375 0.07109375 0.17265625
0 0.33828125 0.68046875 0.08125 0.1390625
0 0.21796875 0.396875 0.10703125 0.1265625
0 0.94765625 0.72109375 0.10390625 0.14453125
0 0.50078125 0.45078125 0.090625 0.12421875
0 0.2984375 0.77109375 0.08671875 0.1484375
0 0.5171875 0.66328125 0.096875 0.1421875
0 0.1140625 0.65625 0.0703125 0.1921875
0 0.634375 0.70390625 0.07578125 0.1796875
0 0.1734375 0.7203125 0.1078125 0.14609375
0 0.71875 0.71953125 0.065625 0.13125
0 0.475 0.8953125 0.084375 0.20703125
0 0.24375 0.51953125 0.06953125 0.1203125
0 0.75625 0.96484375 0.06875 0.0703125