0 0.45625 0.196875 0.075 0.159375
0 0.49296875 0.146875 0.0671875 0.1125
0 0.371875 0.13984375 0.10390625 0.0890625
0 0.625 0.2625 0.103125 0.10078125
0 0.71875 0.09921875 0.10234375 0.10859375
0 0.28203125 0.13125 0.07109375 0.11953125
0 0.64921875 0.621875 0.10546875 0.14453125
0 0.12109375 0.06015625 0.053125 0.096875
0 0.1078125 0.2109375 0.0703125 0.146875
0 0.3921875 0.64140625 0.11171875 0.11953125
0 0.22265625 0.17578125 0.08125 0.134375
0 0.18125 0.5140625 0.0796875 0.1328125
0 0.84921875 0.23671875 0.06015625 0.12734375
0 0.7640625 0.396875 0.0890625 0.134375
0 0.16640625 0.06796875 0.13359375 0.12890625
0 0.79609375 0.17734375 0.0734375 0.1015625
0 0.46953125 0.0484375 0.05703125 0.08203125
0 0.9421875 0.21015625 0.059375 0.1578125
0 0.96796875 0.4203125 0.06328125 0.15078125
0 0.06015625 0.51484375 0.0765625 0.14453125
0 0.11171875 0.4921875 0.06484375 0.1578125
0 0.8421875 0.3625 0.071875 0.1234375
0 0.77734375 0.26484375 0.08671875 0.10390625
0 0.54375 0.63046875 0.14140625 0.13984375
0 0.56875 0.48984375 0.06640625 0.1546875
0 0.903125 0.41953125 0.0609375 0.18046875
0 0.8421875 0.7046875 0.0671875 0.1796875
0 0.23671875 0.63984375 0.0859375 0.1484375
0 0.1734375 0.3921875 0.06484375 0.128125
0 0.23125 0.9046875 0.07421875 0.16953125
0 0.90703125 0.17109375 0.096875 0.1046875
0 0.103125 0.94765625 0.071875 0.1046875
0 0.08359375 0.67109375 0.11953125 0.14296875
0 0.18046875 0.6578125 0.0640625 0.203125
0 0.25546875 0.7609375 0.11953125 0.08828125
0 0.28359375 0.8265625 0.0765625 0.1125
0 0.1640625 0.91953125 0.06171875 0.1609375
0 0.27578125 0.9625 0.0828125 0.075
0 0.33984375 0.925 0.1078125 0.09375
0 0.409375 0.82578125 0.10390625 0.1078125
0 0.40703125 0.74140625 0.1203125 0.0984375
0 0.77109375 0.5921875 0.0703125 0.14375
0 0.87890625 0.95234375 0.06015625 0.0953125
0 0.96484375 0.8921875 0.0671875 0.125