0 0.528125 0.10390625 0.1078125 0.1484375
0 0.70390625 0.3484375 0.1390625 0.1390625
0 0.415625 0.6 0.14609375 0.15
0 0.1578125 0.5640625 0.140625 0.171875
0 0.9640625 0.60859375 0.07109375 0.1859375
0 0.7234375 0.47265625 0.09296875 0.11328125
0 0.184375 0.1703125 0.0875 0.13203125
0 0.365625 0.2359375 0.09453125 0.13125
0 0.22578125 0.928125 0.1140625 0.1375
0 0.43359375 0.50703125 0.11484375 0.08046875
0 0.89140625 0.634375 0.0875 0.10859375
0 0.3546875 0.35859375 0.08203125 0.115625
0 0.30625 0.20859375 0.0953125 0.18984375
0 0.17578125 0.321875 0.09375 0.146875
0 0.96875 0.3546875 0.0625 0.16875
0 0.271875 0.60703125 0.1046875 0.11484375
0 0.7890625 0.6203125 0.06953125 0.103125
0 0.77578125 0.26640625 0.078125 0.240625
0 0.86171875 0.32265625 0.08828125 0.1171875
0 0.946875 0.2625 0.0875 0.22265625
0 0.4125 0.73515625 0.09609375 0.16796875
0 0.33359375 0.68203125 0.0625 0.22109375