0 0.73359375 0.678125 0.0828125 0.11640625
0 0.91796875 0.66484375 0.0765625 0.153125
0 0.65859375 0.4578125 0.0609375 0.0890625
0 0.59296875 0.59453125 0.0671875 0.1
0 0.07421875 0.809375 0.06328125 0.0984375
0 0.2015625 0.6859375 0.06015625 0.109375
0 0.20625 0.8359375 0.05 0.0953125
0 0.0515625 0.4546875 0.046875 0.09453125
0 0.65859375 0.84921875 0.0734375 0.09375
0 0.671875 0.05390625 0.05390625 0.08515625
0 0.1640625 0.82109375 0.071875 0.09453125
0 0.16171875 0.68125 0.04375 0.12109375
0 0.42421875 0.86015625 0.06796875 0.0765625
0 0.2875 0.14375 0.04375 0.10390625
0 0.609375 0.71953125 0.04453125 0.08359375
0 0.51171875 0.88359375 0.05390625 0.05
0 0.559375 0.765625 0.05703125 0.11171875
0 0.6 0.82421875 0.0578125 0.103125
0 0.6046875 0.353125 0.0484375 0.09296875
0 0.24609375 0.1703125 0.04140625 0.0875
0 0.596875 0.9171875 0.05703125 0.08671875
0 0.77109375 0.78125 0.07265625 0.08984375
0 0.90625 0.82265625 0.0515625 0.12421875
0 0.6390625 0.61484375 0.07109375 0.11875
0 0.2 0.6 0.046875 0.1265625
0 0.6796875 0.76953125 0.059375 0.07109375
0 0.81484375 0.05078125 0.05078125 0.078125
0 0.14375 0.88125 0.04375 0.07109375
0 0.10859375 0.6828125 0.05 0.1
0 0.36484375 0.09296875 0.05859375 0.07265625
0 0.48359375 0.04375 0.04296875 0.0828125
0 0.7640625 0.85546875 0.0578125 0.08828125