0 0.2328125 0.2984375 0.08984375 0.14453125
0 0.48515625 0.45234375 0.1 0.1421875
0 0.6234375 0.2953125 0.078125 0.13515625
0 0.4 0.084375 0.06796875 0.10546875
0 0.74453125 0.32265625 0.07109375 0.15078125
0 0.58515625 0.51796875 0.0875 0.146875
0 0.67109375 0.365625 0.084375 0.14296875
0 0.075 0.36328125 0.06328125 0.16015625
0 0.2484375 0.11875 0.0703125 0.1265625
0 0.83671875 0.39296875 0.0828125 0.16484375
0 0.49921875 0.096875 0.07734375 0.09765625
0 0.40703125 0.1984375 0.06171875 0.134375
0 0.31484375 0.09921875 0.0671875 0.1265625
0 0.075 0.19921875 0.08125 0.12578125
0 0.8953125 0.58671875 0.08359375 0.1359375
0 0.9484375 0.346875 0.10078125 0.115625
0 0.028125 0.36015625 0.05234375 0.15703125
0 0.82421875 0.1890625 0.08203125 0.15390625
0 0.82265625 0.60234375 0.07109375 0.1609375
0 0.928125 0.12109375 0.08203125 0.09296875
0 0.171875 0.2109375 0.0765625 0.13125
0 0.94453125 0.62109375 0.07109375 0.184375
0 0.09921875 0.03203125 0.0421875 0.06328125
0 0.7921875 0.678125 0.08515625 0.12578125
0 0.4578125 0.7140625 0.06796875 0.21015625
0 0.98203125 0.103125 0.03515625 0.134375
0 0.6265625 0.0953125 0.0953125 0.09453125
0 0.58515625 0.0421875 0.0875 0.0828125
0 0.01328125 0.17890625 0.0265625 0.11484375
0 0.234375 0.6890625 0.065625 0.1421875
0 0.628125 0.178125 0.1109375 0.115625
0 0.46875 0.19609375 0.0859375 0.16796875
0 0.7828125 0.1046875 0.08359375 0.1390625
0 0.121875 0.696875 0.084375 0.16171875
0 0.2515625 0.85546875 0.09609375 0.14296875
0 0.15 0.88671875 0.0859375 0.1171875