0 0.29453125 0.1609375 0.0578125 0.11640625
0 0.403125 0.10625 0.06796875 0.109375
0 0.36328125 0.21640625 0.0484375 0.14296875
0 0.12890625 0.4015625 0.0671875 0.096875
0 0.3859375 0.38984375 0.059375 0.19765625
0 0.45859375 0.35390625 0.04609375 0.15078125
0 0.5265625 0.36484375 0.059375 0.18125
0 0.9234375 0.2671875 0.04765625 0.13125
0 0.1765625 0.41328125 0.0578125 0.16015625
0 0.5625 0.3703125 0.06328125 0.1546875
0 0.94609375 0.70234375 0.06171875 0.12421875
0 0.759375 0.5328125 0.0578125 0.11953125
0 0.68828125 0.55546875 0.0578125 0.140625
0 0.58828125 0.15390625 0.059375 0.08671875
0 0.6390625 0.04140625 0.065625 0.08203125
0 0.6296875 0.3015625 0.07265625 0.13828125
0 0.84296875 0.58984375 0.05625 0.14453125
0 0.93515625 0.04375 0.0578125 0.0875
0 0.43828125 0.240625 0.05859375 0.16484375
0 0.85703125 0.28125 0.04921875 0.1421875
0 0.82421875 0.80546875 0.05078125 0.1203125
0 0.484375 0.66171875 0.06640625 0.140625
0 0.4828125 0.5375 0.090625 0.11328125
0 0.9171875 0.7984375 0.0578125 0.1125
0 0.82109375 0.17734375 0.0453125 0.1140625
0 0.86640625 0.7875 0.0515625 0.10234375
0 0.8390625 0.90625 0.05546875 0.121875
0 0.634375 0.74921875 0.08203125 0.13046875
0 0.7234375 0.81953125 0.071875 0.1390625
0 0.771875 0.18125 0.04921875 0.103125
0 0.2390625 0.3046875 0.09921875 0.19375
0 0.7234375 0.3296875 0.05546875 0.11171875
0 0.55546875 0.93515625 0.08984375 0.1140625
0 0.97421875 0.525 0.0515625 0.1015625
0 0.896875 0.9 0.0578125 0.1265625
0 0.021875 0.41953125 0.04296875 0.11328125
0 0.98359375 0.27734375 0.0328125 0.10625
0 0.1734375 0.28828125 0.05078125 0.1265625
0 0.52421875 0.82890625 0.07109375 0.1265625
0 0.965625 0.17734375 0.06015625 0.10078125
0 0.94375 0.1671875 0.03203125 0.0859375
0 0.26953125 0.225 0.040625 0.0625
0 0.79609375 0.3015625 0.04765625 0.13046875
0 0.7640625 0.31953125 0.046875 0.1609375
0 0.5359375 0.2078125 0.040625 0.12890625
0 0.5078125 0.25 0.065625 0.11875