0 0.7171875 0.13671875 0.071875 0.0984375
0 0.68359375 0.05390625 0.05859375 0.1078125
0 0.61640625 0.15703125 0.08125 0.11484375
0 0.603125 0.25859375 0.084375 0.09375
0 0.1078125 0.303125 0.08984375 0.14609375
0 0.703125 0.42421875 0.06171875 0.12421875
0 0.70234375 0.3171875 0.0609375 0.12890625
0 0.35 0.30859375 0.0578125 0.16484375
0 0.6359375 0.43515625 0.07734375 0.125
0 0.2609375 0.32734375 0.0671875 0.13828125
0 0.609375 0.353125 0.0890625 0.11328125
0 0.17421875 0.65078125 0.09921875 0.1265625
0 0.49609375 0.4875 0.07265625 0.12265625
0 0.1890625 0.5265625 0.065625 0.171875
0 0.21171875 0.74296875 0.09375 0.1125
0 0.075 0.6703125 0.109375 0.13046875
0 0.45234375 0.3109375 0.05546875 0.15859375
0 0.04453125 0.4953125 0.06953125 0.1515625
0 0.2828125 0.8703125 0.0875 0.1078125
0 0.9390625 0.53828125 0.0515625 0.1234375
0 0.921875 0.94765625 0.0703125 0.09921875
0 0.33828125 0.43359375 0.0609375 0.1796875
0 0.40390625 0.83515625 0.08515625 0.128125
0 0.31953125 0.6078125 0.0640625 0.14140625
0 0.6390625 0.5640625 0.0625 0.13359375
0 0.4296875 0.42421875 0.07578125 0.10859375
0 0.7609375 0.70625 0.0703125 0.15078125
0 0.0921875 0.75625 0.11015625 0.13671875
0 0.10390625 0.4796875 0.05703125 0.16171875
0 0.7015625 0.61015625 0.06328125 0.15625
0 0.3015625 0.95234375 0.09375 0.09140625
0 0.9109375 0.61484375 0.053125 0.09765625
0 0.4203125 0.68671875 0.06953125 0.1390625
0 0.2828125 0.45625 0.05703125 0.16796875
0 0.53515625 0.63984375 0.0734375 0.1203125
0 0.57109375 0.57109375 0.07734375 0.17265625
0 0.17109375 0.3265625 0.08359375 0.22421875
0 0.3828125 0.5734375 0.0625 0.1578125
0 0.825 0.7921875 0.06640625 0.10625
0 0.6421875 0.92890625 0.07265625 0.128125
0 0.97109375 0.8234375 0.0515625 0.12109375
0 0.48203125 0.896875 0.07734375 0.16484375
0 0.71171875 0.940625 0.0546875 0.11484375
0 0.6265625 0.8625 0.071875 0.1390625
0 0.58046875 0.9328125 0.071875 0.13359375
0 0.91328125 0.7625 0.0484375 0.12265625
0 0.83515625 0.65078125 0.053125 0.13203125
0 0.4359375 0.49453125 0.06484375 0.125
0 0.2125 0.86875 0.06328125 0.1421875
0 0.88203125 0.70546875 0.06328125 0.16640625
0 0.9359375 0.6890625 0.0578125 0.190625
0 0.06171875 0.88046875 0.0796875 0.2125
0 0.17109375 0.9234375 0.08203125 0.11015625
0 0.84296875 0.909375 0.06640625 0.1609375
0 0.1421875 0.81640625 0.071875 0.1921875
0 0.63828125 0.746875 0.10390625 0.14921875
0 0.5171875 0.84453125 0.0640625 0.19921875
0 0.784375 0.89140625 0.06328125 0.16328125
0 0.49375 0.68828125 0.06484375 0.153125
0 0.4609375 0.60078125 0.05078125 0.13984375
0 0.5328125 0.715625 0.059375 0.14765625
0 0.653125 0.32890625 0.05390625 0.10859375