0 0.5296875 0.078125 0.075 0.15625
0 0.8265625 0.2125 0.06953125 0.103125
0 0.80078125 0.38125 0.1046875 0.2
0 0.93203125 0.1984375 0.1140625 0.16484375
0 0.825 0.08984375 0.08125 0.1765625
0 0.8890625 0.075 0.084375 0.15
0 0.3234375 0.4671875 0.096875 0.15
0 0.22734375 0.43515625 0.0828125 0.23984375
0 0.1734375 0.53125 0.0875 0.140625
0 0.61015625 0.63359375 0.0984375 0.1828125
0 0.59375 0.8375 0.09140625 0.14921875
0 0.72890625 0.9015625 0.1203125 0.08125
0 0.36796875 0.7796875 0.06015625 0.22109375
0 0.07421875 0.70625 0.10078125 0.1546875
0 0.2875 0.88984375 0.11171875 0.11953125
0 0.4640625 0.87578125 0.075 0.06953125
0 0.1890625 0.87421875 0.0734375 0.115625
0 0.06015625 0.86328125 0.1203125 0.0984375
0 0.22109375 0.953125 0.0734375 0.084375