0 0.5328125 0.428125 0.05 0.1
0 0.59453125 0.421875 0.0390625 0.09453125
0 0.6703125 0.33515625 0.05703125 0.07265625
0 0.71796875 0.4359375 0.0578125 0.10625
0 0.303125 0.69453125 0.04609375 0.1078125
0 0.3484375 0.63359375 0.046875 0.08515625
0 0.4234375 0.7625 0.04609375 0.0875
0 0.328125 0.7421875 0.0375 0.09375
0 0.4375 0.553125 0.05625 0.11484375
0 0.3453125 0.73125 0.07421875 0.11171875
0 0.15390625 0.5734375 0.05703125 0.08984375
0 0.24609375 0.4 0.040625 0.078125
0 0.36484375 0.4421875 0.0484375 0.0890625
0 0.0734375 0.64921875 0.04375 0.0859375
0 0.146875 0.415625 0.0421875 0.07109375
0 0.2015625 0.5296875 0.0390625 0.10546875
0 0.265625 0.52890625 0.0609375 0.0890625
0 0.23984375 0.809375 0.06640625 0.090625
0 0.78515625 0.62578125 0.053125 0.125
0 0.88125 0.5828125 0.0515625 0.128125
0 0.33515625 0.50078125 0.046875 0.1125
0 0.65703125 0.5421875 0.07109375 0.121875
0 0.3921875 0.66796875 0.059375 0.09140625
0 0.025 0.8234375 0.04609375 0.09375
0 0.790625 0.7453125 0.05546875 0.10546875
0 0.4171875 0.85859375 0.05078125 0.09140625
0 0.6375 0.73125 0.0671875 0.09296875
0 0.509375 0.621875 0.06328125 0.12890625
0 0.30078125 0.85 0.06875 0.09140625
0 0.8828125 0.69609375 0.0578125 0.14921875
0 0.73046875 0.7171875 0.0609375 0.13671875
0 0.6 0.8296875 0.06875 0.12109375
0 0.6734375 0.64765625 0.078125 0.09765625
0 0.7984375 0.434375 0.06640625 0.1328125
0 0.83125 0.63203125 0.053125 0.11484375
0 0.9421875 0.5765625 0.0515625 0.13671875
0 0.51796875 0.81875 0.06796875 0.1234375
0 0.0765625 0.565625 0.046875 0.115625
0 0.70390625 0.84375 0.04765625 0.0875
0 0.8796875 0.4265625 0.05859375 0.11328125
0 0.1046875 0.5921875 0.0375 0.084375
0 0.75390625 0.84453125 0.0546875 0.09296875
0 0.778125 0.53984375 0.0765625 0.0953125
0 0.79765625 0.32578125 0.05546875 0.084375
0 0.85546875 0.31171875 0.05703125 0.07109375
0 0.4 0.3703125 0.04921875 0.06484375
0 0.65625 0.85390625 0.04140625 0.08359375
0 0.1015625 0.425 0.0390625 0.06953125
0 0.91484375 0.47421875 0.0609375 0.09453125
0 0.44375 0.0328125 0.05390625 0.0640625
0 0.03828125 0.690625 0.04921875 0.18671875
0 0.36875 0.1171875 0.06015625 0.0921875
0 0.3390625 0.04296875 0.05078125 0.07734375
0 0.9546875 0.71953125 0.07734375 0.15390625
0 0.8 0.0359375 0.04765625 0.07109375
0 0.11328125 0.7859375 0.0859375 0.12890625
0 0.975 0.44609375 0.05 0.1109375
0 0.68125 0.709375 0.05703125 0.10078125
0 0.459375 0.13671875 0.04296875 0.06328125
0 0.6328125 0.02265625 0.059375 0.04453125
0 0.74453125 0.7921875 0.06015625 0.0921875
0 0.503125 0.05859375 0.0421875 0.0953125
0 0.07265625 0.4234375 0.03671875 0.05859375
0 0.58125 0.05078125 0.06328125 0.08359375
0 0.05859375 0.8875 0.0515625 0.07265625
0 0.42578125 0.109375 0.05625 0.09140625
0 0.35 0.86640625 0.03515625 0.06640625
0 0.37734375 0.85078125 0.04140625 0.08984375
0 0.9515625 0.2984375 0.04453125 0.06484375
0 0.90625 0.04921875 0.075 0.09609375
0 0.5171875 0.11953125 0.0640625 0.08671875
0 0.2359375 0.8875 0.05703125 0.0625
0 0.0234375 0.6203125 0.04453125 0.08984375
0 0.10390625 0.88359375 0.0328125 0.06640625
0 0.021875 0.42578125 0.03671875 0.0453125
0 0.36953125 0.3625 0.03046875 0.0421875
0 0.275 0.93515625 0.06484375 0.11328125
0 0.38046875 0.1765625 0.04921875 0.05390625
0 0.9703125 0.87265625 0.040625 0.04296875
0 0.9875 0.83359375 0.025 0.0796875
0 0.0109375 0.89140625 0.021875 0.065625
0 0.2328125 0.93046875 0.0796875 0.12109375
0 0.57890625 0.5640625 0.0640625 0.08984375
0 0.590625 0.63515625 0.06875 0.0890625
0 0.1640625 0.89140625 0.05234375 0.0609375
0 0.13125 0.86796875 0.04609375 0.08828125
0 0.88984375 0.85703125 0.08046875 0.0828125
0 0.84453125 0.95703125 0.0890625 0.0640625
0 0.19140625 0.728125 0.03203125 0.08984375
0 0.234375 0.6984375 0.06640625 0.0875
0 0.265625 0.61328125 0.078125 0.07421875