0 0.690625 0.65234375 0.103125 0.1171875
0 0.87421875 0.7171875 0.09765625 0.15234375
0 0.41484375 0.72578125 0.0921875 0.13125
0 0.67421875 0.4078125 0.11484375 0.12265625
0 0.44375 0.5296875 0.09609375 0.0875
0 0.0484375 0.5796875 0.08984375 0.10390625
0 0.30703125 0.6828125 0.0921875 0.1234375
0 0.31171875 0.825 0.0984375 0.109375
0 0.40859375 0.865625 0.09921875 0.1484375
0 0.52890625 0.86328125 0.0828125 0.16328125
0 0.86875 0.4671875 0.0703125 0.09921875
0 0.065625 0.7875 0.0671875 0.128125
0 0.38359375 0.6046875 0.06875 0.1296875
0 0.33046875 0.48515625 0.0796875 0.09375
0 0.71796875 0.94296875 0.10625 0.11328125
0 0.0546875 0.6765625 0.0890625 0.12265625
0 0.58671875 0.1640625 0.07421875 0.08984375
0 0.2109375 0.95625 0.075 0.0875
0 0.96796875 0.4390625 0.0578125 0.09453125
0 0.1515625 0.17734375 0.06796875 0.1171875
0 0.45390625 0.1 0.0796875 0.11796875
0 0.275 0.13828125 0.0671875 0.13125
0 0.34609375 0.55 0.09140625 0.14375
0 0.9578125 0.546875 0.078125 0.140625
0 0.47265625 0.8515625 0.0609375 0.1390625
0 0.1375 0.5375 0.05859375 0.16953125
0 0.4828125 0.2484375 0.05703125 0.1109375
0 0.80625 0.075 0.0984375 0.1265625
0 0.55078125 0.07734375 0.06640625 0.12734375
0 0.878125 0.215625 0.0671875 0.078125
0 0.02734375 0.91328125 0.05390625 0.13125
0 0.18671875 0.50546875 0.0640625 0.08515625
0 0.88203125 0.559375 0.0671875 0.15625
0 0.24921875 0.0671875 0.08828125 0.109375
0 0.91171875 0.0859375 0.08046875 0.109375
0 0.18046875 0.06953125 0.0640625 0.13671875
0 0.64453125 0.87421875 0.13515625 0.16796875