0 0.4828125 0.325 0.1109375 0.1421875
0 0.303125 0.3421875 0.11328125 0.1265625
0 0.17734375 0.3390625 0.11171875 0.1390625
0 0.21875 0.15234375 0.1171875 0.13515625
0 0.63125 0.56484375 0.08984375 0.13828125
0 0.72734375 0.546875 0.11875 0.13046875
0 0.8421875 0.490625 0.08359375 0.13984375
0 0.5890625 0.76171875 0.10625 0.14140625
0 0.52421875 0.2328125 0.06796875 0.20859375
0 0.72109375 0.7296875 0.103125 0.14609375
0 0.0953125 0.728125 0.08515625 0.18125
0 0.3109375 0.59921875 0.09453125 0.178125
0 0.059375 0.1796875 0.11875 0.1265625
0 0.25078125 0.65234375 0.07734375 0.2046875
0 0.31875 0.1234375 0.0796875 0.2140625
0 0.45859375 0.490625 0.1015625 0.08359375
0 0.7921875 0.13828125 0.096875 0.11875
0 0.165625 0.7046875 0.0828125 0.2078125
0 0.128125 0.234375 0.06875 0.17421875
0 0.2328125 0.05546875 0.10859375 0.1078125
0 0.4953125 0.61796875 0.08515625 0.19921875
0 0.36796875 0.0546875 0.0859375 0.109375
0 0.5359375 0.65546875 0.06796875 0.221875
0 0.9578125 0.31640625 0.0703125 0.07734375
0 0.7828125 0.82265625 0.0703125 0.19296875
0 0.13203125 0.5515625 0.084375 0.16796875