0 0.45703125 0.53046875 0.09140625 0.2046875
0 0.35234375 0.60234375 0.11328125 0.146875
0 0.51484375 0.63671875 0.1 0.17421875
0 0.38125 0.853125 0.0640625 0.2359375
0 0.38125 0.853125 0.0640625 0.2359375
0 0.55234375 0.49140625 0.1046875 0.140625
0 0.19921875 0.828125 0.0765625 0.18984375
0 0.134375 0.42421875 0.078125 0.1859375
0 0.2984375 0.315625 0.0921875 0.17265625
0 0.071875 0.51875 0.1015625 0.209375
0 0.165625 0.53828125 0.08125 0.171875
0 0.82890625 0.73515625 0.06953125 0.16015625
0 0.20859375 0.27109375 0.11328125 0.13515625
0 0.31796875 0.875 0.08203125 0.20625
0 0.13046875 0.6765625 0.10625 0.13359375
0 0.4234375 0.290625 0.109375 0.1359375
0 0.5859375 0.35546875 0.13828125 0.15390625
0 0.95234375 0.11875 0.0953125 0.15
0 0.54609375 0.8234375 0.109375 0.1515625
0 0.19375 0.11171875 0.13671875 0.13046875
0 0.74453125 0.834375 0.13046875 0.146875