0 0.49609375 0.62890625 0.06484375 0.1328125
0 0.32890625 0.69375 0.071875 0.13671875
0 0.615625 0.61328125 0.05703125 0.10703125
0 0.553125 0.44375 0.0609375 0.140625
0 0.56953125 0.60859375 0.05390625 0.1328125
0 0.63203125 0.30078125 0.06953125 0.121875
0 0.815625 0.42734375 0.0421875 0.1171875
0 0.66484375 0.46640625 0.04375 0.11875
0 0.70234375 0.46953125 0.04453125 0.12109375
0 0.2015625 0.51875 0.05234375 0.1296875
0 0.75859375 0.5046875 0.06328125 0.09296875
0 0.6625 0.6265625 0.0515625 0.1203125
0 0.125 0.63125 0.0640625 0.17109375
0 0.3265625 0.36640625 0.07734375 0.18125
0 0.36015625 0.24921875 0.07109375 0.10625
0 0.14375 0.53671875 0.0703125 0.11953125
0 0.06640625 0.59609375 0.06484375 0.1265625
0 0.43828125 0.41875 0.084375 0.196875
0 0.05546875 0.690625 0.0796875 0.115625
0 0.18046875 0.95078125 0.0640625 0.09765625
0 0.9390625 0.490625 0.03984375 0.1
0 0.50078125 0.3234375 0.04453125 0.12421875
0 0.41953125 0.36875 0.0484375 0.10859375
0 0.2046875 0.83671875 0.0734375 0.16953125
0 0.5421875 0.2921875 0.06015625 0.1234375
0 0.97890625 0.4609375 0.04140625 0.16953125
0 0.1484375 0.8484375 0.0921875 0.13203125
0 0.2125 0.2625 0.05078125 0.11640625
0 0.2578125 0.28203125 0.06796875 0.08984375
0 0.02265625 0.59609375 0.0453125 0.13515625
0 0.696875 0.68671875 0.0703125 0.13125
0 0.07109375 0.30390625 0.0765625 0.13671875
0 0.165625 0.2171875 0.0640625 0.0859375
0 0.68046875 0.165625 0.07421875 0.0921875
0 0.5890625 0.125 0.07421875 0.11953125