0 0.3578125 0.4125 0.09140625 0.1640625
0 0.78125 0.546875 0.09921875 0.15078125
0 0.63203125 0.1453125 0.0796875 0.18359375
0 0.77578125 0.19140625 0.1171875 0.14609375
0 0.50234375 0.2484375 0.09921875 0.14296875
0 0.425 0.22734375 0.06796875 0.1671875
0 0.2921875 0.17578125 0.1 0.1640625
0 0.1875 0.08359375 0.0859375 0.10859375
0 0.10703125 0.0515625 0.08671875 0.084375
0 0.8609375 0.22890625 0.1 0.1515625
0 0.946875 0.2203125 0.06640625 0.159375
0 0.7515625 0.07734375 0.0859375 0.12890625
0 0.24609375 0.04921875 0.08125 0.096875
0 0.79375 0.871875 0.08203125 0.178125
0 0.45625 0.08203125 0.0609375 0.140625