0 0.46953125 0.509375 0.07421875 0.1390625
0 0.2078125 0.46015625 0.0640625 0.09765625
0 0.3796875 0.30703125 0.05625 0.1328125
0 0.56015625 0.3734375 0.07578125 0.11328125
0 0.66328125 0.10703125 0.05859375 0.06484375
0 0.321875 0.3796875 0.05234375 0.1265625
0 0.61796875 0.23203125 0.0703125 0.12109375
0 0.81015625 0.28125 0.06640625 0.1390625
0 0.27109375 0.4234375 0.053125 0.1109375
0 0.9125 0.2234375 0.065625 0.11953125
0 0.1921875 0.34453125 0.06328125 0.090625
0 0.1078125 0.7390625 0.07890625 0.109375
0 0.175 0.2703125 0.0625 0.1046875
0 0.87578125 0.95 0.0640625 0.1
0 0.5890625 0.1578125 0.06328125 0.11328125
0 0.90078125 0.85234375 0.06953125 0.11953125
0 0.3765625 0.15390625 0.04765625 0.11171875
0 0.17265625 0.1875 0.0625 0.09453125
0 0.7015625 0.146875 0.05234375 0.13203125
0 0.46796875 0.1 0.0515625 0.12265625
0 0.921875 0.09609375 0.065625 0.1109375
0 0.82578125 0.05546875 0.07578125 0.109375
0 0.50625 0.13984375 0.06484375 0.0921875
0 0.41484375 0.08125 0.0671875 0.12109375
0 0.29609375 0.1671875 0.05625 0.1234375
0 0.7359375 0.321875 0.1015625 0.1890625
0 0.64140625 0.465625 0.0875 0.165625
0 0.9109375 0.725 0.11328125 0.11953125