0 0.4484375 0.42734375 0.05625 0.14375
0 0.52421875 0.65703125 0.0671875 0.2
0 0.61640625 0.6421875 0.08515625 0.15
0 0.846875 0.4953125 0.0609375 0.17734375
0 0.29453125 0.5203125 0.0921875 0.16171875
0 0.2015625 0.5046875 0.0984375 0.18359375
0 0.4296875 0.596875 0.0796875 0.10859375
0 0.79296875 0.44453125 0.08203125 0.15546875
0 0.35625 0.47890625 0.0765625 0.1109375
0 0.034375 0.1359375 0.06875 0.16875
0 0.121875 0.85234375 0.1125 0.159375
0 0.46328125 0.85 0.1046875 0.13125
0 0.67265625 0.4046875 0.0890625 0.11484375
0 0.2953125 0.31875 0.0765625 0.096875
0 0.8328125 0.14765625 0.07421875 0.1328125
0 0.10234375 0.44921875 0.11171875 0.14453125
0 0.5640625 0.40546875 0.10625 0.10546875
0 0.12890625 0.075 0.08359375 0.13828125
0 0.8921875 0.68125 0.0953125 0.12265625
0 0.053125 0.2625 0.10546875 0.10703125
0 0.2234375 0.03828125 0.075 0.0765625
0 0.62421875 0.3265625 0.06328125 0.13203125
0 0.8921875 0.3671875 0.05546875 0.08203125
0 0.10078125 0.17734375 0.09140625 0.14921875
0 0.16171875 0.25 0.0984375 0.109375
0 0.50703125 0.98125 0.11171875 0.03671875