0 0.38203125 0.24453125 0.0609375 0.1296875
0 0.73515625 0.31875 0.05078125 0.1
0 0.446875 0.121875 0.05859375 0.1140625
0 0.653125 0.2921875 0.0546875 0.109375
0 0.58984375 0.28671875 0.06171875 0.10625
0 0.2296875 0.11171875 0.08359375 0.103125
0 0.36796875 0.09140625 0.05703125 0.1328125
0 0.02421875 0.184375 0.0484375 0.14609375
0 0.32109375 0.115625 0.0546875 0.11171875
0 0.696875 0.93125 0.07734375 0.13203125
0 0.2171875 0.21015625 0.078125 0.13359375
0 0.7609375 0.21484375 0.0625 0.11875
0 0.45078125 0.865625 0.0796875 0.1765625
0 0.92421875 0.2671875 0.053125 0.1203125
0 0.821875 0.334375 0.0578125 0.10625
0 0.49375 0.46484375 0.08359375 0.0859375
0 0.83125 0.78984375 0.065625 0.10546875
0 0.534375 0.56953125 0.090625 0.09453125
0 0.0390625 0.50546875 0.07109375 0.11328125
0 0.60078125 0.434375 0.06328125 0.1078125
0 0.15390625 0.36640625 0.06015625 0.10625
0 0.9 0.5890625 0.06796875 0.11484375
0 0.61875 0.57421875 0.0546875 0.1359375
0 0.13125 0.4484375 0.07109375 0.10546875
0 0.20625 0.653125 0.08671875 0.090625
0 0.75078125 0.7015625 0.08046875 0.09921875
0 0.778125 0.7984375 0.05546875 0.1453125
0 0.6546875 0.4390625 0.059375 0.103125
0 0.234375 0.04453125 0.09609375 0.0875
0 0.24296875 0.915625 0.09609375 0.12109375
0 0.13828125 0.5359375 0.0765625 0.1140625
0 0.4921875 0.7296875 0.0796875 0.10546875
0 0.37421875 0.5359375 0.08828125 0.08984375
0 0.57421875 0.928125 0.07578125 0.1421875
0 0.19609375 0.503125 0.053125 0.12734375
0 0.06953125 0.93359375 0.078125 0.1328125
0 0.06484375 0.63828125 0.05859375 0.1390625
0 0.12578125 0.64140625 0.0640625 0.1484375
0 0.2140625 0.74453125 0.0859375 0.13125
0 0.1390625 0.94375 0.075 0.1125
0 0.15234375 0.20625 0.0609375 0.128125
0 0.753125 0.54140625 0.05859375 0.1359375
0 0.04765625 0.37109375 0.06328125 0.12890625