0 0.64609375 0.0375 0.08359375 0.075
0 0.76015625 0.06015625 0.0640625 0.11953125
0 0.97421875 0.13046875 0.0515625 0.1203125
0 0.9765625 0.28828125 0.046875 0.1296875
0 0.61015625 0.4234375 0.0734375 0.12421875
0 0.78359375 0.38203125 0.0671875 0.0859375
0 0.43046875 0.40625 0.05703125 0.13984375
0 0.97421875 0.54609375 0.05078125 0.09765625
0 0.2609375 0.5234375 0.0625 0.165625
0 0.6453125 0.18671875 0.0609375 0.109375
0 0.3203125 0.4640625 0.07421875 0.11953125
0 0.66796875 0.39609375 0.06328125 0.1125
0 0.8859375 0.58125 0.0546875 0.17421875
0 0.38046875 0.4390625 0.0609375 0.16328125
0 0.03046875 0.60390625 0.0609375 0.1734375
0 0.34921875 0.24453125 0.0625 0.11640625
0 0.96953125 0.4640625 0.0609375 0.0890625
0 0.6859375 0.12109375 0.05078125 0.15234375
0 0.94765625 0.6578125 0.0828125 0.13359375
0 0.9078125 0.415625 0.0828125 0.1453125
0 0.059375 0.0796875 0.0734375 0.15234375
0 0.15078125 0.23515625 0.075 0.1296875
0 0.13125 0.6078125 0.0625 0.1875
0 0.30078125 0.59765625 0.0609375 0.16640625
0 0.19765625 0.15859375 0.08125 0.12265625
0 0.4171875 0.071875 0.078125 0.14375
0 0.5515625 0.21640625 0.05 0.11484375
0 0.7609375 0.1703125 0.0546875 0.1109375
0 0.18359375 0.603125 0.06328125 0.1984375
0 0.90390625 0.3234375 0.053125 0.16328125
0 0.3234375 0.1265625 0.06953125 0.16015625
0 0.2625 0.3140625 0.06640625 0.1703125
0 0.23671875 0.69609375 0.05625 0.16015625
0 0.70234375 0.3296875 0.05390625 0.09375
0 0.61640625 0.5578125 0.06640625 0.15078125
0 0.5796875 0.1453125 0.0765625 0.16328125
0 0.6390625 0.3265625 0.06015625 0.075
0 0.06328125 0.253125 0.0828125 0.11015625
0 0.86640625 0.34609375 0.04296875 0.1125
0 0.2078125 0.25546875 0.06640625 0.0984375
0 0.496875 0.55234375 0.05625 0.19140625
0 0.81640625 0.690625 0.05546875 0.17578125
0 0.409375 0.14375 0.0703125 0.15234375
0 0.1359375 0.0953125 0.075 0.17109375
0 0.7390625 0.76796875 0.0578125 0.16484375
0 0.9078125 0.2046875 0.05 0.10390625
0 0.578125 0.690625 0.0765625 0.125
0 0.06484375 0.81875 0.09296875 0.13984375
0 0.42109375 0.7828125 0.06953125 0.165625
0 0.10390625 0.0515625 0.04765625 0.09921875
0 0.5890625 0.91875 0.0734375 0.1296875
0 0.58671875 0.28125 0.07734375 0.1625
0 0.50390625 0.92578125 0.0515625 0.1484375
0 0.21484375 0.8703125 0.1140625 0.15234375
0 0.01875 0.38984375 0.0375 0.1734375