0 0.38828125 0.77265625 0.0984375 0.19921875
0 0.84609375 0.7765625 0.08359375 0.19921875
0 0.64375 0.778125 0.1125 0.2203125
0 0.934375 0.1171875 0.08515625 0.15390625
0 0.1765625 0.11953125 0.0859375 0.14765625
0 0.16640625 0.24375 0.0984375 0.13046875
0 0.3234375 0.14765625 0.10703125 0.14765625
0 0.5015625 0.775 0.1125 0.184375
0 0.42890625 0.08671875 0.0703125 0.1734375
0 0.29765625 0.3234375 0.09453125 0.13984375
0 0.65078125 0.65625 0.08359375 0.15
0 0.32421875 0.6125 0.0640625 0.14921875
0 0.05078125 0.36328125 0.10078125 0.13515625
0 0.41484375 0.65 0.08359375 0.1109375
0 0.2015625 0.046875 0.10625 0.0921875