0 0.65703125 0.10078125 0.07578125 0.16171875
0 0.38984375 0.41484375 0.09765625 0.1546875
0 0.6890625 0.67421875 0.0625 0.1984375
0 0.62890625 0.646875 0.06484375 0.14921875
0 0.17890625 0.08984375 0.07734375 0.17265625
0 0.4109375 0.7609375 0.07265625 0.17578125
0 0.75859375 0.43828125 0.06484375 0.1578125
0 0.7046875 0.8703125 0.10390625 0.1234375
0 0.05390625 0.6546875 0.0828125 0.1234375
0 0.48125 0.70390625 0.0765625 0.2296875
0 0.86796875 0.67890625 0.1140625 0.196875
0 0.81953125 0.32265625 0.0640625 0.146875
0 0.06328125 0.19609375 0.0921875 0.0875
0 0.1734375 0.44140625 0.0953125 0.13984375
0 0.55859375 0.73515625 0.08359375 0.221875
0 0.70390625 0.03984375 0.08359375 0.07734375
0 0.25625 0.35078125 0.06015625 0.08984375
0 0.6359375 0.9203125 0.08671875 0.1546875
0 0.7171875 0.30625 0.06328125 0.17421875
0 0.06640625 0.9 0.08515625 0.11328125
0 0.0703125 0.05 0.07734375 0.1
0 0.2765625 0.67734375 0.103125 0.1359375
0 0.03125 0.353125 0.0609375 0.1515625
0 0.88828125 0.475 0.11015625 0.18515625
0 0.9640625 0.93515625 0.0671875 0.12890625
0 0.95390625 0.4125 0.06171875 0.09375
0 0.18828125 0.878125 0.09921875 0.1328125
0 0.32890625 0.90859375 0.11328125 0.15390625
0 0.88203125 0.34140625 0.07578125 0.11640625