0 0.22265625 0.60390625 0.05703125 0.08515625
0 0.17421875 0.62734375 0.06171875 0.07421875
0 0.13515625 0.58515625 0.0484375 0.08671875
0 0.07265625 0.6875 0.05390625 0.07890625
0 0.01484375 0.66875 0.0296875 0.084375
0 0.028125 0.76484375 0.04609375 0.0828125
0 0.0171875 0.87265625 0.034375 0.08984375
0 0.03046875 0.953125 0.0609375 0.07109375
0 0.084375 0.89765625 0.059375 0.0828125
0 0.11796875 0.7625 0.05078125 0.07734375
0 0.178125 0.85390625 0.06875 0.10078125
0 0.1921875 0.7890625 0.08125 0.06328125
0 0.215625 0.71171875 0.06328125 0.07109375
0 0.28125 0.7265625 0.06640625 0.06640625
0 0.296875 0.56640625 0.04765625 0.0859375
0 0.3140625 0.65078125 0.075 0.0734375
0 0.3734375 0.70625 0.04453125 0.078125
0 0.26171875 0.89453125 0.0484375 0.0921875
0 0.2734375 0.97109375 0.059375 0.0578125
0 0.34453125 0.9375 0.06640625 0.08125
0 0.3203125 0.85625 0.059375 0.06640625
0 0.36171875 0.809375 0.05546875 0.09140625
0 0.45390625 0.9046875 0.0484375 0.096875
0 0.4625 0.80234375 0.04375 0.06328125
0 0.52421875 0.8265625 0.04921875 0.08671875
0 0.546875 0.71875 0.04140625 0.1125
0 0.5046875 0.65546875 0.034375 0.12421875
0 0.46484375 0.64296875 0.03671875 0.1109375
0 0.56015625 0.63046875 0.0765625 0.1265625
0 0.66484375 0.81328125 0.0515625 0.09765625
0 0.859375 0.7375 0.034375 0.103125
0 0.90859375 0.70703125 0.0421875 0.12734375
0 0.9453125 0.7390625 0.040625 0.07890625
0 0.96484375 0.79921875 0.03828125 0.04140625
0 0.97265625 0.84609375 0.0546875 0.1078125
0 0.91328125 0.95625 0.0734375 0.0875
0 0.75 0.95859375 0.07421875 0.0828125
0 0.66015625 0.725 0.03515625 0.115625
0 0.696875 0.70625 0.04609375 0.11328125
0 0.72265625 0.696875 0.0453125 0.10546875
0 0.77265625 0.72421875 0.0484375 0.1265625
0 0.825 0.72109375 0.05859375 0.13515625