0 0.04765625 0.0625 0.06484375 0.125
0 0.2109375 0.04609375 0.06796875 0.0921875
0 0.39453125 0.2296875 0.06171875 0.178125
0 0.45390625 0.21796875 0.0578125 0.13828125
0 0.5 0.259375 0.05390625 0.165625
0 0.475 0.41640625 0.06328125 0.16640625
0 0.5671875 0.1734375 0.0859375 0.125
0 0.6765625 0.38125 0.1109375 0.14140625
0 0.6828125 0.13671875 0.07109375 0.15546875
0 0.140625 0.225 0.08046875 0.16484375
0 0.46484375 0.053125 0.0703125 0.10625
0 0.34375 0.584375 0.090625 0.1328125
0 0.43984375 0.5484375 0.09296875 0.12265625
0 0.66328125 0.26015625 0.1078125 0.1171875
0 0.71953125 0.06640625 0.0796875 0.13125
0 0.05234375 0.8125 0.0984375 0.146875
0 0.0546875 0.66171875 0.0703125 0.178125
0 0.540625 0.03515625 0.084375 0.06953125
0 0.39453125 0.80546875 0.11171875 0.1609375
0 0.1765625 0.94375 0.10703125 0.1125
0 0.08125 0.94765625 0.084375 0.1046875
0 0.61875 0.0609375 0.0984375 0.12109375
0 0.5203125 0.9375 0.071875 0.125
0 0.884375 0.8234375 0.071875 0.22578125
0 0.13671875 0.72578125 0.1078125 0.1296875
0 0.27109375 0.76171875 0.1140625 0.1203125