0 0.925 0.4375 0.05625 0.13125
0 0.96953125 0.62578125 0.0609375 0.12421875
0 0.81640625 0.72578125 0.0609375 0.12421875
0 0.7421875 0.7484375 0.05390625 0.15
0 0.62578125 0.6640625 0.07421875 0.10859375
0 0.3359375 0.70546875 0.0640625 0.1484375
0 0.17265625 0.65 0.0578125 0.1375
0 0.25625 0.71953125 0.071875 0.15625
0 0.1203125 0.65625 0.0515625 0.140625
0 0.51484375 0.83046875 0.07265625 0.0953125
0 0.65 0.74375 0.0640625 0.1234375
0 0.85625 0.840625 0.0578125 0.096875
0 0.98046875 0.27890625 0.0390625 0.1234375
0 0.87578125 0.24921875 0.059375 0.0609375
0 0.4 0.8484375 0.0546875 0.08515625
0 0.040625 0.03984375 0.05859375 0.0796875
0 0.128125 0.81171875 0.07734375 0.1046875
0 0.10859375 0.7671875 0.0671875 0.090625
0 0.0421875 0.74609375 0.06171875 0.1203125
0 0.040625 0.81953125 0.04609375 0.1203125
0 0.1953125 0.85625 0.06171875 0.09453125
0 0.23984375 0.94765625 0.08671875 0.0921875
0 0.1765625 0.959375 0.07265625 0.08125
0 0.09609375 0.96015625 0.0484375 0.0796875
0 0.8125 0.95390625 0.08125 0.06953125
0 0.5203125 0.67109375 0.05859375 0.1734375
0 0.5515625 0.73515625 0.06328125 0.12421875
0 0.671875 0.8359375 0.11015625 0.084375
0 0.89296875 0.74296875 0.0546875 0.14140625
0 0.92265625 0.82578125 0.07421875 0.1046875