0 0.365625 0.659375 0.04453125 0.1
0 0.43359375 0.65703125 0.0515625 0.09296875
0 0.74296875 0.6359375 0.03671875 0.103125
0 0.73984375 0.54609375 0.03828125 0.0796875
0 0.7125 0.72109375 0.0625 0.09609375
0 0.69765625 0.83671875 0.05390625 0.0921875
0 0.90234375 0.81796875 0.0390625 0.11484375
0 0.89140625 0.92421875 0.07265625 0.08671875
0 0.840625 0.85625 0.05859375 0.09375
0 0.63203125 0.71796875 0.05546875 0.09921875
0 0.20625 0.825 0.0546875 0.08984375
0 0.4671875 0.77421875 0.05234375 0.12890625
0 0.62578125 0.89140625 0.08203125 0.09921875
0 0.81015625 0.7953125 0.075 0.09921875
0 0.4203125 0.8890625 0.06171875 0.103125
0 0.51953125 0.89921875 0.05390625 0.1171875
0 0.1390625 0.79453125 0.04765625 0.103125
0 0.74609375 0.9265625 0.0859375 0.10234375
0 0.43515625 0.56953125 0.059375 0.07890625
0 0.16328125 0.88515625 0.05625 0.0984375
0 0.37890625 0.93515625 0.07890625 0.1015625
0 0.02421875 0.7875 0.0484375 0.084375
0 0.5015625 0.57734375 0.06171875 0.12265625
0 0.23828125 0.9078125 0.06328125 0.10546875
0 0.52734375 0.67890625 0.06640625 0.11875
0 0.58046875 0.78671875 0.06640625 0.09375
0 0.32890625 0.596875 0.07109375 0.09296875
0 0.6625 0.57109375 0.06171875 0.1234375
0 0.0828125 0.86796875 0.0625 0.09765625
0 0.4234375 0.77890625 0.05078125 0.1328125
0 0.08984375 0.79375 0.05703125 0.1046875
0 0.06640625 0.95 0.05390625 0.0828125
0 0.6265625 0.6 0.08046875 0.08671875
0 0.06953125 0.60625 0.05234375 0.121875
0 0.071875 0.71953125 0.065625 0.09609375
0 0.3390625 0.7640625 0.065625 0.11875
0 0.23046875 0.628125 0.0546875 0.09453125
0 0.57265625 0.84921875 0.0859375 0.08984375
0 0.17109375 0.73046875 0.05703125 0.0875
0 0.10859375 0.91484375 0.04140625 0.0859375
0 0.25859375 0.5984375 0.059375 0.08515625
0 0.5734375 0.565625 0.06484375 0.10234375
0 0.3015625 0.56484375 0.0578125 0.08046875
0 0.565625 0.7125 0.06484375 0.08203125
0 0.1171875 0.621875 0.0390625 0.0921875
0 0.03125 0.6484375 0.0609375 0.08203125
0 0.97578125 0.85 0.04453125 0.13359375
0 0.01640625 0.73515625 0.03203125 0.06484375
0 0.59921875 0.6796875 0.034375 0.0625
0 0.165625 0.59296875 0.0578125 0.13125
0 0.196875 0.59765625 0.046875 0.13359375
0 0.2078125 0.9859375 0.059375 0.02578125
0 0.36953125 0.8515625 0.0703125 0.09140625
0 0.37734375 0.78125 0.0515625 0.07109375
0 0.8421875 0.70703125 0.05390625 0.1109375
0 0.80546875 0.684375 0.0546875 0.090625
0 0.79375 0.61796875 0.06171875 0.0703125
0 0.7765625 0.56875 0.04375 0.06015625
0 0.81484375 0.57890625 0.04609375 0.0796875
0 0.83671875 0.559375 0.0453125 0.109375