0 0.4640625 0.33046875 0.09453125 0.13359375
0 0.321875 0.41015625 0.065625 0.1546875
0 0.65234375 0.33125 0.09140625 0.1046875
0 0.465625 0.74140625 0.09140625 0.096875
0 0.4421875 0.51796875 0.075 0.171875
0 0.70234375 0.75625 0.0734375 0.134375
0 0.86875 0.46015625 0.0859375 0.10859375
0 0.8484375 0.5921875 0.08671875 0.11875
0 0.76875 0.47578125 0.0625 0.11796875
0 0.68125 0.4703125 0.0703125 0.18125
0 0.3296875 0.64296875 0.0921875 0.12734375
0 0.2640625 0.83359375 0.0765625 0.096875
0 0.06328125 0.5453125 0.0703125 0.11953125
0 0.021875 0.62578125 0.04375 0.13828125
0 0.096875 0.6796875 0.09921875 0.17578125
0 0.04453125 0.78828125 0.0875 0.11171875
0 0.16015625 0.8265625 0.07578125 0.1140625
0 0.4546875 0.83515625 0.06796875 0.10234375
0 0.6203125 0.865625 0.08203125 0.0734375
0 0.15078125 0.546875 0.115625 0.1375
0 0.390625 0.80546875 0.0625 0.17109375
0 0.90078125 0.85078125 0.0546875 0.11796875
0 0.85078125 0.74375 0.06640625 0.1171875
0 0.81953125 0.84375 0.06640625 0.134375
0 0.97890625 0.840625 0.0421875 0.125
0 0.32890625 0.54609375 0.09375 0.10625