0 0.3484375 0.0859375 0.13125 0.15078125
0 0.60625 0.0953125 0.11328125 0.18984375
0 0.603125 0.80859375 0.1015625 0.21328125
0 0.41875 0.49609375 0.0765625 0.15390625
0 0.47578125 0.8203125 0.09375 0.22109375
0 0.33359375 0.83671875 0.0921875 0.23046875
0 0.7296875 0.434375 0.090625 0.09765625
0 0.640625 0.50703125 0.0921875 0.16015625
0 0.48359375 0.4328125 0.08828125 0.1328125
0 0.2375 0.5015625 0.06953125 0.196875
0 0.6 0.434375 0.0984375 0.10078125
0 0.16484375 0.4578125 0.09765625 0.1578125
0 0.16015625 0.69609375 0.12109375 0.15234375
0 0.87421875 0.43828125 0.0875 0.10859375
0 0.80078125 0.60625 0.07421875 0.1609375
0 0.33828125 0.6 0.0875 0.1234375
0 0.3703125 0.34375 0.071875 0.13828125
0 0.39921875 0.93359375 0.084375 0.1328125
0 0.96640625 0.34609375 0.06328125 0.15
0 0.5078125 0.93671875 0.09140625 0.1265625
0 0.88125 0.1203125 0.13125 0.1265625