0 0.26328125 0.2296875 0.05859375 0.15234375
0 0.40546875 0.24765625 0.0625 0.1359375
0 0.128125 0.265625 0.08046875 0.184375
0 0.3546875 0.29140625 0.05625 0.178125
0 0.396875 0.37734375 0.0640625 0.1234375
0 0.9796875 0.21328125 0.040625 0.1234375
0 0.275 0.09140625 0.08203125 0.12734375
0 0.1515625 0.1921875 0.05703125 0.1484375
0 0.71171875 0.225 0.08046875 0.109375
0 0.80703125 0.28046875 0.0484375 0.1421875
0 0.5484375 0.1 0.06640625 0.1140625
0 0.25 0.56796875 0.0890625 0.14296875
0 0.675 0.1203125 0.07109375 0.1015625
0 0.96015625 0.490625 0.06328125 0.1578125
0 0.925 0.1625 0.0484375 0.0890625
0 0.58125 0.28203125 0.103125 0.12578125
0 0.68984375 0.696875 0.0859375 0.12265625
0 0.6546875 0.03359375 0.08125 0.065625
0 0.69375 0.54921875 0.0734375 0.14453125
0 0.946875 0.20859375 0.0359375 0.08203125
0 0.74609375 0.80390625 0.1109375 0.0984375
0 0.50078125 0.8 0.09765625 0.13359375
0 0.26484375 0.75234375 0.09453125 0.1546875
0 0.31796875 0.165625 0.059375 0.10234375
0 0.01640625 0.12578125 0.03203125 0.0984375
0 0.846875 0.23359375 0.096875 0.10703125
0 0.87421875 0.19296875 0.0765625 0.10078125
0 0.89375 0.08125 0.03515625 0.11171875
0 0.4390625 0.22578125 0.08984375 0.1421875
0 0.46015625 0.1625 0.0953125 0.103125