0 0.4328125 0.2859375 0.0453125 0.08828125
0 0.6140625 0.13515625 0.0453125 0.0859375
0 0.4984375 0.44140625 0.06484375 0.08125
0 0.6421875 0.47421875 0.0703125 0.1125
0 0.70703125 0.52109375 0.04609375 0.084375
0 0.32578125 0.478125 0.0796875 0.09609375
0 0.721875 0.628125 0.04609375 0.09453125
0 0.1375 0.7828125 0.0703125 0.1109375
0 0.94609375 0.52265625 0.040625 0.1046875
0 0.30546875 0.68203125 0.0625 0.09765625
0 0.76171875 0.596875 0.06328125 0.1203125
0 0.98515625 0.615625 0.0296875 0.09375
0 0.45625 0.95 0.078125 0.0953125
0 0.903125 0.6203125 0.06171875 0.10078125
0 0.90390625 0.69453125 0.046875 0.1046875
0 0.6421875 0.79375 0.05 0.08984375
0 0.3703125 0.73515625 0.0703125 0.14296875
0 0.22578125 0.85 0.06640625 0.1265625
0 0.965625 0.0640625 0.04609375 0.05859375
0 0.04296875 0.60234375 0.05703125 0.103125
0 0.44296875 0.7671875 0.05 0.10546875
0 0.60390625 0.80546875 0.04765625 0.103125
0 0.953125 0.74375 0.04765625 0.0828125
0 0.546875 0.95 0.0671875 0.09375
0 0.025 0.509375 0.05 0.0953125
0 0.40625 0.671875 0.0703125 0.07890625
0 0.74296875 0.90234375 0.05234375 0.11015625
0 0.68046875 0.80703125 0.04375 0.11640625
0 0.80390625 0.9515625 0.07109375 0.09140625
0 0.54609375 0.85625 0.07890625 0.1234375
0 0.01796875 0.2515625 0.03515625 0.09765625
0 0.8546875 0.9671875 0.0453125 0.0625
0 0.5984375 0.6875 0.046875 0.0625
0 0.790625 0.67890625 0.046875 0.0625
0 0.24296875 0.4640625 0.07734375 0.08671875
0 0.08828125 0.43515625 0.06015625 0.05546875
0 0.92109375 0.85703125 0.0546875 0.06953125
0 0.934375 0.97265625 0.0421875 0.0546875
0 0.68125 0.7140625 0.06171875 0.0609375
0 0.83828125 0.7859375 0.03984375 0.0640625
0 0.721875 0.81015625 0.04296875 0.09765625
0 0.25625 0.5640625 0.059375 0.08203125
0 0.77265625 0.8796875 0.05 0.075
0 0.99296875 0.14375 0.0140625 0.071875
0 0.9578125 0.921875 0.0359375 0.06328125
0 0.04609375 0.31328125 0.0546875 0.0765625
0 0.0671875 0.265625 0.04765625 0.1046875
0 0.09609375 0.37578125 0.03828125 0.08671875
0 0.13125 0.42265625 0.04609375 0.09296875
0 0.146875 0.37109375 0.0484375 0.0859375
0 0.17421875 0.43515625 0.04375 0.08359375
0 0.11796875 0.55859375 0.03984375 0.11015625
0 0.3140625 0.546875 0.06171875 0.115625
0 0.9046875 0.55 0.0421875 0.1015625
0 0.5328125 0.740625 0.0296875 0.090625
0 0.575 0.615625 0.046875 0.11171875