0 0.4453125 0.4796875 0.06015625 0.13671875
0 0.7015625 0.484375 0.0703125 0.12734375
0 0.88203125 0.58828125 0.0640625 0.1171875
0 0.709375 0.71640625 0.10390625 0.22109375
0 0.47890625 0.7296875 0.07578125 0.1390625
0 0.796875 0.6765625 0.078125 0.109375
0 0.82734375 0.27265625 0.0625 0.1046875
0 0.60078125 0.596875 0.08515625 0.11171875
0 0.55234375 0.4703125 0.0703125 0.11953125
0 0.51484375 0.55625 0.065625 0.14453125
0 0.65 0.32890625 0.0609375 0.13984375
0 0.2015625 0.79921875 0.071875 0.11328125
0 0.17421875 0.428125 0.0796875 0.13984375
0 0.1578125 0.76015625 0.0765625 0.11484375
0 0.790625 0.80390625 0.06171875 0.14140625
0 0.33984375 0.55234375 0.0640625 0.10703125
0 0.8953125 0.76796875 0.09765625 0.09140625
0 0.91953125 0.659375 0.10859375 0.103125
0 0.9453125 0.8328125 0.0578125 0.096875
0 0.6078125 0.48046875 0.07109375 0.15
0 0.13828125 0.5546875 0.0609375 0.1234375
0 0.0890625 0.8265625 0.053125 0.1046875
0 0.07734375 0.5390625 0.08203125 0.1875
0 0.09140625 0.3890625 0.0859375 0.13203125
0 0.54453125 0.853125 0.0640625 0.059375
0 0.73984375 0.80703125 0.06484375 0.140625