0 0.659375 0.3953125 0.07578125 0.2
0 0.75625 0.50859375 0.0875 0.196875
0 0.31640625 0.6015625 0.13359375 0.15546875
0 0.3375 0.15625 0.08515625 0.14453125
0 0.165625 0.8 0.0984375 0.20390625
0 0.7875 0.03984375 0.0984375 0.07890625
0 0.084375 0.23515625 0.1234375 0.16640625
0 0.58671875 0.053125 0.1046875 0.10234375
0 0.71796875 0.896875 0.08671875 0.109375
0 0.725 0.69453125 0.0921875 0.16640625
0 0.04609375 0.82109375 0.0875 0.1671875
0 0.39296875 0.909375 0.0984375 0.1203125
0 0.08515625 0.88203125 0.08984375 0.08828125
0 0.93828125 0.953125 0.11015625 0.0921875
0 0.028125 0.16484375 0.05390625 0.23046875
0 0.9140625 0.72734375 0.07265625 0.1046875
0 0.86171875 0.68359375 0.08359375 0.20078125