0 0.67265625 0.6703125 0.05390625 0.11796875
0 0.8640625 0.71953125 0.05625 0.10078125
0 0.4859375 0.68125 0.0546875 0.13203125
0 0.9484375 0.75078125 0.075 0.09296875
0 0.965625 0.66171875 0.059375 0.11640625
0 0.39140625 0.821875 0.06015625 0.1140625
0 0.659375 0.90546875 0.07890625 0.11640625
0 0.4328125 0.6859375 0.05390625 0.1109375
0 0.759375 0.6796875 0.084375 0.115625
0 0.4796875 0.9421875 0.0609375 0.10546875
0 0.921875 0.61875 0.03984375 0.0953125
0 0.3359375 0.78984375 0.06171875 0.09921875
0 0.534375 0.56953125 0.09765625 0.10703125
0 0.084375 0.91328125 0.06328125 0.09921875
0 0.575 0.86953125 0.07421875 0.11015625
0 0.4703125 0.80625 0.08359375 0.096875
0 0.8140625 0.84453125 0.08125 0.0875
0 0.45546875 0.571875 0.0828125 0.08984375
0 0.72890625 0.64140625 0.06328125 0.078125
0 0.36953125 0.68828125 0.0671875 0.09609375
0 0.8625 0.96328125 0.11328125 0.0734375
0 0.1671875 0.9078125 0.06953125 0.11328125
0 0.7609375 0.953125 0.06640625 0.09375
0 0.821875 0.6015625 0.059375 0.07578125
0 0.39765625 0.59140625 0.07578125 0.07734375
0 0.71015625 0.56015625 0.065625 0.0875
0 0.27578125 0.9671875 0.09140625 0.06171875
0 0.97890625 0.571875 0.0421875 0.0625
0 0.11484375 0.9625 0.05625 0.06875
0 0.5890625 0.559375 0.07421875 0.10078125
0 0.8734375 0.62421875 0.05 0.0734375
0 0.8734375 0.5703125 0.05625 0.08203125
0 0.95234375 0.57890625 0.034375 0.0515625
0 0.2265625 0.8765625 0.05859375 0.121875
0 0.90390625 0.79609375 0.09921875 0.08984375
0 0.878125 0.81953125 0.090625 0.0890625