0 0.55078125 0.14140625 0.090625 0.12890625
0 0.4734375 0.22265625 0.1140625 0.12578125
0 0.42578125 0.509375 0.08203125 0.1453125
0 0.35 0.6734375 0.11484375 0.10703125
0 0.60078125 0.76171875 0.0890625 0.16171875
0 0.784375 0.42421875 0.08515625 0.084375
0 0.934375 0.45078125 0.08203125 0.12109375
0 0.9375 0.76484375 0.08984375 0.13125
0 0.38125 0.8140625 0.12265625 0.1265625
0 0.240625 0.7953125 0.0984375 0.16484375
0 0.96640625 0.28671875 0.0671875 0.0984375
0 0.88203125 0.3203125 0.0921875 0.05625
0 0.05625 0.93203125 0.1125 0.128125
0 0.0859375 0.13984375 0.06171875 0.125
0 0.81640625 0.871875 0.08125 0.14765625
0 0.36953125 0.91171875 0.115625 0.1265625
0 0.1859375 0.478125 0.10703125 0.13046875
0 0.1203125 0.5421875 0.0921875 0.13125
0 0.3515625 0.35 0.065625 0.1890625
0 0.83984375 0.4921875 0.06015625 0.1796875
0 0.24609375 0.31875 0.0609375 0.10078125
0 0.2734375 0.5109375 0.0765625 0.165625
0 0.175 0.103125 0.06953125 0.1609375
0 0.9890625 0.4453125 0.02109375 0.13515625