0 0.32265625 0.04296875 0.0640625 0.0859375
0 0.42421875 0.0265625 0.05546875 0.053125
0 0.57578125 0.071875 0.0921875 0.12265625
0 0.7515625 0.30078125 0.08046875 0.13671875
0 0.63125 0.5125 0.10625 0.25546875
0 0.5984375 0.6265625 0.05703125 0.17890625
0 0.55390625 0.81328125 0.08515625 0.309375
0 0.39296875 0.48046875 0.0921875 0.10234375
0 0.6703125 0.05625 0.06796875 0.11171875
0 0.375 0.0203125 0.059375 0.040625
0 0.70078125 0.65703125 0.0921875 0.15234375
0 0.7296875 0.040625 0.05859375 0.0796875
0 0.846875 0.06953125 0.08671875 0.13828125
0 0.83984375 0.5296875 0.09140625 0.1375
0 0.0375 0.08203125 0.06953125 0.134375
0 0.659375 0.8421875 0.08515625 0.14140625
0 0.86328125 0.6734375 0.09609375 0.1515625
0 0.071875 0.40703125 0.07890625 0.1171875
0 0.55078125 0.36953125 0.06796875 0.13359375
0 0.36015625 0.6125 0.0875 0.13671875
0 0.48828125 0.4609375 0.08359375 0.11875
0 0.79609375 0.03984375 0.0640625 0.0796875
0 0.97109375 0.62578125 0.0578125 0.1484375
0 0.2578125 0.684375 0.0546875 0.196875
0 0.72890625 0.196875 0.10703125 0.1328125
0 0.02109375 0.82265625 0.0421875 0.1515625
0 0.175 0.4671875 0.08515625 0.11328125
0 0.6140625 0.24140625 0.0859375 0.12890625
0 0.134375 0.25390625 0.07109375 0.05390625
0 0.4984375 0.2265625 0.06875 0.1953125
0 0.27734375 0.153125 0.06015625 0.1734375
0 0.04375 0.5375 0.059375 0.15546875
0 0.56875 0.19609375 0.06953125 0.19296875
0 0.91484375 0.303125 0.09921875 0.12734375
0 0.3 0.4890625 0.06484375 0.1078125
0 0.98125 0.08359375 0.0375 0.12265625
0 0.259375 0.2609375 0.096875 0.0796875
0 0.134375 0.3671875 0.07578125 0.12109375
0 0.9203125 0.459375 0.09921875 0.07109375
0 0.053125 0.2375 0.10625 0.09453125
0 0.3859375 0.21484375 0.07265625 0.0890625
0 0.0375 0.71640625 0.04140625 0.10390625
0 0.0515625 0.6453125 0.0484375 0.1140625
0 0.19296875 0.60859375 0.07890625 0.1296875
0 0.2625 0.4015625 0.0890625 0.12109375
0 0.975 0.50703125 0.04609375 0.1125
0 0.44453125 0.33046875 0.0328125 0.1546875