0 0.20078125 0.6171875 0.0796875 0.19609375
0 0.259375 0.5984375 0.0734375 0.19921875
0 0.2265625 0.2796875 0.08125 0.19609375
0 0.45 0.83671875 0.07734375 0.1765625
0 0.3625 0.2046875 0.09765625 0.165625
0 0.2828125 0.4140625 0.0765625 0.178125
0 0.31875 0.821875 0.08671875 0.196875
0 0.94296875 0.7125 0.06953125 0.18359375
0 0.52890625 0.10546875 0.08046875 0.16015625
0 0.61875 0.259375 0.08828125 0.14375
0 0.371875 0.60625 0.08671875 0.1671875
0 0.5359375 0.23984375 0.084375 0.14765625
0 0.125 0.44296875 0.08203125 0.14453125
0 0.9234375 0.35859375 0.05703125 0.19140625
0 0.0625 0.8890625 0.09921875 0.1234375
0 0.4609375 0.1140625 0.06484375 0.196875
0 0.440625 0.37578125 0.1046875 0.1609375
0 0.65234375 0.8453125 0.11015625 0.12265625
0 0.5609375 0.51171875 0.0859375 0.1578125
0 0.7390625 0.12109375 0.09453125 0.1203125
0 0.88203125 0.41484375 0.06796875 0.15078125
0 0.80390625 0.74609375 0.071875 0.21171875
0 0.3625 0.05234375 0.11015625 0.10390625
0 0.1375 0.271875 0.0734375 0.18359375
0 0.4828125 0.66328125 0.134375 0.11484375
0 0.37890625 0.9203125 0.09296875 0.12890625
0 0.565625 0.41015625 0.09765625 0.15390625
0 0.215625 0.084375 0.1046875 0.16796875
0 0.20703125 0.946875 0.09140625 0.10625
0 0.90859375 0.825 0.103125 0.1203125
0 0.78515625 0.05234375 0.0828125 0.1046875
0 0.63203125 0.146875 0.1078125 0.1109375
0 0.67265625 0.396875 0.096875 0.13125
0 0.921875 0.0453125 0.05546875 0.090625
0 0.43359375 0.57890625 0.078125 0.146875
0 0.6734375 0.73125 0.08984375 0.15
0 0.7515625 0.5 0.10625 0.12734375
0 0.728125 0.69453125 0.08359375 0.1578125
0 0.796875 0.3640625 0.07578125 0.15859375
0 0.90078125 0.5203125 0.09453125 0.128125
0 0.0484375 0.7796875 0.096875 0.115625
0 0.84453125 0.38203125 0.0546875 0.15625
0 0.496875 0.4265625 0.0921875 0.15078125
0 0.8328125 0.16015625 0.0734375 0.12265625
0 0.5921875 0.05 0.10859375 0.1
0 0.64140625 0.60859375 0.10703125 0.140625
0 0.9734375 0.06796875 0.053125 0.1328125
0 0.73125 0.596875 0.0796875 0.1078125
0 0.81015625 0.5703125 0.0984375 0.13125
0 0.12421875 0.95546875 0.10703125 0.08828125
0 0.3921875 0.0984375 0.07109375 0.17890625
0 0.87109375 0.2453125 0.07734375 0.140625
0 0.05078125 0.48671875 0.0859375 0.1640625