0 0.32734375 0.58671875 0.0578125 0.08203125
0 0.28515625 0.68046875 0.05859375 0.0875
0 0.5015625 0.59765625 0.0546875 0.0875
0 0.2890625 0.59453125 0.059375 0.0875
0 0.52578125 0.66640625 0.06015625 0.08359375
0 0.1953125 0.6109375 0.05625 0.0953125
0 0.3875 0.5765625 0.065625 0.09921875
0 0.4265625 0.6515625 0.0671875 0.0859375
0 0.13671875 0.66015625 0.06328125 0.11796875
0 0.24296875 0.603125 0.046875 0.09140625
0 0.721875 0.57578125 0.06796875 0.090625
0 0.590625 0.57578125 0.071875 0.08515625
0 0.18125 0.68125 0.05390625 0.1
0 0.22734375 0.6765625 0.05078125 0.09609375
0 0.34140625 0.73046875 0.09609375 0.0828125
0 0.115625 0.628125 0.06875 0.0796875
0 0.30078125 0.8265625 0.0625 0.0921875
0 0.46796875 0.59609375 0.04296875 0.09609375
0 0.20625 0.7859375 0.05234375 0.0890625
0 0.48671875 0.7359375 0.0625 0.0984375
0 0.55625 0.73125 0.05234375 0.09921875
0 0.61015625 0.64921875 0.05703125 0.12578125
0 0.6421875 0.87421875 0.07578125 0.0984375
0 0.22734375 0.83828125 0.08359375 0.09375
0 0.14921875 0.853125 0.06640625 0.115625
0 0.3890625 0.81796875 0.0578125 0.10546875
0 0.10859375 0.76484375 0.0671875 0.1
0 0.775 0.709375 0.05625 0.1140625
0 0.740625 0.6671875 0.05859375 0.08828125
0 0.671875 0.5609375 0.0609375 0.08515625
0 0.52734375 0.8078125 0.0765625 0.1015625
0 0.653125 0.7453125 0.05859375 0.11015625
0 0.67421875 0.625 0.0515625 0.09609375
0 0.8875 0.6234375 0.0734375 0.11640625
0 0.8078125 0.5734375 0.0796875 0.1140625
0 0.071875 0.85234375 0.05546875 0.11484375
0 0.03359375 0.71328125 0.04375 0.0859375
0 0.4390625 0.7890625 0.05703125 0.12421875
0 0.46953125 0.903125 0.07734375 0.0859375
0 0.42421875 0.6078125 0.05078125 0.08359375
0 0.70859375 0.79296875 0.08359375 0.12265625
0 0.584375 0.915625 0.08125 0.11328125
0 0.85859375 0.55859375 0.05234375 0.11640625
0 0.884375 0.921875 0.09296875 0.103125
0 0.8765625 0.72734375 0.06875 0.11640625
0 0.30234375 0.9328125 0.0890625 0.1140625
0 0.659375 0.6734375 0.0578125 0.10625
0 0.1890625 0.9359375 0.07265625 0.115625
0 0.78359375 0.834375 0.0484375 0.11796875
0 0.721875 0.94375 0.06015625 0.1109375
0 0.82734375 0.7 0.046875 0.0953125
0 0.9703125 0.9046875 0.059375 0.1109375
0 0.80703125 0.86015625 0.05859375 0.13359375
0 0.96015625 0.75546875 0.0609375 0.1015625
0 0.853125 0.871875 0.05625 0.13359375
0 0.009375 0.63515625 0.01796875 0.08203125
0 0.8046875 0.98125 0.05 0.0375
0 0.759375 0.978125 0.07109375 0.04296875
0 0.075 0.6703125 0.03984375 0.10078125