0 0.6703125 0.1515625 0.09921875 0.1546875
0 0.6796875 0.47109375 0.1140625 0.1390625
0 0.57890625 0.48359375 0.090625 0.13828125
0 0.71640625 0.65 0.10859375 0.14296875
0 0.16953125 0.27734375 0.06484375 0.1125
0 0.13046875 0.2015625 0.06015625 0.103125
0 0.33125 0.51640625 0.08671875 0.1328125
0 0.4734375 0.70078125 0.0734375 0.18515625
0 0.809375 0.828125 0.12421875 0.1484375
0 0.6125 0.60859375 0.0828125 0.11640625
0 0.31484375 0.85703125 0.09375 0.1046875
0 0.125 0.90390625 0.08515625 0.1265625
0 0.41484375 0.94375 0.10234375 0.10703125