0 0.178125 0.47890625 0.04765625 0.10234375
0 0.2125 0.428125 0.04375 0.12421875
0 0.3421875 0.43125 0.053125 0.084375
0 0.428125 0.35 0.04453125 0.09609375
0 0.3859375 0.409375 0.034375 0.078125
0 0.4453125 0.44296875 0.04921875 0.08984375
0 0.478125 0.39140625 0.05 0.0546875
0 0.36171875 0.53984375 0.03203125 0.08203125
0 0.4078125 0.48359375 0.075 0.07734375
0 0.41640625 0.55078125 0.0640625 0.03828125
0 0.6796875 0.35625 0.05859375 0.09375
0 0.659375 0.4359375 0.04375 0.10078125
0 0.70703125 0.43203125 0.05859375 0.09921875
0 0.7578125 0.34609375 0.046875 0.10546875
0 0.80703125 0.3078125 0.05078125 0.096875
0 0.82734375 0.3984375 0.0703125 0.096875
0 0.90546875 0.35234375 0.04296875 0.12421875
0 0.96171875 0.34609375 0.06015625 0.1046875
0 0.86171875 0.50859375 0.0671875 0.1078125
0 0.959375 0.55703125 0.05078125 0.12578125
0 0.86875 0.67265625 0.046875 0.13203125
0 0.92109375 0.64453125 0.05703125 0.10859375
0 0.9421875 0.675 0.065625 0.12109375
0 0.97734375 0.6828125 0.0453125 0.10234375
0 0.97578125 0.78359375 0.0484375 0.1078125
0 0.909375 0.82109375 0.09296875 0.0984375
0 0.81328125 0.78828125 0.07734375 0.1296875
0 0.72421875 0.79375 0.0671875 0.10625
0 0.72578125 0.90703125 0.0859375 0.1171875
0 0.6453125 0.7515625 0.07578125 0.125
0 0.6609375 0.67890625 0.05625 0.0421875
0 0.71875 0.565625 0.07578125 0.11875
0 0.540625 0.5421875 0.04453125 0.10546875
0 0.53359375 0.43984375 0.06953125 0.0890625
0 0.59140625 0.48515625 0.05234375 0.0546875
0 0.6015625 0.6734375 0.05234375 0.13984375
0 0.5640625 0.76328125 0.04921875 0.1109375
0 0.51171875 0.709375 0.04140625 0.10859375
0 0.4921875 0.628125 0.05546875 0.10703125
0 0.3875 0.86796875 0.03828125 0.1203125
0 0.34296875 0.83046875 0.0421875 0.10390625
0 0.35859375 0.7296875 0.06328125 0.12578125
0 0.24765625 0.83359375 0.0640625 0.0671875
0 0.296875 0.88125 0.03359375 0.1
0 0.26015625 0.89375 0.0453125 0.075
0 0.140625 0.91796875 0.075 0.08828125
0 0.07421875 0.8734375 0.0453125 0.07109375
0 0.0359375 0.90625 0.04765625 0.06796875
0 0.13359375 0.77734375 0.07265625 0.0921875
0 0.19140625 0.73125 0.04140625 0.078125
0 0.225 0.60859375 0.05703125 0.0578125
0 0.115625 0.6390625 0.04765625 0.08671875
0 0.0390625 0.67265625 0.04921875 0.0828125
0 0.12109375 0.575 0.0421875 0.05703125
0 0.1234375 0.078125 0.0375 0.078125
0 0.62734375 0.221875 0.05078125 0.15859375
0 0.43359375 0.6921875 0.07109375 0.06328125
0 0.4265625 0.78359375 0.06171875 0.1078125
0 0.23828125 0.78671875 0.03515625 0.0578125
0 0.2546875 0.97265625 0.04765625 0.0546875
0 0.14765625 0.98125 0.07109375 0.0375
0 0.6515625 0.96875 0.046875 0.0625