0 0.61640625 0.190625 0.10078125 0.14375
0 0.23046875 0.10859375 0.0734375 0.175
0 0.46796875 0.2234375 0.12578125 0.13671875
0 0.865625 0.22109375 0.06796875 0.2328125
0 0.384375 0.2734375 0.1 0.12421875
0 0.534375 0.79921875 0.06953125 0.1625
0 0.70703125 0.58671875 0.11796875 0.1203125
0 0.16015625 0.78515625 0.08203125 0.14375
0 0.59453125 0.45625 0.096875 0.14453125
0 0.72734375 0.3375 0.06796875 0.171875
0 0.178125 0.3234375 0.078125 0.12578125
0 0.453125 0.7265625 0.1046875 0.1296875
0 0.1546875 0.57578125 0.1 0.12578125
0 0.94375 0.2703125 0.0703125 0.203125
0 0.9265625 0.74375 0.0796875 0.23515625
0 0.76796875 0.246875 0.08046875 0.1734375
0 0.3765625 0.4328125 0.07265625 0.18984375
0 0.33828125 0.68359375 0.0640625 0.19765625
0 0.08984375 0.5046875 0.06953125 0.1296875
0 0.234375 0.70390625 0.06328125 0.19140625
0 0.409375 0.5953125 0.10234375 0.1328125
0 0.15234375 0.43125 0.12109375 0.1359375
0 0.7625 0.65078125 0.090625 0.18203125
0 0.26953125 0.3140625 0.08984375 0.08828125
0 0.29296875 0.59375 0.10390625 0.08671875