0 0.521875 0.45234375 0.078125 0.08515625
0 0.41484375 0.46875 0.084375 0.10546875
0 0.02734375 0.34609375 0.0546875 0.115625
0 0.4375 0.7078125 0.1046875 0.1484375
0 0.95 0.6140625 0.08828125 0.10859375
0 0.684375 0.7796875 0.09375 0.09140625
0 0.9515625 0.47890625 0.09296875 0.11875
0 0.1671875 0.71953125 0.0875 0.15078125
0 0.59453125 0.6546875 0.08984375 0.1171875
0 0.55546875 0.73671875 0.09375 0.1265625
0 0.81875 0.6765625 0.09609375 0.13125
0 0.325 0.84296875 0.059375 0.09609375
0 0.975 0.715625 0.04921875 0.096875
0 0.42734375 0.83359375 0.046875 0.11015625
0 0.70234375 0.8546875 0.09609375 0.090625
0 0.9046875 0.83359375 0.05625 0.15390625
0 0.84453125 0.853125 0.07265625 0.11953125
0 0.38359375 0.84296875 0.05390625 0.11015625
0 0.95078125 0.8671875 0.04296875 0.0875
0 0.7921875 0.84453125 0.03984375 0.1