0 0.44140625 0.34296875 0.08828125 0.1265625
0 0.41015625 0.5375 0.0625 0.103125
0 0.31640625 0.51875 0.09921875 0.12109375
0 0.109375 0.51171875 0.09609375 0.1296875
0 0.6890625 0.740625 0.084375 0.096875
0 0.3625 0.390625 0.0859375 0.121875
0 0.7078125 0.446875 0.05625 0.14296875
0 0.809375 0.296875 0.0671875 0.103125
0 0.61171875 0.5796875 0.08125 0.15234375
0 0.0984375 0.18828125 0.09453125 0.1328125
0 0.340625 0.71875 0.096875 0.10390625
0 0.95 0.66953125 0.06484375 0.1078125
0 0.61953125 0.4578125 0.07109375 0.15625
0 0.76640625 0.31015625 0.0625 0.125
0 0.8140625 0.92421875 0.065625 0.1390625
0 0.9484375 0.35234375 0.04921875 0.1453125
0 0.9015625 0.415625 0.07890625 0.1015625
0 0.98046875 0.3859375 0.0390625 0.1
0 0.6140625 0.878125 0.07578125 0.09296875
0 0.53359375 0.1671875 0.05703125 0.165625
0 0.24296875 0.1609375 0.0734375 0.184375
0 0.48828125 0.15859375 0.05703125 0.13359375
0 0.18125 0.19921875 0.071875 0.1390625
0 0.8578125 0.16875 0.05078125 0.128125
0 0.92421875 0.19609375 0.05 0.15078125
0 0.73671875 0.78359375 0.0625 0.1390625
0 0.7046875 0.571875 0.0640625 0.08984375
0 0.83671875 0.43046875 0.0640625 0.09140625
0 0.89453125 0.60234375 0.05546875 0.11015625
0 0.16328125 0.60625 0.06328125 0.16796875
0 0.77421875 0.21640625 0.06484375 0.10078125
0 0.33984375 0.840625 0.0921875 0.1109375
0 0.525 0.05859375 0.06640625 0.10859375
0 0.10859375 0.715625 0.078125 0.1734375
0 0.38828125 0.1796875 0.0625 0.11953125
0 0.5921875 0.2125 0.06640625 0.15390625
0 0.21328125 0.89921875 0.09921875 0.12890625