0 0.61640625 0.4484375 0.06328125 0.1515625
0 0.46875 0.5578125 0.06796875 0.15
0 0.88046875 0.44921875 0.05 0.12421875
0 0.89140625 0.68828125 0.04609375 0.1359375
0 0.4625 0.1515625 0.0625 0.1375
0 0.51484375 0.11484375 0.0546875 0.140625
0 0.86328125 0.17109375 0.059375 0.121875
0 0.76484375 0.22890625 0.05234375 0.090625
0 0.975 0.08203125 0.0421875 0.090625
0 0.92265625 0.1453125 0.05078125 0.10625
0 0.54375 0.20546875 0.04375 0.1140625
0 0.9765625 0.2515625 0.040625 0.153125
0 0.16484375 0.5984375 0.08515625 0.1171875
0 0.03125 0.19140625 0.0625 0.1015625
0 0.06484375 0.38203125 0.0875 0.1171875
0 0.13671875 0.31328125 0.065625 0.1484375
0 0.80546875 0.059375 0.06875 0.11484375
0 0.0375 0.0765625 0.05390625 0.14609375
0 0.0375 0.8 0.075 0.1453125
0 0.20703125 0.92890625 0.0953125 0.13984375
0 0.80546875 0.90703125 0.06640625 0.10625
0 0.18359375 0.4203125 0.075 0.11796875
0 0.328125 0.8140625 0.0734375 0.134375
0 0.23828125 0.79609375 0.09453125 0.12890625