0 0.45 0.56640625 0.07265625 0.1109375
0 0.484375 0.66328125 0.05078125 0.11484375
0 0.1796875 0.825 0.07890625 0.09453125
0 0.7328125 0.78515625 0.05859375 0.09921875
0 0.82890625 0.7171875 0.04453125 0.08125
0 0.87265625 0.68046875 0.05390625 0.10546875
0 0.58828125 0.9328125 0.03984375 0.121875
0 0.4734375 0.86875 0.046875 0.0875
0 0.48828125 0.9453125 0.0703125 0.09609375
0 0.27265625 0.89765625 0.06484375 0.0984375
0 0.215625 0.69140625 0.05234375 0.09453125
0 0.153125 0.12421875 0.05390625 0.08359375
0 0.3515625 0.88671875 0.04921875 0.08203125
0 0.1484375 0.93359375 0.05234375 0.1296875
0 0.0921875 0.9328125 0.06171875 0.11875
0 0.628125 0.87890625 0.04453125 0.0953125
0 0.6609375 0.9203125 0.04375 0.08671875
0 0.790625 0.93203125 0.04921875 0.1015625
0 0.8015625 0.2140625 0.03359375 0.103125
0 0.76875 0.309375 0.05390625 0.109375
0 0.88359375 0.31953125 0.0484375 0.0859375
0 0.90234375 0.2265625 0.04453125 0.08125
0 0.02890625 0.68671875 0.0578125 0.0078125
0 0.221875 0.53046875 0.04921875 0.0859375
0 0.0890625 0.43515625 0.07890625 0.09765625
0 0.134375 0.18203125 0.06328125 0.08359375