0 0.309375 0.56328125 0.06171875 0.1171875
0 0.19375 0.675 0.05703125 0.12109375
0 0.22734375 0.74609375 0.04609375 0.1296875
0 0.25859375 0.79609375 0.0640625 0.09296875
0 0.33828125 0.80703125 0.0734375 0.0828125
0 0.4296875 0.73046875 0.053125 0.12734375
0 0.47578125 0.68359375 0.04921875 0.13046875
0 0.58359375 0.70625 0.05703125 0.109375
0 0.5984375 0.81015625 0.09296875 0.10078125
0 0.7515625 0.63984375 0.05625 0.11328125
0 0.23515625 0.7171875 0.046875 0.06875
0 0.84296875 0.71796875 0.0484375 0.1296875
0 0.55 0.88515625 0.084375 0.1203125
0 0.72578125 0.8765625 0.059375 0.1078125
0 0.825 0.8390625 0.04296875 0.08359375
0 0.3640625 0.92734375 0.059375 0.13203125
0 0.89609375 0.3453125 0.04296875 0.10390625
0 0.05703125 0.71484375 0.0671875 0.1296875
0 0.909375 0.82890625 0.04296875 0.128125
0 0.22890625 0.9421875 0.05234375 0.10703125
0 0.9234375 0.70546875 0.03984375 0.1015625
0 0.05390625 0.63203125 0.0671875 0.0828125
0 0.0359375 0.79765625 0.04375 0.096875
0 0.90546875 0.65078125 0.0453125 0.1
0 0.97890625 0.9015625 0.0421875 0.096875
0 0.72734375 0.22578125 0.03984375 0.08515625
0 0.98125 0.33671875 0.03671875 0.08359375
0 0.26640625 0.46796875 0.05 0.0578125
0 0.9546875 0.1890625 0.040625 0.08828125
0 0.9 0.934375 0.059375 0.08984375
0 0.74921875 0.959375 0.05078125 0.075
0 0.15625 0.87578125 0.053125 0.07890625
0 0.02890625 0.52578125 0.0578125 0.14140625
0 0.76640625 0.2765625 0.04453125 0.07578125
0 0.85859375 0.46640625 0.04921875 0.05859375
0 0.021875 0.12734375 0.03671875 0.06953125
0 0.04765625 0.93046875 0.06171875 0.1171875
0 0.97734375 0.12265625 0.0453125 0.11953125
0 0.81953125 0.35546875 0.0453125 0.06640625
0 0.4890625 0.9484375 0.0609375 0.08984375
0 0.85859375 0.19375 0.059375 0.0875
0 0.42890625 0.96015625 0.046875 0.0796875
0 0.45 0.86796875 0.0640625 0.10859375
0 0.86875 0.1109375 0.05078125 0.09453125
0 0.74296875 0.03828125 0.046875 0.07265625
0 0.28046875 0.11875 0.05078125 0.09609375
0 0.11484375 0.93359375 0.04921875 0.12265625
0 0.89765625 0.4828125 0.04296875 0.0578125
0 0.3375 0.23046875 0.059375 0.07578125
0 0.9234375 0.08203125 0.04140625 0.08125
0 0.22109375 0.0640625 0.05625 0.1234375
0 0.1734375 0.12734375 0.05546875 0.0984375
0 0.7515625 0.1453125 0.04296875 0.08671875
0 0.7515625 0.33671875 0.04140625 0.06171875
0 0.02421875 0.04296875 0.0453125 0.0859375
0 0.2078125 0.2140625 0.05546875 0.115625
0 0.83671875 0.675 0.02265625 0.05546875
0 0.725 0.97421875 0.046875 0.05078125
0 0.775 0.10546875 0.05078125 0.0796875
0 0.7203125 0.14765625 0.046875 0.0859375
0 0.0625 0.84375 0.03984375 0.08671875
0 0.08359375 0.93671875 0.0515625 0.1078125
0 0.33359375 0.3359375 0.04375 0.0421875
0 0.82734375 0.046875 0.0390625 0.0828125
0 0.6390625 0.9609375 0.04375 0.07265625