0 0.4796875 0.45078125 0.1 0.1546875
0 0.6265625 0.17890625 0.1046875 0.13125
0 0.31015625 0.1109375 0.07109375 0.16875
0 0.221875 0.22578125 0.06796875 0.12890625
0 0.46328125 0.0515625 0.0640625 0.103125
0 0.1703125 0.27265625 0.06328125 0.1796875
0 0.37421875 0.88125 0.0765625 0.18125
0 0.89765625 0.6734375 0.0921875 0.203125
0 0.10625 0.85546875 0.04921875 0.13125
0 0.46796875 0.9390625 0.07578125 0.11640625
0 0.14921875 0.70234375 0.06796875 0.12109375
0 0.2046875 0.8953125 0.0625 0.15234375
0 0.23125 0.49765625 0.06484375 0.12578125
0 0.2609375 0.825 0.07578125 0.09609375
0 0.45 0.71640625 0.11015625 0.1078125
0 0.23046875 0.68515625 0.09921875 0.1625
0 0.17421875 0.47578125 0.0703125 0.11484375
0 0.68984375 0.78515625 0.0828125 0.10625
0 0.25 0.8828125 0.0734375 0.13984375
0 0.7984375 0.7328125 0.0734375 0.078125