0 0.75546875 0.5171875 0.078125 0.13046875
0 0.9203125 0.47109375 0.0546875 0.14609375
0 0.65078125 0.6890625 0.08828125 0.1171875
0 0.50234375 0.79140625 0.08125 0.1265625
0 0.1671875 0.440625 0.065625 0.16328125
0 0.8609375 0.63515625 0.05625 0.12890625
0 0.09296875 0.59296875 0.096875 0.11015625
0 0.1578125 0.82890625 0.10078125 0.18984375
0 0.028125 0.43046875 0.05625 0.13359375
0 0.56484375 0.16015625 0.059375 0.11328125
0 0.9109375 0.61796875 0.06640625 0.103125
0 0.0265625 0.8140625 0.05234375 0.175
0 0.96640625 0.29609375 0.0671875 0.1453125
0 0.72578125 0.6671875 0.0546875 0.1546875
0 0.31640625 0.384375 0.06328125 0.10703125
0 0.7421875 0.95703125 0.0734375 0.0859375
0 0.29921875 0.909375 0.090625 0.1296875
0 0.2609375 0.84140625 0.0765625 0.13515625
0 0.66484375 0.821875 0.06875 0.1390625
0 0.32890625 0.7921875 0.0609375 0.121875
0 0.409375 0.94765625 0.059375 0.1
0 0.84453125 0.86015625 0.05859375 0.1234375
0 0.8734375 0.95546875 0.06171875 0.08359375
0 0.6421875 0.06796875 0.071875 0.11953125
0 0.27109375 0.26015625 0.0609375 0.0796875
0 0.0796875 0.8421875 0.0484375 0.1546875
0 0.790625 0.8296875 0.0453125 0.15
0 0.746875 0.82578125 0.05078125 0.13515625