0 0.734375 0.371875 0.06171875 0.165625
0 0.38203125 0.69296875 0.07421875 0.13515625
0 0.321875 0.23671875 0.0703125 0.10859375
0 0.971875 0.390625 0.05625 0.1796875
0 0.87109375 0.5453125 0.07109375 0.17890625
0 0.375 0.2703125 0.05625 0.1421875
0 0.165625 0.234375 0.07578125 0.1390625
0 0.0765625 0.45625 0.0578125 0.11875
0 0.23828125 0.23671875 0.07265625 0.134375
0 0.778125 0.08671875 0.06015625 0.15625
0 0.34375 0.11953125 0.0796875 0.0734375
0 0.0359375 0.16640625 0.06875 0.12578125
0 0.03515625 0.52890625 0.06875 0.1109375
0 0.47109375 0.9421875 0.0765625 0.115625