0 0.896875 0.4703125 0.0984375 0.10390625
0 0.9421875 0.646875 0.0828125 0.1890625
0 0.96796875 0.38984375 0.0640625 0.10859375
0 0.8546875 0.71171875 0.06875 0.134375
0 0.178125 0.5609375 0.07109375 0.1578125
0 0.165625 0.403125 0.06796875 0.11875
0 0.6703125 0.33828125 0.096875 0.1078125
0 0.7109375 0.65234375 0.0734375 0.16953125
0 0.32890625 0.5359375 0.071875 0.18046875
0 0.7125 0.22265625 0.06328125 0.153125
0 0.125 0.58671875 0.06015625 0.16171875
0 0.584375 0.4 0.071875 0.12890625
0 0.60546875 0.65625 0.1015625 0.12734375
0 0.10625 0.7734375 0.075 0.134375
0 0.40703125 0.71171875 0.0921875 0.1578125
0 0.78046875 0.1203125 0.084375 0.12734375
0 0.26015625 0.559375 0.0640625 0.13359375
0 0.28828125 0.4328125 0.06015625 0.1140625
0 0.70390625 0.80390625 0.08125 0.14921875
0 0.0515625 0.83671875 0.06640625 0.1453125
0 0.78515625 0.67890625 0.09375 0.13984375
0 0.2046875 0.71171875 0.0640625 0.14375
0 0.10390625 0.11484375 0.06328125 0.14609375
0 0.36953125 0.31484375 0.0703125 0.15859375
0 0.5734375 0.2671875 0.075 0.1265625
0 0.309375 0.34140625 0.05703125 0.1515625
0 0.2671875 0.18515625 0.07734375 0.11640625
0 0.1375 0.90546875 0.10703125 0.1296875
0 0.5578125 0.1015625 0.09765625 0.165625
0 0.53984375 0.5296875 0.1 0.115625
0 0.459375 0.346875 0.0984375 0.1140625
0 0.31171875 0.8765625 0.08203125 0.15546875
0 0.509375 0.42421875 0.065625 0.13203125
0 0.6515625 0.15078125 0.090625 0.12109375
0 0.3734375 0.853125 0.0625 0.15078125
0 0.95234375 0.2328125 0.06328125 0.1703125
0 0.28046875 0.7734375 0.07734375 0.14140625
0 0.4125 0.1984375 0.06015625 0.1671875
0 0.35546875 0.75234375 0.084375 0.11875
0 0.2375 0.88046875 0.078125 0.146875
0 0.77734375 0.78828125 0.0703125 0.14453125
0 0.96875 0.175 0.0625 0.14453125
0 0.4578125 0.45703125 0.0734375 0.14375
0 0.55078125 0.61875 0.1046875 0.1140625
0 0.35390625 0.1546875 0.08359375 0.11875
0 0.33046875 0.07890625 0.08671875 0.134375
0 0.8921875 0.2046875 0.075 0.17578125
0 0.83359375 0.1703125 0.05703125 0.1859375
0 0.45 0.5609375 0.07421875 0.275
0 0.475 0.20546875 0.0625 0.16875
0 0.1921875 0.8140625 0.0640625 0.1078125
0 0.05234375 0.1109375 0.065625 0.1125
0 0.52734375 0.21484375 0.071875 0.11875
0 0.975 0.05 0.05 0.1
0 0.4890625 0.0875 0.0578125 0.10234375