0 0.73984375 0.34140625 0.0734375 0.18828125
0 0.71328125 0.25546875 0.08203125 0.15625
0 0.596875 0.325 0.075 0.13984375
0 0.89140625 0.384375 0.08125 0.178125
0 0.4015625 0.37421875 0.0859375 0.146875
0 0.246875 0.728125 0.0640625 0.159375
0 0.82890625 0.25078125 0.0875 0.12265625
0 0.4484375 0.16328125 0.06640625 0.10625
0 0.675 0.39375 0.06796875 0.12890625
0 0.44453125 0.328125 0.053125 0.15
0 0.5109375 0.29921875 0.08984375 0.1359375
0 0.27578125 0.20703125 0.06171875 0.16484375
0 0.58671875 0.4125 0.06953125 0.15078125
0 0.0671875 0.6234375 0.06015625 0.14375
0 0.3765625 0.2515625 0.1109375 0.13046875
0 0.075 0.54296875 0.0671875 0.11171875
0 0.11875 0.20859375 0.05625 0.18125
0 0.2265625 0.12890625 0.05625 0.1515625
0 0.2609375 0.059375 0.0734375 0.11484375
0 0.8953125 0.65390625 0.0671875 0.20546875
0 0.6328125 0.60078125 0.07578125 0.12578125
0 0.6265625 0.1859375 0.053125 0.11796875
0 0.12578125 0.08984375 0.0703125 0.1015625
0 0.17890625 0.6421875 0.059375 0.13125
0 0.43046875 0.76875 0.10546875 0.12578125
0 0.509375 0.52265625 0.09765625 0.13671875
0 0.4234375 0.540625 0.06640625 0.1390625
0 0.0828125 0.378125 0.05546875 0.13828125
0 0.65 0.290625 0.05625 0.14609375
0 0.1421875 0.56875 0.05859375 0.1453125
0 0.62578125 0.89921875 0.09453125 0.11640625
0 0.21875 0.24921875 0.0515625 0.184375
0 0.3984375 0.11328125 0.0578125 0.1109375
0 0.79765625 0.59296875 0.0875 0.15078125
0 0.95859375 0.3296875 0.0671875 0.1484375
0 0.59140625 0.14296875 0.0765625 0.134375
0 0.18046875 0.246875 0.05 0.17421875
0 0.48203125 0.0578125 0.0703125 0.11484375
0 0.121875 0.7328125 0.0625 0.16796875
0 0.3484375 0.85 0.08984375 0.1234375
0 0.821875 0.16015625 0.1 0.1109375
0 0.05625 0.8328125 0.05703125 0.13203125
0 0.57578125 0.57890625 0.06015625 0.190625
0 0.1796875 0.746875 0.0734375 0.1015625
0 0.25625 0.47578125 0.0625 0.14609375
0 0.86171875 0.88515625 0.103125 0.11171875
0 0.30078125 0.865625 0.0546875 0.1390625
0 0.609375 0.80625 0.0953125 0.0984375
0 0.790625 0.05 0.0703125 0.0984375
0 0.04296875 0.69921875 0.05625 0.1578125
0 0.34453125 0.059375 0.05 0.10859375
0 0.06484375 0.05 0.0609375 0.09609375
0 0.1921875 0.0515625 0.0625 0.10078125
0 0.0578125 0.1546875 0.08984375 0.09296875
0 0.53046875 0.68671875 0.0875 0.15625
0 0.42734375 0.67265625 0.08515625 0.10859375
0 0.30546875 0.3796875 0.0625 0.13359375
0 0.928125 0.23203125 0.0796875 0.12734375
0 0.26015625 0.33046875 0.065625 0.1265625
0 0.2140625 0.46328125 0.0515625 0.134375
0 0.89375 0.0515625 0.09375 0.1
0 0.109375 0.9078125 0.075 0.16875
0 0.53828125 0.39453125 0.05234375 0.1265625
0 0.72265625 0.9203125 0.08515625 0.11015625
0 0.5296875 0.03671875 0.05234375 0.0734375
0 0.96171875 0.90078125 0.07421875 0.0921875
0 0.4078125 0.046875 0.1 0.09296875
0 0.8 0.93125 0.0703125 0.1328125
0 0.33984375 0.49453125 0.0734375 0.0859375
0 0.23984375 0.8890625 0.0828125 0.096875
0 0.78515625 0.77890625 0.0578125 0.1453125
0 0.6984375 0.6671875 0.0625 0.10234375