0 0.48125 0.37265625 0.071875 0.0734375
0 0.23828125 0.3453125 0.06796875 0.07734375
0 0.1625 0.45703125 0.0671875 0.08203125
0 0.19375 0.56796875 0.08203125 0.08359375
0 0.50703125 0.7171875 0.0796875 0.09765625
0 0.79609375 0.78984375 0.071875 0.13046875
0 0.70625 0.9515625 0.10625 0.09609375
0 0.1515625 0.05546875 0.08515625 0.08984375
0 0.5359375 0.62890625 0.05078125 0.05546875
0 0.37734375 0.9328125 0.08046875 0.1078125
0 0.10390625 0.54140625 0.0578125 0.0796875
0 0.2796875 0.01953125 0.07890625 0.03828125
0 0.8234375 0.05078125 0.1046875 0.09296875
0 0.58125 0.9546875 0.08046875 0.090625
0 0.1171875 0.9703125 0.071875 0.05859375
0 0.396875 0.69921875 0.06796875 0.0796875
0 0.7484375 0.51796875 0.08125 0.06328125
0 0.4921875 0.940625 0.04765625 0.1140625
0 0.30859375 0.575 0.04453125 0.059375
0 0.90625 0.6046875 0.06640625 0.09921875
0 0.9703125 0.35625 0.05 0.0921875
0 0.740625 0.59296875 0.06328125 0.08125
0 0.23125 0.7828125 0.0625 0.084375
0 0.4765625 0.8078125 0.04921875 0.1265625
0 0.8 0.25546875 0.096875 0.09609375
0 0.03046875 0.56328125 0.059375 0.0859375
0 0.09921875 0.8734375 0.04765625 0.0984375
0 0.64765625 0.76640625 0.05546875 0.121875
0 0.40703125 0.60234375 0.06171875 0.06796875
0 0.684375 0.6421875 0.04921875 0.12421875
0 0.603125 0.6984375 0.046875 0.071875
0 0.58671875 0.7609375 0.07109375 0.08671875
0 0.5734375 0.846875 0.084375 0.109375
0 0.93984375 0.6625 0.04453125 0.15390625
0 0.34296875 0.78046875 0.0453125 0.08515625
0 0.1734375 0.78671875 0.04140625 0.1078125
0 0.24765625 0.8328125 0.0421875 0.090625
0 0.27578125 0.884375 0.0453125 0.128125
0 0.1234375 0.80234375 0.06640625 0.0859375
0 0.375 0.5359375 0.040625 0.109375
0 0.3453125 0.5375 0.03671875 0.12109375
0 0.0375 0.6171875 0.06484375 0.06796875
0 0.065625 0.6640625 0.04375 0.109375