0 0.16796875 0.52890625 0.1171875 0.1390625
0 0.79375 0.74453125 0.1046875 0.12109375
0 0.8484375 0.53515625 0.11328125 0.121875
0 0.665625 0.76875 0.084375 0.12421875
0 0.53359375 0.571875 0.0984375 0.165625
0 0.03046875 0.7421875 0.0609375 0.1625
0 0.45234375 0.378125 0.10390625 0.1296875
0 0.590625 0.0859375 0.0734375 0.11015625
0 0.18046875 0.79375 0.13671875 0.265625
0 0.965625 0.3234375 0.065625 0.11484375
0 0.47421875 0.26875 0.09765625 0.1046875
0 0.94453125 0.84140625 0.1109375 0.1484375
0 0.75625 0.0546875 0.109375 0.09609375
0 0.2953125 0.16015625 0.0828125 0.1234375
0 0.2640625 0.08359375 0.0984375 0.1109375
0 0.05234375 0.0296875 0.078125 0.05859375
0 0.91328125 0.2515625 0.06171875 0.15078125
0 0.48125 0.18359375 0.09609375 0.11484375
0 0.0171875 0.1421875 0.034375 0.1359375
0 0.76640625 0.14609375 0.08125 0.12421875
0 0.7921875 0.915625 0.06171875 0.15625
0 0.65234375 0.1828125 0.0703125 0.17109375
0 0.81015625 0.2125 0.090625 0.140625
0 0.8515625 0.25546875 0.06328125 0.17265625
0 0.40703125 0.19609375 0.06015625 0.1796875
0 0.36640625 0.14609375 0.0546875 0.1765625
0 0.459375 0.06484375 0.05390625 0.1234375
0 0.8578125 0.8546875 0.059375 0.22421875