0 0.46484375 0.203125 0.08515625 0.20625
0 0.3859375 0.246875 0.06953125 0.21875
0 0.33125 0.3046875 0.08671875 0.18984375
0 0.81953125 0.5734375 0.06484375 0.16171875
0 0.92109375 0.23125 0.0953125 0.13671875
0 0.95546875 0.71875 0.084375 0.18359375
0 0.20703125 0.76171875 0.09765625 0.203125
0 0.76796875 0.67890625 0.0703125 0.20078125
0 0.878125 0.915625 0.10234375 0.165625
0 0.65234375 0.8421875 0.0859375 0.19609375
0 0.36640625 0.5875 0.0703125 0.14453125
0 0.1203125 0.928125 0.11796875 0.115625
0 0.49375 0.33828125 0.0875 0.12421875
0 0.0703125 0.7125 0.13359375 0.109375
0 0.64140625 0.54765625 0.134375 0.109375
0 0.5984375 0.39296875 0.14765625 0.0890625
0 0.8265625 0.37421875 0.115625 0.10859375
0 0.896875 0.55078125 0.0953125 0.13046875
0 0.55703125 0.69453125 0.1265625 0.13671875
0 0.54765625 0.5109375 0.06953125 0.1921875