0 0.4359375 0.2671875 0.05859375 0.128125
0 0.36171875 0.3015625 0.0859375 0.09375
0 0.33125 0.4734375 0.078125 0.09296875
0 0.33828125 0.5671875 0.0796875 0.13828125
0 0.1 0.58515625 0.07578125 0.1296875
0 0.82578125 0.23828125 0.0703125 0.05234375
0 0.1640625 0.5609375 0.07890625 0.15390625
0 0.82265625 0.5515625 0.084375 0.1640625
0 0.11171875 0.71171875 0.07890625 0.165625
0 0.79765625 0.44140625 0.07890625 0.09921875
0 0.9109375 0.18828125 0.05390625 0.13046875
0 0.5734375 0.3734375 0.0640625 0.07890625
0 0.0484375 0.653125 0.04765625 0.15
0 0.6171875 0.3078125 0.0859375 0.1125
0 0.46875 0.60625 0.06875 0.13984375
0 0.12109375 0.434375 0.07734375 0.1546875
0 0.50078125 0.48203125 0.06171875 0.1265625
0 0.13046875 0.196875 0.07109375 0.0765625
0 0.409375 0.59453125 0.05859375 0.1359375
0 0.928125 0.4703125 0.09921875 0.09609375
0 0.96171875 0.2015625 0.05625 0.08984375
0 0.0328125 0.35234375 0.0609375 0.10078125
0 0.84375 0.403125 0.04296875 0.07265625
0 0.5328125 0.81875 0.07109375 0.16484375