0 0.49375 0.159375 0.08125 0.15
0 0.56171875 0.21328125 0.07578125 0.2265625
0 0.68515625 0.22421875 0.1109375 0.1421875
0 0.58125 0.51953125 0.07890625 0.16171875
0 0.4859375 0.490625 0.08515625 0.2015625
0 0.325 0.4375 0.0765625 0.19296875
0 0.41875 0.421875 0.0734375 0.17578125
0 0.20546875 0.2671875 0.06640625 0.153125
0 0.9125 0.5078125 0.075 0.19921875
0 0.83046875 0.5796875 0.09296875 0.20390625
0 0.91953125 0.2578125 0.08828125 0.16484375
0 0.46015625 0.85625 0.078125 0.1953125
0 0.12578125 0.09765625 0.13359375 0.1359375
0 0.18515625 0.525 0.13359375 0.14140625
0 0.6546875 0.871875 0.0765625 0.228125
0 0.27421875 0.04609375 0.115625 0.09140625
0 0.75 0.72265625 0.0984375 0.15703125
0 0.11171875 0.59296875 0.11640625 0.1125
0 0.9234375 0.8453125 0.08046875 0.203125
0 0.825 0.8390625 0.07578125 0.19375
0 0.0921875 0.79609375 0.08125 0.13984375
0 0.29609375 0.7828125 0.1140625 0.12890625
0 0.2875 0.9046875 0.06328125 0.1375
0 0.0734375 0.94453125 0.13125 0.0890625
0 0.03125 0.70859375 0.0625 0.1078125
0 0.02890625 0.28828125 0.0578125 0.1515625
0 0.01796875 0.46328125 0.0359375 0.12421875
0 0.72734375 0.925 0.06484375 0.08828125
0 0.1953125 0.72890625 0.05390625 0.1953125
0 0.14609375 0.759375 0.0484375 0.19609375