0 0.38671875 0.48046875 0.04765625 0.15234375
0 0.4234375 0.478125 0.04375 0.13125
0 0.4765625 0.45546875 0.0625 0.1265625
0 0.55390625 0.4234375 0.05546875 0.11640625
0 0.640625 0.36484375 0.05234375 0.12890625
0 0.246875 0.57890625 0.103125 0.1703125
0 0.63203125 0.7734375 0.09296875 0.0875
0 0.74609375 0.70703125 0.09453125 0.0890625
0 0.75859375 0.52265625 0.06640625 0.11875
0 0.0859375 0.8296875 0.1078125 0.1171875
0 0.659375 0.178125 0.05 0.09296875
0 0.6953125 0.33359375 0.07734375 0.17578125
0 0.48125 0.36328125 0.046875 0.115625
0 0.925 0.2875 0.046875 0.11328125
0 0.92421875 0.92890625 0.05234375 0.1296875
0 0.965625 0.475 0.06875 0.0984375
0 0.53828125 0.26015625 0.05 0.140625
0 0.4234375 0.29921875 0.06640625 0.1671875
0 0.21015625 0.28203125 0.05390625 0.11953125
0 0.44921875 0.4390625 0.0546875 0.09375
0 0.384375 0.18515625 0.06796875 0.096875
0 0.15859375 0.2828125 0.053125 0.14375
0 0.11171875 0.29140625 0.0546875 0.1515625
0 0.225 0.2234375 0.065625 0.11484375
0 0.35859375 0.3328125 0.08515625 0.10546875
0 0.97890625 0.73828125 0.0421875 0.1171875
0 0.49296875 0.2984375 0.04921875 0.134375
0 0.39921875 0.91640625 0.0828125 0.096875
0 0.30078125 0.1296875 0.0625 0.08046875
0 0.0359375 0.1734375 0.0671875 0.13671875
0 0.434375 0.9671875 0.08125 0.065625
0 0.96171875 0.3015625 0.03984375 0.0953125
0 0.24375 0.1546875 0.07734375 0.0875
0 0.0671875 0.24375 0.0484375 0.0984375
0 0.80234375 0.23984375 0.046875 0.12890625
0 0.9125 0.23203125 0.040625 0.0921875
0 0.3578125 0.13984375 0.07109375 0.0765625
0 0.9859375 0.3140625 0.028125 0.09453125
0 0.8890625 0.15859375 0.0609375 0.11640625
0 0.7109375 0.2546875 0.05 0.115625
0 0.83984375 0.22578125 0.046875 0.16171875
0 0.12109375 0.23359375 0.0515625 0.0859375