0 0.46171875 0.8390625 0.08828125 0.14921875
0 0.7828125 0.93671875 0.09453125 0.1109375
0 0.95 0.790625 0.1 0.16171875
0 0.6453125 0.63125 0.1046875 0.121875
0 0.6234375 0.51328125 0.1 0.109375
0 0.33671875 0.66484375 0.08828125 0.13125
0 0.3234375 0.49765625 0.059375 0.15625
0 0.1671875 0.79375 0.07265625 0.15703125
0 0.09140625 0.63984375 0.1046875 0.1421875
0 0.5609375 0.61875 0.05859375 0.14921875
0 0.1703125 0.5265625 0.1046875 0.09296875
0 0.70078125 0.525 0.08046875 0.1578125
0 0.3015625 0.3734375 0.06484375 0.12109375
0 0.17890625 0.65390625 0.075 0.0953125
0 0.378125 0.93984375 0.08046875 0.115625
0 0.490625 0.209375 0.0890625 0.09765625
0 0.64765625 0.23203125 0.06484375 0.1078125
0 0.21328125 0.38828125 0.09453125 0.16015625
0 0.459375 0.64375 0.1015625 0.153125
0 0.24609375 0.86796875 0.0703125 0.1359375
0 0.2984375 0.16484375 0.07578125 0.10390625
0 0.1609375 0.9484375 0.1 0.0984375
0 0.9 0.4953125 0.0859375 0.15234375
0 0.91953125 0.4109375 0.08671875 0.10625
0 0.871875 0.5921875 0.0703125 0.21640625
0 0.46171875 0.10390625 0.07421875 0.1625
0 0.48515625 0.36953125 0.0734375 0.1234375
0 0.4328125 0.51640625 0.05703125 0.146875
0 0.1640625 0.0703125 0.07265625 0.13515625
0 0.090625 0.4359375 0.059375 0.18203125
0 0.07578125 0.896875 0.053125 0.16328125
0 0.9078125 0.2546875 0.08671875 0.10390625
0 0.478125 0.44296875 0.07265625 0.125
0 0.2875 0.05546875 0.10546875 0.1078125
0 0.81796875 0.5984375 0.0671875 0.20625
0 0.17734375 0.44375 0.08125 0.12578125
0 0.7359375 0.11328125 0.06171875 0.22421875
0 0.11953125 0.071875 0.0671875 0.12578125
0 0.4234375 0.634375 0.04140625 0.1390625
0 0.028125 0.4359375 0.053125 0.1828125
0 0.76640625 0.57109375 0.053125 0.18828125
0 0.83828125 0.10234375 0.059375 0.2046875
0 0.79609375 0.07578125 0.05234375 0.1484375
0 0.8828125 0.4515625 0.059375 0.0765625
0 0.29140625 0.80078125 0.07734375 0.13359375