0 0.02734375 0.07890625 0.0546875 0.0984375
0 0.22265625 0.046875 0.08984375 0.0671875
0 0.24765625 0.12421875 0.103125 0.11875
0 0.2765625 0.175 0.075 0.1421875
0 0.3375 0.2359375 0.09609375 0.13984375
0 0.24296875 0.3140625 0.090625 0.20546875
0 0.42890625 0.23125 0.06015625 0.14921875
0 0.51640625 0.0890625 0.0875 0.1046875
0 0.68046875 0.0984375 0.06484375 0.15546875
0 0.7375 0.1703125 0.1203125 0.17265625
0 0.634375 0.359375 0.07890625 0.14765625
0 0.51640625 0.21328125 0.09765625 0.14453125
0 0.9640625 0.196875 0.071875 0.1578125
0 0.4734375 0.1328125 0.08046875 0.11953125
0 0.0140625 0.15546875 0.0265625 0.0984375
0 0.19375 0.6203125 0.07734375 0.1828125
0 0.84296875 0.58203125 0.075 0.18828125
0 0.74453125 0.86953125 0.09453125 0.12578125
0 0.83671875 0.86484375 0.0625 0.16328125
0 0.74375 0.02578125 0.0828125 0.05
0 0.9765625 0.08515625 0.046875 0.0640625
0 0.61015625 0.246875 0.09375 0.11875
0 0.846875 0.253125 0.04765625 0.153125
0 0.94140625 0.24140625 0.06953125 0.15234375
0 0.896875 0.27109375 0.059375 0.16171875
0 0.76953125 0.340625 0.11484375 0.1828125
0 0.409375 0.60625 0.1265625 0.225
0 0.9015625 0.8890625 0.05703125 0.1625
0 0.97890625 0.94609375 0.0421875 0.10703125