0 0.140625 0.08515625 0.07578125 0.16953125
0 0.46640625 0.2640625 0.09296875 0.15078125
0 0.9625 0.84765625 0.0734375 0.153125
0 0.49609375 0.55859375 0.07421875 0.2046875
0 0.840625 0.91796875 0.1 0.1546875
0 0.5484375 0.29453125 0.09296875 0.1515625
0 0.23984375 0.61875 0.1171875 0.15390625
0 0.1390625 0.803125 0.12578125 0.15078125
0 0.415625 0.5390625 0.08515625 0.2
0 0.0296875 0.5265625 0.059375 0.21484375
0 0.64921875 0.3421875 0.1234375 0.13125
0 0.690625 0.4984375 0.0984375 0.128125
0 0.48828125 0.828125 0.08359375 0.16171875
0 0.35390625 0.66328125 0.10390625 0.14453125
0 0.0515625 0.6953125 0.0828125 0.18984375