0 0.55703125 0.440625 0.0625 0.15234375
0 0.6234375 0.48671875 0.07265625 0.15625
0 0.43671875 0.5 0.071875 0.14609375
0 0.56875 0.590625 0.0859375 0.146875
0 0.71796875 0.8078125 0.07421875 0.228125
0 0.565625 0.75390625 0.0796875 0.1328125
0 0.36015625 0.5234375 0.065625 0.14375
0 0.50859375 0.2390625 0.06953125 0.13984375
0 0.71953125 0.446875 0.065625 0.14765625
0 0.25859375 0.49375 0.07109375 0.11171875
0 0.16875 0.51875 0.05859375 0.146875
0 0.9046875 0.72421875 0.065625 0.17265625
0 0.84921875 0.6921875 0.08828125 0.16875
0 0.5546875 0.909375 0.0640625 0.16328125
0 0.34921875 0.40546875 0.071875 0.12734375
0 0.759375 0.54609375 0.071875 0.16796875
0 0.9171875 0.346875 0.0671875 0.12265625
0 0.653125 0.890625 0.0578125 0.14375
0 0.2328125 0.74921875 0.08984375 0.1234375
0 0.0453125 0.73125 0.06796875 0.1078125
0 0.6515625 0.340625 0.07578125 0.11328125
0 0.31640625 0.3546875 0.06796875 0.13671875
0 0.2015625 0.2859375 0.06171875 0.109375
0 0.86171875 0.93125 0.0890625 0.13125
0 0.41171875 0.29375 0.059375 0.1734375
0 0.9546875 0.84296875 0.06640625 0.1796875
0 0.37890625 0.76484375 0.05 0.14921875
0 0.17265625 0.4265625 0.0546875 0.09765625
0 0.6375 0.209375 0.0515625 0.15625
0 0.7359375 0.3265625 0.08828125 0.128125
0 0.09296875 0.54609375 0.06015625 0.15234375
0 0.03359375 0.4890625 0.06328125 0.14921875
0 0.58671875 0.27109375 0.08203125 0.10546875
0 0.8546875 0.4375 0.0671875 0.1796875
0 0.31171875 0.71484375 0.0640625 0.10859375
0 0.46953125 0.7421875 0.0796875 0.1265625
0 0.88515625 0.52421875 0.07265625 0.1453125
0 0.95234375 0.64375 0.0625 0.1921875
0 0.72890625 0.10703125 0.0625 0.13984375
0 0.565625 0.1859375 0.06328125 0.1203125
0 0.15 0.915625 0.05859375 0.14609375
0 0.9734375 0.39921875 0.053125 0.16171875
0 0.525 0.12890625 0.0890625 0.11015625
0 0.82265625 0.6125 0.0640625 0.1671875
0 0.390625 0.953125 0.10859375 0.090625
0 0.96796875 0.534375 0.0625 0.134375
0 0.253125 0.371875 0.05625 0.1
0 0.21484375 0.9171875 0.07734375 0.128125
0 0.896875 0.13671875 0.0796875 0.1015625
0 0.35 0.19375 0.04296875 0.128125
0 0.8875 0.22109375 0.08671875 0.0953125
0 0.7796875 0.19140625 0.05390625 0.1234375
0 0.8609375 0.05859375 0.084375 0.06484375