0 0.4578125 0.3390625 0.0625 0.17578125
0 0.40625 0.31796875 0.07421875 0.140625
0 0.69296875 0.384375 0.09609375 0.14140625
0 0.790625 0.39765625 0.08515625 0.1734375
0 0.184375 0.75703125 0.0765625 0.16953125
0 0.89453125 0.4453125 0.0984375 0.17109375
0 0.459375 0.159375 0.06015625 0.121875
0 0.11171875 0.553125 0.0484375 0.1578125
0 0.16328125 0.53984375 0.06015625 0.17265625
0 0.1390625 0.7671875 0.05078125 0.165625
0 0.05546875 0.43046875 0.05546875 0.1375
0 0.078125 0.8546875 0.071875 0.13359375
0 0.628125 0.628125 0.06796875 0.16015625
0 0.74296875 0.25703125 0.0703125 0.15703125
0 0.52109375 0.17421875 0.0796875 0.1234375
0 0.53203125 0.79765625 0.096875 0.140625
0 0.03671875 0.696875 0.071875 0.134375
0 0.328125 0.2078125 0.06640625 0.121875
0 0.16328125 0.09453125 0.059375 0.10390625
0 0.12265625 0.665625 0.0859375 0.1078125
0 0.03203125 0.23515625 0.05078125 0.12734375
0 0.08359375 0.22265625 0.065625 0.10859375
0 0.07578125 0.3109375 0.0734375 0.11015625
0 0.81796875 0.96328125 0.08828125 0.07265625
0 0.1484375 0.20546875 0.08125 0.1546875