0 0.24453125 0.40546875 0.11796875 0.12421875
0 0.13125 0.2 0.08203125 0.146875
0 0.215625 0.16640625 0.084375 0.1125
0 0.84453125 0.2375 0.06875 0.11953125
0 0.43671875 0.18125 0.084375 0.11875
0 0.4 0.2625 0.06796875 0.1578125
0 0.68359375 0.221875 0.07734375 0.1328125
0 0.2421875 0.22890625 0.065625 0.14765625
0 0.8109375 0.290625 0.06171875 0.13671875
0 0.85859375 0.15859375 0.0640625 0.09609375
0 0.7421875 0.29453125 0.05859375 0.1484375
0 0.31640625 0.27734375 0.0640625 0.1703125
0 0.1953125 0.0859375 0.09453125 0.08828125
0 0.60234375 0.36875 0.121875 0.11640625
0 0.31875 0.75390625 0.08125 0.21875
0 0.36875 0.83515625 0.09453125 0.13203125
0 0.74921875 0.71015625 0.1109375 0.140625
0 0.16953125 0.9203125 0.0828125 0.140625
0 0.4421875 0.065625 0.06015625 0.11640625
0 0.71796875 0.42890625 0.0828125 0.09609375
0 0.171875 0.0234375 0.11484375 0.04609375
0 0.35234375 0.28203125 0.05 0.1703125
0 0.6578125 0.4171875 0.07734375 0.1
0 0.396875 0.9546875 0.1125 0.090625
0 0.09375 0.93671875 0.10078125 0.1140625