0 0.4984375 0.490625 0.07421875 0.10546875
0 0.3421875 0.6515625 0.078125 0.115625
0 0.66953125 0.28671875 0.04765625 0.08046875
0 0.68671875 0.1984375 0.03515625 0.06796875
0 0.803125 0.19921875 0.04296875 0.0890625
0 0.75703125 0.228125 0.034375 0.078125
0 0.71015625 0.33203125 0.03984375 0.12421875
0 0.77734375 0.33203125 0.04296875 0.13203125
0 0.74375 0.3078125 0.04140625 0.1203125
0 0.88984375 0.15546875 0.05859375 0.0546875
0 0.90234375 0.221875 0.05625 0.0671875
0 0.903125 0.32109375 0.04765625 0.10703125
0 0.98046875 0.39375 0.03828125 0.13203125
0 0.09375 0.2015625 0.06875 0.07734375
0 0.10390625 0.31171875 0.059375 0.14296875
0 0.03046875 0.15078125 0.06015625 0.10234375
0 0.15703125 0.28828125 0.046875 0.14453125
0 0.19453125 0.35703125 0.040625 0.15078125
0 0.21796875 0.23515625 0.05546875 0.0828125
0 0.36015625 0.1984375 0.07109375 0.096875
0 0.40546875 0.2703125 0.0484375 0.14140625
0 0.8875 0.128125 0.0546875 0.05546875
0 0.2265625 0.18125 0.05859375 0.1078125
0 0.5484375 0.20078125 0.0484375 0.153125
0 0.5453125 0.6609375 0.08203125 0.15234375
0 0.55390625 0.3421875 0.06328125 0.15078125
0 0.47421875 0.309375 0.06015625 0.11875
0 0.5984375 0.2328125 0.05234375 0.16875
0 0.62421875 0.2109375 0.046875 0.14765625
0 0.23984375 0.85 0.0875 0.12109375
0 0.94609375 0.2609375 0.04609375 0.0734375
0 0.6984375 0.25625 0.04296875 0.078125
0 0.97890625 0.3046875 0.0421875 0.109375
0 0.45 0.2953125 0.0390625 0.128125
0 0.846875 0.03984375 0.03671875 0.06796875
0 0.5328125 0.29765625 0.05625 0.12265625
0 0.93828125 0.03359375 0.04453125 0.0671875
0 0.8859375 0.03984375 0.0390625 0.078125
0 0.97734375 0.0359375 0.03828125 0.07109375
0 0.9046875 0.79296875 0.053125 0.14453125
0 0.896875 0.9265625 0.0515625 0.12890625