0 0.48828125 0.45859375 0.071875 0.11796875
0 0.2921875 0.60859375 0.09921875 0.18359375
0 0.21171875 0.77578125 0.078125 0.16171875
0 0.096875 0.81875 0.075 0.1828125
0 0.27421875 0.91875 0.078125 0.14296875
0 0.96640625 0.2265625 0.0671875 0.134375
0 0.33515625 0.74765625 0.0859375 0.1234375
0 0.96171875 0.3703125 0.04375 0.08671875
0 0.14140625 0.11875 0.0890625 0.1671875
0 0.2734375 0.21015625 0.06875 0.15234375
0 0.33046875 0.04921875 0.06953125 0.09609375
0 0.7875 0.81875 0.05 0.175
0 0.23515625 0.12421875 0.05859375 0.1859375
0 0.60546875 0.78828125 0.07421875 0.1046875
0 0.665625 0.66484375 0.05546875 0.159375
0 0.18671875 0.07265625 0.06484375 0.1421875
0 0.81171875 0.9078125 0.04921875 0.153125
0 0.89765625 0.93359375 0.0484375 0.12890625
0 0.675 0.36640625 0.05859375 0.1265625
0 0.44765625 0.81484375 0.078125 0.11171875
0 0.128125 0.30625 0.0734375 0.17109375
0 0.75625 0.66953125 0.05234375 0.15
0 0.85 0.9109375 0.0546875 0.125
0 0.70390625 0.6359375 0.059375 0.1796875
0 0.5359375 0.8453125 0.05703125 0.15
0 0.7671875 0.5140625 0.06875 0.0984375
0 0.96796875 0.81796875 0.04609375 0.1609375
0 0.1734375 0.359375 0.0921875 0.11796875
0 0.703125 0.93359375 0.053125 0.1328125
0 0.95 0.92265625 0.04609375 0.14765625
0 0.69921875 0.4765625 0.05 0.125
0 0.73671875 0.56171875 0.06015625 0.09453125
0 0.728125 0.3953125 0.053125 0.14140625