0 0.73359375 0.30859375 0.09453125 0.125
0 0.9109375 0.44453125 0.09765625 0.14296875
0 0.1421875 0.6453125 0.1015625 0.16171875
0 0.8453125 0.575 0.10546875 0.15078125
0 0.1734375 0.8 0.12265625 0.14765625
0 0.525 0.45546875 0.07890625 0.1890625
0 0.3109375 0.6890625 0.08984375 0.21015625
0 0.2671875 0.05625 0.12734375 0.1125
0 0.41328125 0.15234375 0.09296875 0.1625
0 0.2078125 0.16015625 0.1109375 0.17265625
0 0.3359375 0.18828125 0.10859375 0.1640625
0 0.06796875 0.08828125 0.12734375 0.1328125