0 0.375 0.315625 0.08984375 0.12421875
0 0.57109375 0.4359375 0.0828125 0.11484375
0 0.87421875 0.590625 0.05546875 0.09140625
0 0.87109375 0.4578125 0.04453125 0.08046875
0 0.2046875 0.2046875 0.0515625 0.12734375
0 0.159375 0.05703125 0.07265625 0.10625
0 0.240625 0.80859375 0.0953125 0.15390625
0 0.55390625 0.2453125 0.053125 0.0921875
0 0.528125 0.93046875 0.071875 0.1390625
0 0.60546875 0.15859375 0.06796875 0.10390625
0 0.04296875 0.8890625 0.071875 0.10859375
0 0.70234375 0.13828125 0.046875 0.0796875
0 0.75703125 0.28125 0.04453125 0.08828125
0 0.55546875 0.071875 0.06015625 0.0953125
0 0.7 0.92890625 0.05625 0.1421875
0 0.590625 0.646875 0.07890625 0.0734375
0 0.60078125 0.790625 0.04921875 0.109375
0 0.14609375 0.37890625 0.053125 0.09375
0 0.5484375 0.82265625 0.075 0.12734375
0 0.08984375 0.371875 0.06171875 0.09609375
0 0.95625 0.934375 0.0546875 0.11171875
0 0.93125 0.871875 0.06328125 0.0921875
0 0.4296875 0.49140625 0.0609375 0.11484375
0 0.796875 0.6484375 0.0421875 0.06796875
0 0.275 0.70390625 0.0640625 0.15625
0 0.19453125 0.4046875 0.05078125 0.0859375
0 0.4671875 0.4828125 0.04609375 0.10703125
0 0.140625 0.6828125 0.05625 0.1296875
0 0.9171875 0.7046875 0.04765625 0.0765625
0 0.73125 0.5953125 0.04296875 0.10546875
0 0.865625 0.796875 0.0421875 0.11640625
0 0.109375 0.61796875 0.0734375 0.08984375
0 0.2390625 0.70625 0.05546875 0.1125
0 0.4421875 0.71171875 0.03828125 0.1265625
0 0.4890625 0.74453125 0.04609375 0.0921875
0 0.575 0.71171875 0.05 0.10234375
0 0.75390625 0.89453125 0.0328125 0.09296875
0 0.78984375 0.9265625 0.0328125 0.10625
0 0.81328125 0.934375 0.0328125 0.109375
0 0.73046875 0.8375 0.05078125 0.0625
0 0.95390625 0.7171875 0.03125 0.07265625
0 0.76796875 0.6171875 0.0359375 0.0875