0 0.7578125 0.74765625 0.075 0.10546875
0 0.87578125 0.74296875 0.0671875 0.1015625
0 0.90625 0.5078125 0.06953125 0.11015625
0 0.95703125 0.6140625 0.0859375 0.10859375
0 0.5234375 0.6546875 0.08203125 0.1125
0 0.51015625 0.71875 0.07265625 0.12109375
0 0.5640625 0.7203125 0.05 0.171875
0 0.6109375 0.89453125 0.06328125 0.17109375
0 0.65546875 0.784375 0.0453125 0.15234375
0 0.69921875 0.81015625 0.06328125 0.1234375
0 0.7328125 0.91171875 0.0625 0.1609375
0 0.1359375 0.91640625 0.046875 0.10703125
0 0.11484375 0.80859375 0.0796875 0.0890625
0 0.24296875 0.75 0.05234375 0.0921875
0 0.0921875 0.90546875 0.0609375 0.11875
0 0.203125 0.728125 0.07265625 0.0921875
0 0.73515625 0.58515625 0.078125 0.1
0 0.05234375 0.940625 0.0515625 0.09453125
0 0.54921875 0.8765625 0.09140625 0.1546875
0 0.34296875 0.7890625 0.0421875 0.11484375
0 0.11015625 0.59375 0.04921875 0.09296875
0 0.40078125 0.49296875 0.06328125 0.08359375
0 0.04375 0.565625 0.04375 0.10703125
0 0.078125 0.52421875 0.0453125 0.109375
0 0.29296875 0.440625 0.05 0.125
0 0.759375 0.33828125 0.0640625 0.10625
0 0.69609375 0.36171875 0.07109375 0.11015625
0 0.215625 0.38125 0.05078125 0.12109375
0 0.33125 0.4671875 0.059375 0.1375
0 0.31640625 0.965625 0.08984375 0.06796875
0 0.75078125 0.47890625 0.09140625 0.1
0 0.3140625 0.76796875 0.040625 0.0984375
0 0.21640625 0.528125 0.04296875 0.1171875
0 0.253125 0.5203125 0.0484375 0.1328125
0 0.51328125 0.49453125 0.11953125 0.1421875
0 0.16484375 0.5734375 0.0546875 0.10234375
0 0.28984375 0.771875 0.034375 0.08203125
0 0.1671875 0.4390625 0.07890625 0.18203125
0 0.378125 0.6546875 0.04921875 0.12578125
0 0.65078125 0.640625 0.07578125 0.084375
0 0.1421875 0.56328125 0.04140625 0.08125
0 0.97421875 0.5453125 0.05078125 0.0859375
0 0.28203125 0.1265625 0.06328125 0.103125
0 0.9609375 0.33125 0.05859375 0.0484375
0 0.65 0.7390625 0.0359375 0.0546875
0 0.33046875 0.14921875 0.0515625 0.128125
0 0.48984375 0.3625 0.08359375 0.15078125
0 0.6 0.59453125 0.04375 0.1234375