0 0.5671875 0.40234375 0.103125 0.12109375
0 0.6296875 0.73984375 0.0921875 0.24609375
0 0.87109375 0.15546875 0.078125 0.0875
0 0.75234375 0.06875 0.096875 0.084375
0 0.7546875 0.15625 0.0828125 0.11484375
0 0.78359375 0.21953125 0.07578125 0.175
0 0.8484375 0.25390625 0.0765625 0.1484375
0 0.05859375 0.66484375 0.08046875 0.2296875
0 0.9515625 0.2109375 0.06640625 0.15859375
0 0.29921875 0.059375 0.0765625 0.08984375
0 0.115625 0.078125 0.07265625 0.109375
0 0.44765625 0.209375 0.06796875 0.1421875
0 0.125 0.17734375 0.07421875 0.10546875
0 0.02109375 0.21796875 0.04140625 0.13203125
0 0.61484375 0.09921875 0.0765625 0.146875
0 0.06328125 0.18125 0.0546875 0.13203125
0 0.97109375 0.146875 0.0578125 0.10625
0 0.35390625 0.2078125 0.0640625 0.16640625
0 0.3203125 0.140625 0.06171875 0.11640625
0 0.49375 0.190625 0.09140625 0.16796875
0 0.48515625 0.08125 0.0640625 0.08359375
0 0.4078125 0.290625 0.10625 0.1
0 0.96796875 0.059375 0.0640625 0.065625
0 0.97109375 0.68203125 0.0578125 0.1640625