0 0.2921875 0.43359375 0.07578125 0.1453125
0 0.34765625 0.46796875 0.06484375 0.1640625
0 0.39765625 0.48984375 0.06328125 0.1828125
0 0.4484375 0.48046875 0.06875 0.1515625
0 0.55625 0.46796875 0.09765625 0.1265625
0 0.653125 0.56640625 0.10625 0.11484375
0 0.8515625 0.89921875 0.10390625 0.1546875
0 0.878125 0.50859375 0.07265625 0.159375
0 0.03984375 0.4171875 0.0671875 0.1
0 0.046875 0.61875 0.09140625 0.125
0 0.9171875 0.5265625 0.0671875 0.18671875
0 0.8296875 0.465625 0.0890625 0.15078125
0 0.7859375 0.39453125 0.078125 0.11328125
0 0.48515625 0.1296875 0.0703125 0.11015625
0 0.2859375 0.31640625 0.07578125 0.10546875
0 0.546875 0.33203125 0.1 0.103125
0 0.66328125 0.28359375 0.084375 0.11640625
0 0.340625 0.13984375 0.08515625 0.08359375
0 0.9734375 0.4703125 0.053125 0.1390625
0 0.85078125 0.12265625 0.0640625 0.13046875
0 0.71796875 0.94765625 0.11171875 0.10390625
0 0.9515625 0.1484375 0.05078125 0.09453125
0 0.78828125 0.296875 0.115625 0.10234375
0 0.034375 0.9515625 0.06875 0.096875
0 0.97734375 0.3640625 0.04296875 0.096875
0 0.41015625 0.109375 0.065625 0.1453125
0 0.80859375 0.053125 0.078125 0.10546875
0 0.90859375 0.1328125 0.05625 0.12734375
0 0.784375 0.1640625 0.07421875 0.0484375
0 0.51875 0.25390625 0.1171875 0.07109375
0 0.10625 0.4 0.10703125 0.18671875
0 0.1265625 0.35390625 0.1 0.10390625
0 0.35078125 0.36328125 0.06484375 0.1359375
0 0.3015625 0.22265625 0.10390625 0.1140625
0 0.453125 0.3890625 0.0875 0.08671875