0 0.45625 0.2640625 0.11640625 0.134375
0 0.45703125 0.34609375 0.08671875 0.08984375
0 0.39609375 0.4 0.07578125 0.09453125
0 0.540625 0.43125 0.10703125 0.12109375
0 0.103125 0.3359375 0.08125 0.09765625
0 0.11953125 0.5265625 0.078125 0.11328125
0 0.22421875 0.09140625 0.07578125 0.1359375
0 0.184375 0.540625 0.0859375 0.1015625
0 0.26796875 0.39140625 0.06875 0.10546875
0 0.1984375 0.37421875 0.071875 0.13359375
0 0.3578125 0.06171875 0.0625 0.1234375
0 0.22890625 0.20703125 0.08515625 0.09921875
0 0.1671875 0.19921875 0.05859375 0.09921875
0 0.3171875 0.31640625 0.05625 0.14609375
0 0.14453125 0.1015625 0.0890625 0.096875
0 0.13984375 0.05390625 0.05859375 0.10546875
0 0.76875 0.5375 0.06796875 0.1734375
0 0.60078125 0.040625 0.07734375 0.08046875
0 0.3203125 0.0515625 0.05703125 0.1015625
0 0.1109375 0.20859375 0.08046875 0.1
0 0.1375 0.4140625 0.06953125 0.09296875
0 0.94609375 0.7984375 0.096875 0.11328125
0 0.78984375 0.8015625 0.0921875 0.13671875
0 0.7515625 0.58515625 0.03359375 0.08359375
0 0.8 0.31171875 0.06484375 0.203125
0 0.42109375 0.31015625 0.03984375 0.0796875
0 0.096875 0.78125 0.04765625 0.1296875
0 0.04375 0.0421875 0.06875 0.084375
0 0.20703125 0.75625 0.06640625 0.140625
0 0.5109375 0.7796875 0.084375 0.084375
0 0.60625 0.940625 0.0953125 0.11875
0 0.29765625 0.8140625 0.0515625 0.10546875
0 0.159375 0.89765625 0.0578125 0.09296875
0 0.4046875 0.7359375 0.08203125 0.16796875
0 0.8625 0.8765625 0.05 0.1
0 0.88359375 0.1875 0.1078125 0.1109375
0 0.4921875 0.665625 0.05859375 0.103125
0 0.85 0.925 0.07734375 0.1265625
0 0.0296875 0.940625 0.05390625 0.10703125
0 0.26171875 0.8984375 0.0578125 0.1265625
0 0.371875 0.89140625 0.08671875 0.125
0 0.30546875 0.25703125 0.0296875 0.06171875
0 0.07734375 0.9046875 0.04921875 0.12421875
0 0.31015625 0.7328125 0.0546875 0.10234375
0 0.68046875 0.67265625 0.08359375 0.10859375
0 0.7 0.7640625 0.08828125 0.09453125
0 0.8640625 0.63984375 0.071875 0.1296875