0 0.53671875 0.09921875 0.07421875 0.19609375
0 0.65703125 0.10234375 0.0796875 0.165625
0 0.9015625 0.6265625 0.096875 0.11015625
0 0.66328125 0.5703125 0.065625 0.15234375
0 0.5875 0.596875 0.07734375 0.071875
0 0.54921875 0.49296875 0.071875 0.15859375
0 0.47734375 0.5609375 0.0875 0.0859375
0 0.18828125 0.59140625 0.0953125 0.10703125
0 0.12890625 0.5546875 0.0421875 0.140625
0 0.70234375 0.871875 0.0953125 0.1359375
0 0.09765625 0.63671875 0.05703125 0.15703125
0 0.61640625 0.72734375 0.06953125 0.13125
0 0.81875 0.7484375 0.109375 0.1265625
0 0.13359375 0.8453125 0.07109375 0.1015625
0 0.1375 0.74375 0.06875 0.165625
0 0.45390625 0.8703125 0.08046875 0.1515625
0 0.76328125 0.05625 0.08515625 0.1109375
0 0.49609375 0.690625 0.06484375 0.12109375
0 0.91875 0.81015625 0.06875 0.13046875
0 0.0921875 0.896875 0.07421875 0.16640625
0 0.25625 0.940625 0.06953125 0.1125
0 0.0265625 0.0875 0.05234375 0.12421875
0 0.14765625 0.03125 0.06796875 0.06171875
0 0.9625 0.928125 0.07265625 0.140625
0 0.0515625 0.89140625 0.08671875 0.19609375
0 0.44140625 0.96875 0.075 0.0625