0 0.10234375 0.4453125 0.0578125 0.14453125
0 0.06015625 0.48046875 0.03984375 0.14609375
0 0.32109375 0.896875 0.1046875 0.1125
0 0.7203125 0.815625 0.12109375 0.10703125
0 0.6890625 0.3390625 0.09765625 0.10546875
0 0.5125 0.45859375 0.078125 0.13828125
0 0.4265625 0.39375 0.10390625 0.10078125
0 0.2703125 0.403125 0.06484375 0.09375
0 0.471875 0.22265625 0.08046875 0.1140625
0 0.546875 0.175 0.059375 0.13828125
0 0.46328125 0.10390625 0.05078125 0.1640625
0 0.546875 0.0890625 0.05703125 0.125
0 0.7125 0.14921875 0.0640625 0.115625
0 0.13828125 0.1125 0.07421875 0.12421875
0 0.40546875 0.08359375 0.06484375 0.09921875
0 0.73203125 0.07578125 0.06484375 0.1
0 0.2453125 0.07734375 0.065625 0.090625
0 0.253125 0.18359375 0.05234375 0.13671875
0 0.65078125 0.2203125 0.046875 0.12578125
0 0.9 0.1359375 0.07109375 0.10859375
0 0.92734375 0.2234375 0.0640625 0.13671875
0 0.14921875 0.2265625 0.06484375 0.13046875
0 0.0984375 0.1859375 0.04765625 0.159375
0 0.94921875 0.4359375 0.1015625 0.134375
0 0.74140625 0.2265625 0.06171875 0.15703125
0 0.9015625 0.05859375 0.0640625 0.07109375
0 0.31484375 0.28046875 0.07109375 0.13203125
0 0.3890625 0.1578125 0.0515625 0.09765625
0 0.97578125 0.23515625 0.0484375 0.1515625
0 0.321875 0.21328125 0.06015625 0.1171875
0 0.0171875 0.16484375 0.03359375 0.2109375
0 0.059375 0.1953125 0.0375 0.13515625
0 0.6140625 0.14296875 0.05234375 0.1015625