0 0.3328125 0.4859375 0.06875 0.10546875
0 0.5296875 0.1421875 0.06015625 0.1203125
0 0.61484375 0.27265625 0.05390625 0.1078125
0 0.7859375 0.0984375 0.04765625 0.10078125
0 0.81953125 0.0390625 0.05234375 0.078125
0 0.95546875 0.09921875 0.05 0.1140625
0 0.86796875 0.1296875 0.06953125 0.14609375
0 0.69140625 0.1609375 0.053125 0.1484375
0 0.31171875 0.36015625 0.0515625 0.115625
0 0.2125 0.2765625 0.046875 0.11171875
0 0.92578125 0.19921875 0.05546875 0.18203125
0 0.50625 0.4890625 0.0578125 0.15078125
0 0.2515625 0.07734375 0.0578125 0.121875
0 0.4171875 0.178125 0.07109375 0.17265625
0 0.07421875 0.2140625 0.04765625 0.12265625
0 0.71484375 0.2453125 0.0734375 0.175
0 0.0375 0.23203125 0.0484375 0.1078125
0 0.975 0.55 0.04921875 0.12265625
0 0.96875 0.22734375 0.0546875 0.1515625
0 0.1171875 0.06171875 0.05625 0.10859375
0 0.40859375 0.07734375 0.0515625 0.08828125
0 0.28984375 0.1046875 0.0296875 0.0921875
0 0.5765625 0.6109375 0.07734375 0.1421875
0 0.97890625 0.378125 0.0421875 0.1671875
0 0.0328125 0.128125 0.0296875 0.08671875
0 0.3203125 0.2203125 0.075 0.12109375
0 0.37421875 0.18671875 0.05390625 0.1140625
0 0.646875 0.14140625 0.0609375 0.09453125
0 0.55703125 0.04375 0.05390625 0.075
0 0.49453125 0.05390625 0.05390625 0.06953125
0 0.1390625 0.18125 0.06875 0.1171875
0 0.2203125 0.04140625 0.0375 0.0828125