0 0.46171875 0.140625 0.084375 0.2296875
0 0.36875 0.09765625 0.11484375 0.13515625
0 0.9484375 0.1984375 0.1015625 0.14765625
0 0.04921875 0.10078125 0.09296875 0.1953125
0 0.8609375 0.12421875 0.1015625 0.13828125
0 0.8109375 0.21875 0.08203125 0.18203125
0 0.75625 0.08515625 0.08984375 0.1625
0 0.9578125 0.65234375 0.07890625 0.23125
0 0.2953125 0.865625 0.0921875 0.2125
0 0.14375 0.5703125 0.09453125 0.15
0 0.115625 0.17890625 0.09921875 0.2078125
0 0.46328125 0.71015625 0.0734375 0.2625
0 0.80625 0.5359375 0.12890625 0.14453125
0 0.86640625 0.6671875 0.0875 0.1734375
0 0.63359375 0.79140625 0.078125 0.21875
0 0.3359375 0.6078125 0.1125 0.1515625
0 0.62265625 0.5125 0.11953125 0.15078125
0 0.1734375 0.7015625 0.13671875 0.171875
0 0.39921875 0.6734375 0.1078125 0.19453125
0 0.065625 0.4578125 0.09765625 0.19765625
0 0.54921875 0.92421875 0.0984375 0.1515625
0 0.31171875 0.45 0.13046875 0.140625
0 0.603125 0.6296875 0.11640625 0.13984375
0 0.30859375 0.3046875 0.078125 0.15
0 0.02421875 0.5890625 0.04765625 0.1421875
0 0.47734375 0.8703125 0.11953125 0.159375
0 0.5296875 0.6671875 0.07890625 0.24453125
0 0.615625 0.2984375 0.121875 0.153125
0 0.6421875 0.19140625 0.121875 0.103125
0 0.38828125 0.31015625 0.071875 0.13515625