0 0.24453125 0.1046875 0.10703125 0.13359375
0 0.4078125 0.2421875 0.12421875 0.125
0 0.6546875 0.11875 0.109375 0.13046875
0 0.13203125 0.40234375 0.0953125 0.22421875
0 0.3578125 0.05625 0.11875 0.1125
0 0.9375 0.45859375 0.125 0.1234375
0 0.89921875 0.671875 0.1234375 0.1296875
0 0.615625 0.9328125 0.09140625 0.1328125
0 0.7078125 0.04609375 0.11171875 0.09140625
0 0.75859375 0.115625 0.090625 0.17890625
0 0.80234375 0.18671875 0.07265625 0.20234375
0 0.871875 0.134375 0.09609375 0.1625
0 0.8203125 0.02890625 0.13203125 0.05703125
0 0.44296875 0.89921875 0.05234375 0.18125
0 0.3265625 0.840625 0.1015625 0.128125
0 0.0546875 0.940625 0.0796875 0.11796875
0 0.153125 0.89296875 0.07734375 0.16953125
0 0.2 0.96796875 0.0859375 0.0640625
0 0.2390625 0.92109375 0.096875 0.1578125
0 0.39765625 0.815625 0.08671875 0.0640625
0 0.51328125 0.94375 0.07578125 0.11171875
0 0.875 0.91484375 0.09296875 0.15703125
0 0.9171875 0.8546875 0.06015625 0.165625
0 0.97265625 0.88125 0.0546875 0.1796875