0 0.51640625 0.10390625 0.0796875 0.16171875
0 0.846875 0.11328125 0.10625 0.13203125
0 0.8625 0.49140625 0.0859375 0.11328125
0 0.11171875 0.07578125 0.1046875 0.1375
0 0.73359375 0.49296875 0.0828125 0.134375
0 0.08125 0.53203125 0.0984375 0.2015625
0 0.2875 0.5015625 0.12890625 0.1859375
0 0.09296875 0.37578125 0.08515625 0.16015625
0 0.6625 0.88515625 0.06875 0.20859375
0 0.61796875 0.81640625 0.0671875 0.15859375
0 0.91328125 0.2765625 0.09609375 0.13125
0 0.88515625 0.6078125 0.11796875 0.1375
0 0.546875 0.809375 0.07890625 0.21796875
0 0.96328125 0.07421875 0.0734375 0.1453125
0 0.4375 0.53671875 0.11484375 0.14765625
0 0.44609375 0.8 0.0875 0.2203125
0 0.5453125 0.4 0.08671875 0.19375
0 0.9515625 0.80390625 0.09453125 0.1375
0 0.79296875 0.5859375 0.08984375 0.096875