0 0.8546875 0.596875 0.1 0.1828125
0 0.48359375 0.3625 0.09296875 0.13984375
0 0.1546875 0.7015625 0.08515625 0.16328125
0 0.103125 0.36171875 0.0578125 0.109375
0 0.15625 0.49296875 0.09375 0.109375
0 0.303125 0.91328125 0.071875 0.1734375
0 0.0234375 0.83125 0.04609375 0.16953125
0 0.3828125 0.85859375 0.075 0.11484375
0 0.484375 0.84375 0.075 0.12734375
0 0.83671875 0.79765625 0.0640625 0.153125
0 0.59453125 0.89921875 0.0609375 0.165625
0 0.1203125 0.92109375 0.07265625 0.1578125
0 0.90390625 0.759375 0.06328125 0.14140625