0 0.4171875 0.2953125 0.09453125 0.27265625
0 0.05859375 0.134375 0.0703125 0.22109375
0 0.60078125 0.45859375 0.14140625 0.1078125
0 0.59453125 0.5921875 0.0953125 0.19140625
0 0.3859375 0.084375 0.0875 0.16796875
0 0.8359375 0.1078125 0.109375 0.14375
0 0.4390625 0.79375 0.10859375 0.11875
0 0.571875 0.809375 0.1375 0.1125
0 0.7 0.78828125 0.125 0.10625
0 0.2140625 0.946875 0.09140625 0.10390625
0 0.0921875 0.8609375 0.07109375 0.1171875
0 0.94453125 0.0390625 0.0859375 0.078125
0 0.39453125 0.93828125 0.0859375 0.1234375