0 0.3125 0.06953125 0.06484375 0.1390625
0 0.4125 0.12109375 0.1046875 0.2046875
0 0.4140625 0.2390625 0.0765625 0.159375
0 0.3421875 0.23671875 0.103125 0.13203125
0 0.5703125 0.284375 0.09921875 0.18984375
0 0.78828125 0.278125 0.1203125 0.1265625
0 0.60078125 0.54296875 0.10625 0.13515625
0 0.1078125 0.07109375 0.0671875 0.1390625
0 0.25859375 0.328125 0.09921875 0.15390625
0 0.8875 0.4125 0.09609375 0.1578125
0 0.19296875 0.09765625 0.10546875 0.1765625
0 0.70859375 0.3109375 0.0859375 0.1859375
0 0.4171875 0.4125 0.103125 0.16328125
0 0.18046875 0.53984375 0.06796875 0.1453125
0 0.3015625 0.5125 0.09921875 0.1984375
0 0.10625 0.590625 0.090625 0.17890625
0 0.7875 0.44296875 0.1 0.1296875
0 0.903125 0.28359375 0.12109375 0.1421875
0 0.8640625 0.63046875 0.07265625 0.178125
0 0.6578125 0.14765625 0.0875 0.15859375
0 0.50859375 0.89140625 0.109375 0.1625
0 0.72890625 0.4921875 0.090625 0.18203125
0 0.6046875 0.08359375 0.096875 0.16484375
0 0.91875 0.6703125 0.07890625 0.1625
0 0.6515625 0.63203125 0.0859375 0.17109375
0 0.68125 0.4640625 0.09140625 0.2046875
0 0.38046875 0.55625 0.07109375 0.17890625
0 0.2453125 0.65078125 0.08515625 0.10859375
0 0.5921875 0.759375 0.06015625 0.18828125
0 0.715625 0.7546875 0.10390625 0.16875
0 0.4625 0.62109375 0.0859375 0.18203125
0 0.20078125 0.3890625 0.0765625 0.1578125
0 0.4171875 0.85859375 0.08984375 0.19765625
0 0.1125 0.7953125 0.09296875 0.14609375
0 0.9578125 0.13515625 0.08359375 0.2125
0 0.79375 0.60078125 0.11875 0.14140625
0 0.70546875 0.86796875 0.078125 0.22265625
0 0.33515625 0.85546875 0.08125 0.22890625
0 0.2609375 0.759375 0.090625 0.19140625
0 0.64765625 0.7875 0.071875 0.1921875
0 0.5234375 0.6625 0.1 0.28671875
0 0.975 0.71171875 0.05 0.2328125
0 0.02734375 0.31015625 0.053125 0.12578125
0 0.80390625 0.85546875 0.07265625 0.2328125
0 0.63046875 0.90625 0.1015625 0.18671875
0 0.03046875 0.69609375 0.0609375 0.1171875
0 0.0359375 0.0578125 0.071875 0.109375
0 0.85546875 0.91484375 0.0984375 0.159375
0 0.08359375 0.271875 0.07421875 0.13046875
0 0.1359375 0.2390625 0.071875 0.19140625