0 0.621875 0.92421875 0.08203125 0.10625
0 0.68203125 0.84375 0.040625 0.1515625
0 0.76015625 0.80390625 0.08046875 0.0796875
0 0.83046875 0.71640625 0.0671875 0.090625
0 0.93671875 0.68828125 0.08359375 0.1
0 0.425 0.6234375 0.0484375 0.0875
0 0.5 0.59140625 0.03359375 0.11640625
0 0.45859375 0.5671875 0.053125 0.08046875
0 0.534375 0.5875 0.0328125 0.0953125
0 0.54296875 0.53515625 0.0234375 0.053125
0 0.5828125 0.59609375 0.05859375 0.10625
0 0.609375 0.5453125 0.04375 0.08984375
0 0.6546875 0.5703125 0.03671875 0.12421875
0 0.68671875 0.5640625 0.02734375 0.10625
0 0.7234375 0.5984375 0.05078125 0.13125
0 0.79453125 0.584375 0.05546875 0.07578125
0 0.90625 0.59140625 0.04453125 0.1140625
0 0.95 0.5953125 0.046875 0.09921875
0 0.83828125 0.55859375 0.04921875 0.04921875