0 0.34375 0.209375 0.0625 0.13515625
0 0.3796875 0.3375 0.06328125 0.11875
0 0.47109375 0.1109375 0.0671875 0.1
0 0.1640625 0.121875 0.06640625 0.14765625
0 0.1796875 0.2703125 0.065625 0.078125
0 0.11484375 0.28671875 0.03671875 0.0765625
0 0.29609375 0.4390625 0.046875 0.0859375
0 0.72265625 0.27578125 0.05390625 0.0953125
0 0.2390625 0.371875 0.078125 0.08515625
0 0.740625 0.603125 0.0625 0.07578125
0 0.09453125 0.35390625 0.0578125 0.12890625
0 0.903125 0.596875 0.0578125 0.1125
0 0.8546875 0.5125 0.05546875 0.10234375
0 0.80234375 0.3609375 0.0390625 0.06875
0 0.58515625 0.3546875 0.06796875 0.09140625
0 0.925 0.4296875 0.0390625 0.07734375
0 0.1640625 0.384375 0.06328125 0.1125
0 0.6890625 0.59140625 0.05078125 0.0984375
0 0.8546875 0.21640625 0.06171875 0.0625
0 0.77890625 0.5359375 0.071875 0.09140625
0 0.05234375 0.2265625 0.078125 0.1375
0 0.5140625 0.45703125 0.06875 0.109375
0 0.84296875 0.85390625 0.05390625 0.090625
0 0.27734375 0.61484375 0.06171875 0.12109375
0 0.078125 0.4765625 0.08046875 0.07421875
0 0.28828125 0.825 0.05625 0.11953125
0 0.72890625 0.9265625 0.05078125 0.125
0 0.40703125 0.646875 0.09375 0.08671875
0 0.9046875 0.03046875 0.05234375 0.0578125
0 0.03125 0.096875 0.05703125 0.13828125
0 0.103125 0.6421875 0.06171875 0.11953125
0 0.5890625 0.48671875 0.08671875 0.15703125
0 0.6921875 0.73828125 0.0671875 0.07578125
0 0.45703125 0.7515625 0.05625 0.0921875
0 0.24609375 0.70390625 0.0578125 0.1375
0 0.38828125 0.78203125 0.0921875 0.1953125
0 0.92421875 0.7046875 0.0421875 0.07890625
0 0.43125 0.6953125 0.06328125 0.0875
0 0.3375 0.4859375 0.05703125 0.08984375
0 0.98359375 0.73125 0.0328125 0.084375
0 0.07109375 0.54609375 0.096875 0.10078125
0 0.88046875 0.93671875 0.0578125 0.1078125
0 0.815625 0.93125 0.06875 0.13125
0 0.15234375 0.6265625 0.04609375 0.090625
0 0.95 0.7140625 0.03515625 0.0765625
0 0.965625 0.93203125 0.05 0.109375
0 0.9203125 0.92265625 0.053125 0.0953125
0 0.4859375 0.821875 0.046875 0.11328125
0 0.52265625 0.8125 0.05390625 0.1359375
0 0.428125 0.4703125 0.04140625 0.08515625
0 0.17890625 0.653125 0.04453125 0.09453125
0 0.5390625 0.5515625 0.05 0.0484375
0 0.07890625 0.13828125 0.0546875 0.13359375
0 0.49453125 0.51328125 0.03984375 0.075
0 0.7609375 0.89140625 0.04296875 0.0984375
0 0.959375 0.8765625 0.0328125 0.06015625
0 0.4609375 0.48359375 0.04765625 0.1
0 0.74296875 0.803125 0.0515625 0.115625
0 0.8046875 0.81796875 0.040625 0.1109375