0 0.31484375 0.14765625 0.06796875 0.1640625
0 0.4640625 0.090625 0.059375 0.18125
0 0.4796875 0.2 0.08046875 0.115625
0 0.4890625 0.34375 0.084375 0.128125
0 0.12109375 0.346875 0.0765625 0.134375
0 0.11171875 0.44296875 0.0671875 0.18515625
0 0.0484375 0.425 0.059375 0.15859375
0 0.18046875 0.7421875 0.0828125 0.11796875
0 0.21875 0.55078125 0.08125 0.1109375
0 0.24921875 0.48125 0.0796875 0.12265625
0 0.3390625 0.50078125 0.07421875 0.1484375
0 0.3359375 0.65234375 0.06640625 0.1328125
0 0.40234375 0.6390625 0.0578125 0.15546875
0 0.54765625 0.55390625 0.10078125 0.12421875
0 0.0515625 0.74921875 0.071875 0.1484375
0 0.15703125 0.0828125 0.0578125 0.165625
0 0.10390625 0.07109375 0.0546875 0.13671875
0 0.6609375 0.24609375 0.06796875 0.1171875
0 0.70703125 0.14296875 0.0953125 0.1046875
0 0.81875 0.1046875 0.0625 0.209375
0 0.60703125 0.3875 0.08515625 0.10625
0 0.66875 0.51953125 0.075 0.1640625
0 0.71171875 0.5 0.06328125 0.15078125
0 0.80078125 0.4765625 0.09765625 0.10625
0 0.73359375 0.7359375 0.07578125 0.13984375
0 0.771875 0.90390625 0.06953125 0.1921875
0 0.6890625 0.884375 0.10078125 0.13046875
0 0.621875 0.90078125 0.05625 0.1359375
0 0.5609375 0.95 0.103125 0.1
0 0.328125 0.8 0.06328125 0.140625
0 0.38125 0.8265625 0.07890625 0.20546875
0 0.221875 0.34140625 0.065625 0.1234375