0 0.0484375 0.41875 0.0703125 0.1265625
0 0.35546875 0.47578125 0.09140625 0.14453125
0 0.59296875 0.73125 0.07421875 0.18359375
0 0.6640625 0.896875 0.08046875 0.18984375
0 0.784375 0.8484375 0.0796875 0.196875
0 0.434375 0.834375 0.0640625 0.2046875
0 0.5375 0.4046875 0.0875 0.1859375
0 0.6421875 0.3796875 0.09609375 0.22265625
0 0.13046875 0.75078125 0.05625 0.17109375
0 0.38125 0.87734375 0.05546875 0.14453125
0 0.08359375 0.6703125 0.0546875 0.16484375
0 0.9359375 0.84296875 0.0578125 0.1921875
0 0.871875 0.87890625 0.07734375 0.13515625
0 0.3796875 0.67578125 0.06953125 0.18203125
0 0.27265625 0.7640625 0.08671875 0.1390625
0 0.86953125 0.38359375 0.10625 0.16484375
0 0.14375 0.26171875 0.06328125 0.16640625
0 0.91484375 0.665625 0.08828125 0.19921875
0 0.79453125 0.04375 0.0734375 0.08671875
0 0.31171875 0.37578125 0.06875 0.18203125
0 0.3046875 0.5671875 0.084375 0.23515625
0 0.3921875 0.2734375 0.1 0.16953125
0 0.02109375 0.6734375 0.0421875 0.153125
0 0.54609375 0.95078125 0.1 0.096875
0 0.06796875 0.928125 0.08515625 0.10859375
0 0.38984375 0.3625 0.1015625 0.1578125