0 0.2 0.76953125 0.07109375 0.0921875
0 0.2453125 0.81875 0.05859375 0.109375
0 0.22109375 0.59296875 0.05859375 0.078125
0 0.496875 0.6671875 0.071875 0.08359375
0 0.15234375 0.615625 0.0640625 0.08515625
0 0.26796875 0.61171875 0.06640625 0.084375
0 0.22421875 0.67109375 0.07265625 0.08359375
0 0.43203125 0.6546875 0.06015625 0.0703125
0 0.6703125 0.71171875 0.0515625 0.06953125
0 0.503125 0.8046875 0.05546875 0.084375
0 0.53671875 0.771875 0.0625 0.08671875
0 0.3609375 0.7140625 0.05234375 0.09375
0 0.42734375 0.846875 0.05 0.10703125
0 0.6453125 0.6828125 0.0359375 0.06875
0 0.3015625 0.68125 0.05390625 0.10390625
0 0.92578125 0.86953125 0.0546875 0.08203125
0 0.86015625 0.7609375 0.07578125 0.0859375
0 0.9703125 0.7515625 0.05234375 0.11171875
0 0.909375 0.77109375 0.046875 0.07890625
0 0.06484375 0.59609375 0.0578125 0.08125
0 0.54609375 0.7078125 0.05234375 0.06953125
0 0.3578125 0.63984375 0.05390625 0.06875
0 0.7921875 0.96484375 0.0703125 0.06796875
0 0.41953125 0.759375 0.0625 0.11171875
0 0.73828125 0.715625 0.04921875 0.11015625
0 0.796875 0.83515625 0.05703125 0.07734375
0 0.321875 0.6296875 0.03828125 0.10546875
0 0.04609375 0.72265625 0.06640625 0.0796875
0 0.8234375 0.9328125 0.08046875 0.10546875
0 0.38359375 0.7859375 0.06953125 0.06875
0 0.68203125 0.8390625 0.06640625 0.11328125
0 0.628125 0.80078125 0.05390625 0.08515625
0 0.79453125 0.74375 0.05625 0.10625
0 0.86484375 0.853125 0.05859375 0.07734375
0 0.98125 0.90078125 0.0375 0.0890625