0 0.4328125 0.39375 0.0640625 0.10625
0 0.3859375 0.53515625 0.08828125 0.12890625
0 0.24296875 0.6125 0.0796875 0.12734375
0 0.97265625 0.6609375 0.0546875 0.11171875
0 0.878125 0.86875 0.053125 0.0828125
0 0.9375 0.8546875 0.06640625 0.0953125
0 0.434375 0.8515625 0.05078125 0.125
0 0.53828125 0.84921875 0.08515625 0.11640625
0 0.16015625 0.8796875 0.0703125 0.09140625
0 0.10703125 0.334375 0.06015625 0.08203125
0 0.19453125 0.325 0.0546875 0.07265625
0 0.01953125 0.84375 0.0390625 0.146875
0 0.02265625 0.334375 0.0453125 0.071875
0 0.3828125 0.82578125 0.06875 0.18984375
0 0.3234375 0.88984375 0.0828125 0.059375
0 0.07734375 0.86875 0.06875 0.1
0 0.80546875 0.89765625 0.06640625 0.040625
0 0.76484375 0.97578125 0.13125 0.0484375
0 0.54375 0.94296875 0.07265625 0.0984375