0 0.784375 0.0625 0.05625 0.10546875
0 0.84765625 0.0328125 0.0578125 0.065625
0 0.86796875 0.0984375 0.0484375 0.1
0 0.7296875 0.26484375 0.0578125 0.14765625
0 0.46171875 0.3734375 0.0828125 0.1328125
0 0.03359375 0.2828125 0.06328125 0.16640625
0 0.88671875 0.26953125 0.0703125 0.11875
0 0.48515625 0.60859375 0.07109375 0.15546875
0 0.63515625 0.8234375 0.065625 0.10546875
0 0.5296875 0.43671875 0.08203125 0.11796875
0 0.94375 0.8875 0.05625 0.121875
0 0.840625 0.6203125 0.059375 0.11640625
0 0.92109375 0.76875 0.04453125 0.059375
0 0.59453125 0.7109375 0.0625 0.0703125
0 0.29375 0.61640625 0.0625 0.140625
0 0.29921875 0.49296875 0.07265625 0.10625
0 0.3921875 0.703125 0.06328125 0.10703125
0 0.2015625 0.8125 0.06171875 0.190625
0 0.2359375 0.4125 0.071875 0.1359375
0 0.33359375 0.75625 0.04921875 0.0609375
0 0.7921875 0.82734375 0.06875 0.08515625
0 0.11328125 0.396875 0.11640625 0.1171875
0 0.728125 0.86875 0.0796875 0.13046875
0 0.12109375 0.80078125 0.0671875 0.16875
0 0.2984375 0.825 0.05625 0.1859375
0 0.5453125 0.86953125 0.096875 0.12109375
0 0.8578125 0.890625 0.0484375 0.15546875
0 0.03984375 0.74296875 0.0796875 0.1078125