0 0.24921875 0.2421875 0.06484375 0.16015625
0 0.2359375 0.55625 0.109375 0.14453125
0 0.4046875 0.3875 0.06640625 0.17265625
0 0.46640625 0.46796875 0.1078125 0.1046875
0 0.72421875 0.30078125 0.07578125 0.1234375
0 0.7828125 0.36171875 0.09296875 0.15
0 0.1 0.3109375 0.06875 0.1359375
0 0.33515625 0.2046875 0.09453125 0.115625
0 0.02890625 0.2421875 0.05703125 0.1703125
0 0.87578125 0.2734375 0.078125 0.20546875
0 0.4578125 0.22734375 0.0921875 0.15234375
0 0.96015625 0.2 0.0796875 0.153125
0 0.5296875 0.13125 0.10234375 0.146875
0 0.75078125 0.1328125 0.08515625 0.1296875
0 0.78046875 0.19140625 0.0953125 0.15
0 0.2953125 0.103125 0.08125 0.17578125
0 0.0984375 0.13046875 0.075 0.17265625
0 0.97578125 0.08671875 0.0484375 0.115625
0 0.3 0.04765625 0.05703125 0.06953125