0 0.57109375 0.5453125 0.04921875 0.128125
0 0.76875 0.665625 0.05 0.13125
0 0.82578125 0.615625 0.0546875 0.10859375
0 0.66640625 0.7671875 0.08046875 0.11875
0 0.61796875 0.846875 0.06484375 0.08203125
0 0.36875 0.62578125 0.053125 0.0703125
0 0.12109375 0.64921875 0.05234375 0.1234375
0 0.04765625 0.62421875 0.0515625 0.1078125
0 0.1171875 0.78203125 0.05078125 0.1203125
0 0.678125 0.5515625 0.0625 0.13203125
0 0.94453125 0.79375 0.04453125 0.09921875
0 0.10546875 0.4703125 0.0390625 0.0796875
0 0.23046875 0.4515625 0.0390625 0.08515625
0 0.284375 0.1640625 0.06875 0.1140625
0 0.2125 0.865625 0.0640625 0.1421875
0 0.45390625 0.8890625 0.05 0.1140625
0 0.57734375 0.05078125 0.05546875 0.0984375
0 0.82734375 0.7421875 0.09921875 0.12421875
0 0.63515625 0.06328125 0.0703125 0.09140625
0 0.5171875 0.17109375 0.0453125 0.0734375
0 0.715625 0.8890625 0.06171875 0.09140625
0 0.8765625 0.84921875 0.0765625 0.1296875
0 0.31328125 0.4234375 0.04453125 0.06640625
0 0.0265625 0.86953125 0.05 0.090625
0 0.01875 0.48671875 0.03671875 0.08046875
0 0.7796875 0.3609375 0.075 0.08203125
0 0.1515625 0.7875 0.04765625 0.0953125
0 0.34375 0.0546875 0.04765625 0.10859375
0 0.52265625 0.065625 0.05546875 0.11640625
0 0.1625 0.878125 0.05546875 0.096875
0 0.665625 0.88046875 0.046875 0.1015625
0 0.47421875 0.05859375 0.0484375 0.11171875
0 0.35234375 0.2015625 0.05546875 0.0765625
0 0.94453125 0.8859375 0.06953125 0.0765625
0 0.7546875 0.05859375 0.07421875 0.08125
0 0.4046875 0.08125 0.04921875 0.06875
0 0.68046875 0.11015625 0.08984375 0.1359375
0 0.525 0.9046875 0.053125 0.07890625
0 0.43671875 0.03828125 0.04765625 0.07578125
0 0.88046875 0.04375 0.0625 0.08359375
0 0.6984375 0.0734375 0.0515625 0.0859375
0 0.925 0.09609375 0.06328125 0.1046875
0 0.2640625 0.03515625 0.05625 0.06953125
0 0.10859375 0.92265625 0.0453125 0.07890625
0 0.40703125 0.175 0.04609375 0.09140625
0 0.7875 0.1515625 0.04453125 0.05859375
0 0.20859375 0.16328125 0.05625 0.10546875
0 0.61875 0.90703125 0.04375 0.05625
0 0.9859375 0.76015625 0.028125 0.17265625
0 0.0765625 0.91484375 0.0421875 0.09609375
0 0.575 0.91484375 0.03203125 0.0546875
0 0.971875 0.05 0.05234375 0.09921875
0 0.046875 0.928125 0.0453125 0.090625
0 0.7859375 0.02265625 0.04375 0.0453125
0 0.39921875 0.86015625 0.0671875 0.08203125
0 0.3703125 0.90625 0.08515625 0.075
0 0.90078125 0.8734375 0.0484375 0.13046875
0 0.940625 0.4109375 0.053125 0.103125