0 0.3765625 0.45390625 0.059375 0.14609375
0 0.13828125 0.5328125 0.08203125 0.128125
0 0.5875 0.5625 0.06171875 0.153125
0 0.64140625 0.5609375 0.0609375 0.1375
0 0.659375 0.66796875 0.06328125 0.0984375
0 0.39140625 0.78515625 0.09140625 0.11328125
0 0.27734375 0.8859375 0.10546875 0.109375
0 0.390625 0.91796875 0.09296875 0.1328125
0 0.75078125 0.7609375 0.078125 0.1109375
0 0.821875 0.74609375 0.07109375 0.1125
0 0.6734375 0.36328125 0.0703125 0.10078125
0 0.90546875 0.57265625 0.0734375 0.11875
0 0.81953125 0.646875 0.07109375 0.1015625
0 0.9390625 0.66328125 0.06953125 0.0859375
0 0.109375 0.15 0.08125 0.1578125
0 0.46640625 0.9671875 0.08984375 0.06015625
0 0.2328125 0.4390625 0.06484375 0.1546875
0 0.94375 0.83203125 0.0609375 0.10234375
0 0.1609375 0.3859375 0.0625 0.1171875
0 0.05 0.478125 0.06015625 0.17109375
0 0.9546875 0.2796875 0.0484375 0.15625
0 0.0375 0.11328125 0.075 0.1296875
0 0.03515625 0.64921875 0.065625 0.10703125
0 0.72421875 0.1734375 0.053125 0.10390625
0 0.028125 0.38125 0.05546875 0.10078125
0 0.7796875 0.04609375 0.08359375 0.09140625
0 0.5015625 0.3734375 0.0671875 0.1265625
0 0.97890625 0.715625 0.0421875 0.1578125
0 0.4703125 0.07421875 0.06796875 0.1125
0 0.9421875 0.06875 0.06171875 0.109375
0 0.5796875 0.38515625 0.06171875 0.09140625
0 0.9421875 0.909375 0.059375 0.13671875
0 0.98046875 0.9046875 0.0390625 0.121875
0 0.8796875 0.15703125 0.046875 0.1109375
0 0.81171875 0.3703125 0.07109375 0.2171875
0 0.93203125 0.125 0.05234375 0.075
0 0.43984375 0.38203125 0.06015625 0.0703125
0 0.884375 0.284375 0.05390625 0.14765625
0 0.02734375 0.27578125 0.046875 0.06875
0 0.7640625 0.2859375 0.06015625 0.16640625
0 0.72109375 0.86875 0.0921875 0.11796875
0 0.6859375 0.9328125 0.084375 0.109375