0 0.54453125 0.50546875 0.10390625 0.16171875
0 0.3765625 0.4703125 0.0875 0.1734375
0 0.28359375 0.45546875 0.06796875 0.20859375
0 0.11875 0.271875 0.0765625 0.165625
0 0.6671875 0.62265625 0.0765625 0.16953125
0 0.70859375 0.56171875 0.06484375 0.2171875
0 0.77109375 0.63125 0.1015625 0.1390625
0 0.80859375 0.7140625 0.1015625 0.1078125
0 0.12421875 0.55625 0.0875 0.17734375
0 0.39609375 0.8078125 0.09140625 0.1703125
0 0.3765625 0.89375 0.06484375 0.19375
0 0.33125 0.89921875 0.0625 0.2015625
0 0.828125 0.8359375 0.10390625 0.13515625
0 0.61328125 0.6765625 0.09375 0.1265625
0 0.23203125 0.50625 0.07265625 0.1234375