0 0.8109375 0.12421875 0.10625 0.090625
0 0.6171875 0.13984375 0.09765625 0.08828125
0 0.690625 0.28125 0.084375 0.12421875
0 0.6171875 0.37109375 0.0515625 0.13671875
0 0.778125 0.3265625 0.075 0.08671875
0 0.7140625 0.4 0.06171875 0.14609375
0 0.55234375 0.3296875 0.0859375 0.08828125
0 0.8140625 0.42890625 0.1 0.10234375
0 0.86171875 0.48984375 0.06640625 0.11875
0 0.9203125 0.515625 0.05546875 0.13984375
0 0.971875 0.3796875 0.0484375 0.12421875
0 0.7828125 0.68046875 0.0828125 0.159375
0 0.084375 0.48046875 0.08203125 0.115625
0 0.9390625 0.6828125 0.05859375 0.15625
0 0.35703125 0.3765625 0.04296875 0.10859375
0 0.028125 0.45859375 0.05625 0.15234375
0 0.14609375 0.403125 0.0890625 0.1078125
0 0.72109375 0.6734375 0.0625 0.15703125
0 0.2546875 0.38828125 0.078125 0.134375
0 0.95859375 0.875 0.0796875 0.1203125
0 0.353125 0.47421875 0.05703125 0.13203125
0 0.375 0.1125 0.0640625 0.1203125
0 0.8359375 0.3375 0.05 0.0953125
0 0.6078125 0.25234375 0.075 0.06796875
0 0.53046875 0.51484375 0.0890625 0.1328125
0 0.16328125 0.13984375 0.040625 0.07734375
0 0.234375 0.13671875 0.084375 0.07578125
0 0.1203125 0.0796875 0.065625 0.1421875
0 0.4453125 0.4046875 0.0703125 0.0890625
0 0.04375 0.25625 0.07734375 0.07734375
0 0.49609375 0.33828125 0.03359375 0.0734375
0 0.1203125 0.76953125 0.0953125 0.1453125
0 0.1390625 0.29921875 0.09140625 0.11875
0 0.059375 0.14765625 0.04140625 0.0796875
0 0.50625 0.125 0.07265625 0.134375
0 0.98046875 0.70859375 0.0390625 0.171875
0 0.28359375 0.25078125 0.08046875 0.0703125
0 0.325 0.20703125 0.09921875 0.17578125
0 0.384375 0.69921875 0.084375 0.1921875
0 0.43828125 0.084375 0.065625 0.1671875
0 0.9015625 0.83515625 0.07109375 0.14921875
0 0.98125 0.18671875 0.0375 0.0421875
0 0.39140625 0.40625 0.03828125 0.07734375
0 0.7546875 0.528125 0.08359375 0.1421875
0 0.340625 0.34140625 0.04296875 0.09375
0 0.8671875 0.74921875 0.075 0.14609375
0 0.3234375 0.14921875 0.08671875 0.0578125
0 0.05859375 0.3484375 0.1078125 0.096875