0 0.628125 0.2828125 0.0609375 0.17578125
0 0.484375 0.27890625 0.08359375 0.13515625
0 0.28828125 0.27265625 0.12890625 0.15
0 0.40625 0.41875 0.07578125 0.08984375
0 0.58984375 0.46796875 0.05703125 0.16796875
0 0.828125 0.25703125 0.0625 0.103125
0 0.81796875 0.41171875 0.05234375 0.15078125
0 0.85 0.690625 0.05234375 0.19921875
0 0.9203125 0.67578125 0.06640625 0.17421875
0 0.528125 0.5828125 0.0640625 0.12890625
0 0.134375 0.67109375 0.11484375 0.12890625
0 0.584375 0.8265625 0.09609375 0.115625
0 0.646875 0.4359375 0.08046875 0.1234375
0 0.5421875 0.18671875 0.06640625 0.19140625
0 0.8421875 0.10546875 0.08359375 0.1328125