0 0.4796875 0.65703125 0.11640625 0.11328125
0 0.5171875 0.70390625 0.08671875 0.15625
0 0.59375 0.903125 0.103125 0.1140625
0 0.7921875 0.63203125 0.09453125 0.1328125
0 0.63671875 0.784375 0.09375 0.12890625
0 0.7265625 0.140625 0.09609375 0.09453125
0 0.4375 0.21953125 0.05859375 0.16640625
0 0.27265625 0.21796875 0.1328125 0.12890625
0 0.2328125 0.06328125 0.08984375 0.08984375
0 0.8203125 0.74140625 0.11484375 0.11796875
0 0.80625 0.2640625 0.09140625 0.153125
0 0.4578125 0.05 0.1 0.0984375
0 0.865625 0.8203125 0.06796875 0.146875
0 0.7109375 0.08046875 0.09765625 0.0796875
0 0.7390625 0.22421875 0.1109375 0.12734375
0 0.89140625 0.59140625 0.11640625 0.11875
0 0.896875 0.28828125 0.06015625 0.13828125
0 0.7984375 0.140625 0.06015625 0.09296875
0 0.94375 0.21875 0.11171875 0.109375
0 0.7796875 0.840625 0.065625 0.15234375
0 0.73046875 0.90390625 0.06875 0.1484375
0 0.2921875 0.11953125 0.0671875 0.13828125
0 0.36015625 0.16484375 0.09765625 0.103125
0 0.92421875 0.9015625 0.07578125 0.1328125
0 0.4703125 0.153125 0.071875 0.17265625