0 0.5109375 0.08671875 0.06484375 0.115625
0 0.5125 0.26171875 0.08359375 0.08203125
0 0.2421875 0.22578125 0.078125 0.121875
0 0.43359375 0.3921875 0.06796875 0.140625
0 0.17421875 0.21171875 0.06171875 0.11875
0 0.53203125 0.58671875 0.0921875 0.121875
0 0.31328125 0.7890625 0.075 0.10859375
0 0.86640625 0.5328125 0.07578125 0.12109375
0 0.7796875 0.7046875 0.1 0.13671875
0 0.0390625 0.21796875 0.05390625 0.121875
0 0.08359375 0.1765625 0.06953125 0.09375
0 0.55625 0.746875 0.128125 0.12265625
0 0.13203125 0.05 0.06484375 0.09453125