0 0.5859375 0.65859375 0.08359375 0.2671875
0 0.5015625 0.79140625 0.128125 0.1328125
0 0.328125 0.84140625 0.08125 0.2078125
0 0.75546875 0.646875 0.1078125 0.15
0 0.74921875 0.484375 0.10859375 0.14765625
0 0.08828125 0.834375 0.0921875 0.1796875
0 0.65859375 0.90546875 0.0859375 0.18828125
0 0.1859375 0.61484375 0.08046875 0.19296875
0 0.2796875 0.678125 0.084375 0.19453125
0 0.9296875 0.66640625 0.07578125 0.14921875
0 0.8 0.93046875 0.10390625 0.1390625
0 0.41953125 0.16640625 0.09140625 0.20703125
0 0.490625 0.5140625 0.078125 0.1765625
0 0.125 0.6515625 0.07578125 0.22578125
0 0.80859375 0.23984375 0.0890625 0.13828125
0 0.33046875 0.55625 0.115625 0.134375
0 0.9640625 0.23828125 0.071875 0.11796875
0 0.96171875 0.55 0.0640625 0.19921875
0 0.2515625 0.5328125 0.06796875 0.175
0 0.45546875 0.434375 0.084375 0.071875
0 0.68359375 0.11640625 0.078125 0.22578125
0 0.3640625 0.17421875 0.07265625 0.2078125
0 0.80703125 0.08515625 0.0765625 0.1703125
0 0.825 0.390625 0.1125 0.1015625
0 0.02265625 0.83203125 0.04375 0.1875
0 0.753125 0.15078125 0.08203125 0.14765625
0 0.934375 0.39296875 0.0953125 0.09453125
0 0.64296875 0.51015625 0.0828125 0.1609375
0 0.11015625 0.1421875 0.07578125 0.17734375
0 0.24765625 0.95703125 0.07578125 0.075
0 0.46484375 0.0484375 0.09453125 0.096875
0 0.04921875 0.159375 0.078125 0.22265625
0 0.315625 0.45234375 0.10078125 0.090625
0 0.2109375 0.15625 0.071875 0.165625
0 0.27109375 0.25859375 0.0765625 0.19765625
0 0.17578125 0.25 0.11953125 0.11484375
0 0.85 0.7734375 0.0625 0.215625
0 0.79921875 0.72578125 0.06484375 0.21015625