0 0.4140625 0.65625 0.0703125 0.08203125
0 0.56171875 0.69453125 0.065625 0.10703125
0 0.29375 0.11875 0.06328125 0.06015625
0 0.30625 0.0625 0.05 0.0546875
0 0.25546875 0.07109375 0.03359375 0.0875
0 0.3421875 0.0296875 0.06875 0.05859375
0 0.58359375 0.09609375 0.0546875 0.109375
0 0.603125 0.0234375 0.07421875 0.046875
0 0.32890625 0.90546875 0.04375 0.09140625
0 0.3671875 0.9 0.05625 0.09453125
0 0.678125 0.88671875 0.0390625 0.08984375
0 0.2 0.9 0.03671875 0.12421875
0 0.1171875 0.90625 0.04921875 0.1125
0 0.259375 0.8765625 0.05390625 0.14453125
0 0.4171875 0.91328125 0.0765625 0.08046875
0 0.153125 0.925 0.04453125 0.08515625
0 0.74140625 0.72109375 0.06484375 0.10234375
0 0.42109375 0.175 0.0578125 0.07890625
0 0.1625 0.50703125 0.0546875 0.10703125
0 0.73203125 0.81171875 0.0828125 0.109375
0 0.903125 0.79375 0.103125 0.13203125
0 0.665625 0.37421875 0.04453125 0.06953125
0 0.23046875 0.45 0.04375 0.08359375
0 0.4859375 0.15703125 0.0515625 0.0984375
0 0.5171875 0.4296875 0.05546875 0.13984375
0 0.18203125 0.45234375 0.0453125 0.07578125
0 0.06328125 0.475 0.040625 0.07265625
0 0.759375 0.37890625 0.05625 0.103125
0 0.02421875 0.4796875 0.0484375 0.07109375
0 0.09296875 0.7875 0.05234375 0.1171875
0 0.7203125 0.88828125 0.06015625 0.08046875
0 0.86015625 0.4703125 0.04921875 0.18359375
0 0.21875 0.10625 0.040625 0.0859375
0 0.95625 0.34765625 0.03984375 0.0859375
0 0.62109375 0.378125 0.05859375 0.06796875
0 0.240625 0.96015625 0.053125 0.0703125
0 0.26875 0.171875 0.046875 0.08515625