0 0.31328125 0.3078125 0.07265625 0.190625
0 0.5125 0.51953125 0.09609375 0.12109375
0 0.60546875 0.47265625 0.0609375 0.1234375
0 0.65390625 0.5109375 0.05078125 0.19375
0 0.7609375 0.3921875 0.05234375 0.10390625
0 0.82890625 0.4 0.0578125 0.10390625
0 0.96875 0.32734375 0.05 0.1078125
0 0.11328125 0.1015625 0.06328125 0.190625
0 0.05546875 0.06640625 0.0734375 0.12890625
0 0.03046875 0.57578125 0.06015625 0.1515625
0 0.11484375 0.67109375 0.0546875 0.1890625
0 0.184375 0.821875 0.0796875 0.16484375
0 0.85 0.53125 0.06171875 0.08515625
0 0.21640625 0.60625 0.07421875 0.1453125
0 0.03984375 0.19921875 0.07734375 0.2390625
0 0.90703125 0.4828125 0.06015625 0.12109375
0 0.275 0.7765625 0.06015625 0.17109375
0 0.75625 0.534375 0.06875 0.1109375
0 0.34296875 0.8703125 0.06171875 0.175
0 0.9234375 0.84296875 0.06640625 0.11953125
0 0.49765625 0.7171875 0.06328125 0.1671875
0 0.47421875 0.81875 0.0890625 0.12421875
0 0.07734375 0.8265625 0.06640625 0.16171875
0 0.41328125 0.903125 0.06875 0.16015625
0 0.565625 0.665625 0.06796875 0.11484375
0 0.96484375 0.934375 0.0546875 0.0921875
0 0.7703125 0.63984375 0.059375 0.11953125
0 0.75 0.82734375 0.0734375 0.1296875
0 0.2296875 0.8109375 0.05390625 0.17734375
0 0.63359375 0.68828125 0.07734375 0.1
0 0.61640625 0.85859375 0.07265625 0.1328125
0 0.57265625 0.91484375 0.0828125 0.1140625
0 0.81640625 0.8703125 0.0734375 0.10546875
0 0.12890625 0.90078125 0.08203125 0.12109375
0 0.84453125 0.77734375 0.053125 0.15
0 0.18828125 0.7 0.0796875 0.1296875
0 0.98359375 0.6890625 0.03203125 0.109375
0 0.7671875 0.9671875 0.0453125 0.065625
0 0.9125 0.9703125 0.06328125 0.059375