0 0.4515625 0.09453125 0.0703125 0.1359375
0 0.6390625 0.0515625 0.0890625 0.09453125
0 0.65546875 0.13984375 0.06953125 0.10703125
0 0.94296875 0.06796875 0.0921875 0.08359375
0 0.91875 0.1265625 0.0765625 0.0859375
0 0.76875 0.525 0.071875 0.1296875
0 0.30625 0.36875 0.05234375 0.12265625
0 0.4390625 0.4234375 0.03984375 0.1125
0 0.49140625 0.33125 0.06484375 0.059375
0 0.52578125 0.4078125 0.115625 0.0984375
0 0.603125 0.48359375 0.06875 0.1015625
0 0.5078125 0.66640625 0.0703125 0.14296875
0 0.62265625 0.0375 0.05859375 0.06953125
0 0.69296875 0.64765625 0.07109375 0.15390625
0 0.696875 0.459375 0.0734375 0.11015625
0 0.8890625 0.7125 0.07265625 0.1265625
0 0.584375 0.58515625 0.08203125 0.1
0 0.65 0.5828125 0.0796875 0.0984375
0 0.4390625 0.5609375 0.09375 0.1609375
0 0.10859375 0.7875 0.0984375 0.1296875
0 0.1296875 0.05078125 0.07890625 0.09609375
0 0.3453125 0.20546875 0.05703125 0.08359375
0 0.04296875 0.7296875 0.0859375 0.1203125
0 0.29375 0.53125 0.1015625 0.15
0 0.2203125 0.07734375 0.06640625 0.15078125
0 0.88671875 0.61640625 0.0875 0.1171875
0 0.96640625 0.64296875 0.06640625 0.1265625
0 0.896875 0.5515625 0.09453125 0.1015625
0 0.0484375 0.53046875 0.09375 0.15
0 0.12265625 0.584375 0.09140625 0.13046875
0 0.35859375 0.91875 0.11171875 0.13203125
0 0.04453125 0.40703125 0.08828125 0.1234375
0 0.54296875 0.3625 0.05234375 0.05
0 0.2859375 0.20390625 0.06640625 0.1
0 0.91328125 0.33046875 0.059375 0.0828125
0 0.96875 0.88359375 0.0625 0.12265625
0 0.8890625 0.41953125 0.0578125 0.05546875
0 0.10546875 0.23515625 0.075 0.13359375
0 0.36640625 0.0625 0.05703125 0.12421875
0 0.58984375 0.36875 0.053125 0.0765625
0 0.1796875 0.47109375 0.11953125 0.1234375
0 0.27265625 0.0625 0.0765625 0.12421875
0 0.98046875 0.17734375 0.03828125 0.121875
0 0.63125 0.2421875 0.0734375 0.10703125
0 0.590625 0.16484375 0.065625 0.06015625
0 0.9734375 0.340625 0.05234375 0.0984375
0 0.946875 0.47109375 0.06484375 0.1125
0 0.0265625 0.140625 0.053125 0.1359375
0 0.878125 0.2390625 0.06171875 0.13125
0 0.57109375 0.23046875 0.0609375 0.125
0 0.7328125 0.2703125 0.06796875 0.128125
0 0.9359375 0.2578125 0.05234375 0.071875
0 0.6734375 0.434375 0.03671875 0.0703125
0 0.36640625 0.50859375 0.05625 0.07890625
0 0.7265625 0.36875 0.0671875 0.0703125
0 0.06015625 0.30859375 0.06171875 0.1078125
0 0.975 0.43984375 0.04921875 0.075
0 0.31953125 0.06171875 0.05078125 0.1234375
0 0.83828125 0.63515625 0.05234375 0.14765625
0 0.64765625 0.3875 0.0578125 0.0953125
0 0.07109375 0.9515625 0.065625 0.096875
0 0.1390625 0.96015625 0.0890625 0.07734375
0 0.15234375 0.55390625 0.034375 0.05078125
0 0.13984375 0.90390625 0.1078125 0.09453125
0 0.83359375 0.278125 0.05625 0.1234375
0 0.79375 0.2828125 0.0390625 0.09765625