0 0.85390625 0.19140625 0.125 0.11875
0 0.678125 0.51953125 0.0625 0.19375
0 0.90390625 0.4765625 0.08828125 0.1546875
0 0.6078125 0.434375 0.12265625 0.140625
0 0.1125 0.41875 0.11484375 0.13828125
0 0.37265625 0.46953125 0.08671875 0.16640625
0 0.221875 0.4671875 0.1078125 0.16875
0 0.8359375 0.68046875 0.075 0.26875
0 0.44453125 0.50078125 0.06875 0.14765625
0 0.75546875 0.4671875 0.1078125 0.171875
0 0.8421875 0.43125 0.0796875 0.09609375
0 0.9796875 0.44296875 0.040625 0.1015625
0 0.4859375 0.45546875 0.1203125 0.184375
0 0.490625 0.71171875 0.1375 0.15859375