0 0.41796875 0.6484375 0.0984375 0.10390625
0 0.7109375 0.79453125 0.0796875 0.1296875
0 0.715625 0.56953125 0.0875 0.11875
0 0.775 0.7453125 0.0953125 0.13203125
0 0.909375 0.59453125 0.08359375 0.096875
0 0.2640625 0.4328125 0.090625 0.1078125
0 0.034375 0.38046875 0.06875 0.15078125
0 0.92890625 0.48984375 0.06484375 0.075
0 0.9015625 0.753125 0.09453125 0.1953125
0 0.659375 0.4515625 0.0828125 0.06640625
0 0.5609375 0.36875 0.06328125 0.09375
0 0.9640625 0.4359375 0.06796875 0.05859375
0 0.2921875 0.71953125 0.08515625 0.1984375
0 0.56796875 0.65859375 0.0984375 0.15
0 0.2640625 0.13203125 0.11171875 0.13671875
0 0.3171875 0.50078125 0.0890625 0.13984375
0 0.97265625 0.54921875 0.0546875 0.1234375
0 0.5671875 0.55859375 0.0859375 0.12578125
0 0.78359375 0.1984375 0.04453125 0.13515625
0 0.71640625 0.234375 0.06015625 0.125
0 0.465625 0.53203125 0.07109375 0.12421875
0 0.83203125 0.3015625 0.05703125 0.096875
0 0.94453125 0.10234375 0.0453125 0.11875
0 0.7703125 0.28203125 0.0546875 0.08359375
0 0.4296875 0.13515625 0.1109375 0.10859375
0 0.4921875 0.4640625 0.0828125 0.09375
0 0.3828125 0.05546875 0.06953125 0.1109375
0 0.5109375 0.5546875 0.05390625 0.1125
0 0.37734375 0.18671875 0.07734375 0.13515625
0 0.69609375 0.31953125 0.0765625 0.09296875
0 0.4921875 0.23515625 0.05703125 0.0890625
0 0.215625 0.65 0.07421875 0.178125
0 0.790625 0.546875 0.07734375 0.08984375
0 0.27265625 0.621875 0.09453125 0.10546875
0 0.26875 0.2453125 0.08359375 0.13203125
0 0.25 0.340625 0.08671875 0.1