0 0.23828125 0.80078125 0.06171875 0.109375
0 0.203125 0.72734375 0.05625 0.065625
0 0.159375 0.64140625 0.03828125 0.12265625
0 0.22734375 0.6109375 0.075 0.0953125
0 0.05546875 0.63203125 0.04765625 0.096875
0 0.103125 0.6125 0.04453125 0.08671875
0 0.065625 0.8796875 0.07109375 0.09375
0 0.1515625 0.86953125 0.0546875 0.10625
0 0.28125 0.903125 0.04765625 0.13828125
0 0.2984375 0.7875 0.05625 0.0875
0 0.29609375 0.6546875 0.05859375 0.09609375
0 0.34609375 0.75859375 0.0546875 0.10078125
0 0.4140625 0.7828125 0.05234375 0.07109375
0 0.434375 0.71171875 0.03828125 0.09765625
0 0.496875 0.871875 0.04609375 0.08515625
0 0.47890625 0.75859375 0.0453125 0.08203125
0 0.528125 0.7890625 0.03359375 0.10390625
0 0.725 0.8625 0.0421875 0.153125
0 0.67734375 0.84765625 0.04375 0.11484375
0 0.73046875 0.97421875 0.065625 0.0515625
0 0.7984375 0.971875 0.059375 0.05625
0 0.84765625 0.97421875 0.06953125 0.0515625
0 0.81484375 0.9109375 0.06953125 0.071875
0 0.86796875 0.89296875 0.0546875 0.08125
0 0.903125 0.95703125 0.053125 0.0859375
0 0.94765625 0.93359375 0.05546875 0.07265625
0 0.8484375 0.7625 0.0453125 0.0859375
0 0.89765625 0.72421875 0.0296875 0.08671875
0 0.93046875 0.71796875 0.03046875 0.06875
0 0.96171875 0.7359375 0.03984375 0.0890625
0 0.88671875 0.81484375 0.040625 0.0828125
0 0.79375 0.784375 0.04375 0.0828125
0 0.7171875 0.66796875 0.03984375 0.07265625
0 0.51953125 0.709375 0.040625 0.0734375