0 0.42265625 0.12890625 0.09765625 0.17265625
0 0.58203125 0.09609375 0.0796875 0.16171875
0 0.8328125 0.140625 0.07578125 0.17421875
0 0.33203125 0.34609375 0.115625 0.16328125
0 0.325 0.04375 0.0984375 0.08671875
0 0.1859375 0.10625 0.1328125 0.13203125
0 0.2328125 0.50625 0.12734375 0.12734375
0 0.30546875 0.859375 0.08671875 0.203125
0 0.65 0.8328125 0.09453125 0.16875
0 0.496875 0.240625 0.09921875 0.21796875
0 0.4796875 0.54453125 0.0921875 0.19921875
0 0.0515625 0.93828125 0.08984375 0.11640625
0 0.93515625 0.5046875 0.09375 0.10859375
0 0.396875 0.81796875 0.1046875 0.13984375
0 0.971875 0.228125 0.05625 0.12890625
0 0.71015625 0.23828125 0.0734375 0.16015625
0 0.4546875 0.3875 0.0875 0.125
0 0.975 0.1234375 0.05 0.121875
0 0.18046875 0.32578125 0.1265625 0.090625
0 0.46796875 0.9 0.11015625 0.11953125
0 0.75078125 0.415625 0.09609375 0.0921875
0 0.94609375 0.41171875 0.08671875 0.10703125
0 0.9765625 0.6765625 0.046875 0.153125
0 0.7359375 0.63125 0.08359375 0.19765625
0 0.87421875 0.4 0.0859375 0.1015625
0 0.7453125 0.7640625 0.10390625 0.12890625
0 0.62578125 0.25703125 0.0984375 0.1125
0 0.521875 0.66875 0.06796875 0.22421875
0 0.5984375 0.665625 0.0703125 0.2390625
0 0.04765625 0.25 0.0953125 0.10625
0 0.13125 0.44921875 0.06875 0.22109375
0 0.046875 0.56328125 0.09375 0.12109375