0 0.7140625 0.6859375 0.02890625 0.08515625
0 0.73671875 0.69921875 0.03671875 0.1078125
0 0.7734375 0.7171875 0.03671875 0.084375
0 0.803125 0.70078125 0.03515625 0.11796875
0 0.84375 0.73359375 0.05625 0.08671875
0 0.9046875 0.8078125 0.059375 0.078125
0 0.94296875 0.7609375 0.0734375 0.08515625
0 0.6828125 0.9484375 0.06640625 0.103125
0 0.721875 0.80703125 0.05625 0.07421875
0 0.546875 0.771875 0.059375 0.10859375
0 0.48671875 0.89609375 0.06484375 0.09140625
0 0.51484375 0.65546875 0.05859375 0.0984375
0 0.47421875 0.65625 0.0390625 0.1
0 0.384375 0.64296875 0.05625 0.08984375
0 0.3328125 0.6359375 0.06171875 0.084375
0 0.26953125 0.621875 0.0609375 0.10078125
0 0.67578125 0.71484375 0.0515625 0.08046875
0 0.6296875 0.7328125 0.053125 0.0875