0 0.3796875 0.48671875 0.0953125 0.16640625
0 0.4015625 0.59375 0.134375 0.15625
0 0.38515625 0.746875 0.08359375 0.165625
0 0.46875 0.79921875 0.10703125 0.1640625
0 0.5875 0.79375 0.07578125 0.16015625
0 0.65234375 0.49375 0.109375 0.14609375
0 0.23828125 0.07421875 0.078125 0.1484375
0 0.41015625 0.05234375 0.10703125 0.10390625
0 0.62109375 0.05703125 0.10390625 0.09375
0 0.50625 0.1140625 0.103125 0.0921875
0 0.68203125 0.3140625 0.109375 0.13828125
0 0.753125 0.4625 0.0953125 0.12109375
0 0.7953125 0.640625 0.08046875 0.18203125
0 0.74375 0.76875 0.11875 0.165625
0 0.86953125 0.671875 0.08359375 0.13515625
0 0.87734375 0.5140625 0.09140625 0.1734375
0 0.8421875 0.375 0.06875 0.13046875
0 0.165625 0.55 0.10703125 0.1390625
0 0.2625 0.6046875 0.1 0.19921875
0 0.2359375 0.459375 0.1109375 0.10703125
0 0.190625 0.690625 0.115625 0.15234375
0 0.09921875 0.746875 0.0859375 0.134375
0 0.22421875 0.909375 0.11953125 0.12109375
0 0.490625 0.35 0.053125 0.125