0 0.665625 0.859375 0.0625 0.09140625
0 0.7515625 0.88125 0.07578125 0.09140625
0 0.5015625 0.853125 0.05625 0.1265625
0 0.2796875 0.88125 0.05703125 0.11328125
0 0.1734375 0.71875 0.09140625 0.1015625
0 0.29609375 0.746875 0.08203125 0.09765625
0 0.35703125 0.7375 0.05390625 0.0921875
0 0.23046875 0.821875 0.06875 0.12578125
0 0.9125 0.89921875 0.05390625 0.078125
0 0.5359375 0.79453125 0.0578125 0.10859375
0 0.125 0.86640625 0.08359375 0.121875
0 0.4125 0.8328125 0.0625 0.09765625
0 0.8015625 0.740625 0.05546875 0.0921875
0 0.73203125 0.784375 0.06640625 0.10859375
0 0.50078125 0.72890625 0.05546875 0.10703125
0 0.05546875 0.69453125 0.065625 0.10859375
0 0.965625 0.7640625 0.05234375 0.1
0 0.05390625 0.8 0.06953125 0.11328125
0 0.553125 0.68828125 0.05 0.10859375
0 0.04921875 0.95078125 0.071875 0.096875
0 0.68671875 0.95390625 0.05625 0.0890625
0 0.4828125 0.646875 0.0484375 0.10703125
0 0.95 0.95078125 0.05546875 0.0921875
0 0.328125 0.971875 0.05625 0.0546875
0 0.1484375 0.61796875 0.07265625 0.12578125
0 0.50859375 0.96640625 0.04296875 0.0671875
0 0.853125 0.96953125 0.0625 0.0609375
0 0.31171875 0.66015625 0.05625 0.078125