0 0.10078125 0.03828125 0.05625 0.0765625
0 0.33671875 0.05625 0.0578125 0.1125
0 0.43671875 0.06953125 0.0890625 0.11171875
0 0.6375 0.09375 0.1078125 0.10078125
0 0.92890625 0.0734375 0.04921875 0.13125
0 0.84140625 0.15390625 0.07265625 0.08359375
0 0.96484375 0.0390625 0.0703125 0.078125
0 0.16015625 0.884375 0.06875 0.1265625
0 0.87265625 0.02734375 0.059375 0.0546875
0 0.6453125 0.80078125 0.08046875 0.20703125
0 0.1953125 0.59453125 0.07734375 0.15078125
0 0.6046875 0.54765625 0.0546875 0.109375
0 0.309375 0.68671875 0.071875 0.15859375
0 0.68984375 0.925 0.0578125 0.11484375
0 0.37578125 0.5359375 0.05546875 0.12890625
0 0.86875 0.9015625 0.0640625 0.14140625
0 0.69375 0.01796875 0.040625 0.0359375
0 0.2453125 0.78203125 0.07890625 0.14140625
0 0.83359375 0.67890625 0.08515625 0.121875
0 0.48203125 0.7171875 0.07109375 0.14375
0 0.06015625 0.3421875 0.059375 0.09921875
0 0.97265625 0.4734375 0.0546875 0.11484375
0 0.215625 0.48359375 0.0953125 0.10625
0 0.77890625 0.9359375 0.0609375 0.1078125
0 0.38671875 0.93046875 0.06640625 0.06640625
0 0.815625 0.528125 0.09140625 0.17109375
0 0.93515625 0.68984375 0.059375 0.15625
0 0.7328125 0.50078125 0.05859375 0.140625
0 0.08046875 0.85078125 0.07578125 0.1359375
0 0.040625 0.50078125 0.08125 0.10859375
0 0.03671875 0.67265625 0.07265625 0.11015625
0 0.575 0.37109375 0.040625 0.0546875
0 0.5890625 0.9125 0.059375 0.12890625
0 0.94375 0.9609375 0.07109375 0.0703125
0 0.103125 0.715625 0.10078125 0.0890625
0 0.1296875 0.7875 0.084375 0.08515625
0 0.40859375 0.8453125 0.1109375 0.09375
0 0.53046875 0.82578125 0.07890625 0.09765625
0 0.5171875 0.8765625 0.04296875 0.0875
0 0.07890625 0.90546875 0.06015625 0.0875
0 0.3453125 0.36171875 0.084375 0.07734375
0 0.53125 0.9328125 0.0625 0.0703125
0 0.82421875 0.915625 0.04609375 0.12109375