0 0.2484375 0.2671875 0.09296875 0.128125
0 0.02890625 0.18359375 0.0578125 0.20546875
0 0.14296875 0.16640625 0.0703125 0.1640625
0 0.33359375 0.2796875 0.0734375 0.16953125
0 0.93046875 0.29765625 0.0625 0.11953125
0 0.1546875 0.90234375 0.07421875 0.14453125
0 0.93046875 0.4578125 0.0578125 0.1203125
0 0.8125 0.4375 0.053125 0.16171875
0 0.86484375 0.32578125 0.05 0.15234375
0 0.06953125 0.52421875 0.07578125 0.15703125
0 0.946875 0.5859375 0.05234375 0.1453125
0 0.96015625 0.0625 0.078125 0.09375
0 0.8625 0.465625 0.0546875 0.12421875
0 0.45078125 0.41640625 0.0765625 0.16015625
0 0.6234375 0.546875 0.06171875 0.17734375
0 0.971875 0.73515625 0.05625 0.12265625
0 0.8890625 0.58515625 0.04921875 0.1484375
0 0.9640625 0.15703125 0.04921875 0.109375
0 0.37421875 0.73671875 0.08203125 0.1140625
0 0.34296875 0.84609375 0.09453125 0.15078125
0 0.08046875 0.6484375 0.071875 0.18828125
0 0.38046875 0.4765625 0.0859375 0.1359375
0 0.971875 0.8796875 0.05625 0.12890625
0 0.14375 0.61015625 0.0796875 0.18984375
0 0.8453125 0.715625 0.05078125 0.15703125
0 0.52734375 0.86796875 0.071875 0.16015625
0 0.215625 0.61796875 0.0984375 0.23359375
0 0.9109375 0.775 0.05390625 0.16015625
0 0.4203125 0.95703125 0.05703125 0.0859375
0 0.3953125 0.59765625 0.07265625 0.175
0 0.496875 0.30859375 0.0546875 0.16328125
0 0.271875 0.58125 0.06875 0.19609375
0 0.7828125 0.9546875 0.07890625 0.08984375
0 0.60546875 0.834375 0.07890625 0.15
0 0.28515625 0.44453125 0.06953125 0.178125
0 0.5046875 0.54140625 0.0953125 0.146875
0 0.52421875 0.73515625 0.07734375 0.1078125
0 0.79375 0.73671875 0.07578125 0.1578125
0 0.56953125 0.63125 0.06015625 0.15
0 0.53203125 0.61484375 0.06953125 0.1421875
0 0.721875 0.83984375 0.0703125 0.1078125
0 0.5609375 0.4671875 0.05234375 0.15078125
0 0.7171875 0.95703125 0.0609375 0.08359375
0 0.665625 0.95390625 0.05859375 0.09140625
0 0.59140625 0.93671875 0.06796875 0.11640625
0 0.853125 0.97578125 0.07109375 0.04765625
0 0.3171875 0.5484375 0.0546875 0.16171875
0 0.5328125 0.36796875 0.04453125 0.1390625
0 0.9359375 0.75078125 0.040625 0.13125
0 0.34921875 0.6140625 0.053125 0.20390625
0 0.21796875 0.9796875 0.06875 0.0390625
0 0.56796875 0.759375 0.05859375 0.12265625
0 0.484375 0.975 0.0484375 0.05
0 0.0265625 0.93125 0.053125 0.1203125
0 0.5171875 0.44375 0.05859375 0.13359375
0 0.92890625 0.98359375 0.05078125 0.03203125
0 0.76796875 0.78671875 0.05390625 0.1453125