0 0.3203125 0.08515625 0.134375 0.1203125
0 0.7171875 0.121875 0.134375 0.16640625
0 0.61328125 0.43984375 0.1109375 0.1765625
0 0.928125 0.1515625 0.13359375 0.14296875
0 0.0765625 0.44296875 0.1234375 0.12890625
0 0.10234375 0.63359375 0.109375 0.16484375
0 0.42578125 0.8875 0.09453125 0.12734375
0 0.08125 0.09140625 0.10234375 0.16875
0 0.5140625 0.0328125 0.08984375 0.065625
0 0.3984375 0.7109375 0.09296875 0.1734375
0 0.1890625 0.08359375 0.06953125 0.1671875
0 0.1109375 0.871875 0.0828125 0.16796875
0 0.22578125 0.7140625 0.08359375 0.10703125
0 0.7609375 0.809375 0.11015625 0.09453125
0 0.209375 0.88359375 0.08203125 0.153125
0 0.80078125 0.9390625 0.07421875 0.1125
0 0.6375 0.79609375 0.09609375 0.22109375
0 0.03828125 0.86875 0.07578125 0.14765625
0 0.025 0.62421875 0.04921875 0.1609375
0 0.32265625 0.83046875 0.0671875 0.2140625