0 0.4515625 0.04609375 0.06328125 0.0828125
0 0.70546875 0.06640625 0.059375 0.12890625
0 0.47734375 0.57109375 0.06796875 0.15078125
0 0.71171875 0.49609375 0.06796875 0.1296875
0 0.78203125 0.421875 0.04453125 0.15234375
0 0.7609375 0.509375 0.03359375 0.10546875
0 0.77890625 0.56875 0.0484375 0.08359375
0 0.7953125 0.609375 0.04609375 0.11875
0 0.8375 0.50234375 0.05390625 0.20546875
0 0.8484375 0.6765625 0.09765625 0.18828125
0 0.9015625 0.4328125 0.06640625 0.1671875
0 0.97890625 0.55546875 0.0390625 0.134375
0 0.178125 0.31953125 0.05390625 0.15703125
0 0.275 0.653125 0.05859375 0.16484375
0 0.56171875 0.81875 0.090625 0.14375
0 0.0640625 0.4640625 0.05390625 0.1296875
0 0.75703125 0.90625 0.075 0.13671875
0 0.403125 0.81171875 0.05703125 0.2015625
0 0.24921875 0.825 0.06953125 0.14609375
0 0.03359375 0.75546875 0.04453125 0.14765625
0 0.03359375 0.58125 0.059375 0.11953125
0 0.890625 0.96875 0.08203125 0.06171875
0 0.57578125 0.92890625 0.0609375 0.1421875
0 0.2359375 0.740625 0.0515625 0.14609375
0 0.0125 0.73046875 0.025 0.1625
0 0.64140625 0.85 0.06171875 0.13671875
0 0.0828125 0.6109375 0.071875 0.15625
0 0.24375 0.959375 0.0671875 0.08125
0 0.43515625 0.9296875 0.06171875 0.13984375
0 0.3578125 0.8921875 0.0546875 0.1984375
0 0.825 0.88515625 0.07109375 0.17578125
0 0.4875 0.92890625 0.06171875 0.1046875
0 0.01484375 0.9546875 0.0296875 0.090625