0 0.73125 0.74296875 0.10625 0.1140625
0 0.365625 0.7484375 0.07890625 0.13203125
0 0.20234375 0.6203125 0.0734375 0.1453125
0 0.4359375 0.365625 0.0765625 0.08203125
0 0.96953125 0.63125 0.0609375 0.1125
0 0.7359375 0.9109375 0.0625 0.125
0 0.44140625 0.8484375 0.09921875 0.125
0 0.0296875 0.4640625 0.05703125 0.12578125
0 0.84765625 0.69765625 0.04609375 0.11953125
0 0.22890625 0.89921875 0.06953125 0.0984375
0 0.2578125 0.8328125 0.065625 0.16171875
0 0.3671875 0.9171875 0.0640625 0.096875
0 0.3140625 0.8765625 0.05625 0.1453125