0 0.50546875 0.16953125 0.10390625 0.1609375
0 0.265625 0.25234375 0.08984375 0.2140625
0 0.134375 0.20625 0.071875 0.21953125
0 0.0875 0.1390625 0.05625 0.25078125
0 0.03046875 0.14140625 0.0546875 0.24453125
0 0.15390625 0.05859375 0.07734375 0.1171875
0 0.12109375 0.71015625 0.0671875 0.2140625
0 0.209375 0.725 0.07265625 0.140625
0 0.1375 0.44609375 0.0625 0.22890625
0 0.28046875 0.8859375 0.0890625 0.215625
0 0.34375 0.80703125 0.12421875 0.12109375
0 0.5296875 0.83359375 0.10234375 0.14921875
0 0.3859375 0.928125 0.10546875 0.14375
0 0.6703125 0.12578125 0.07578125 0.17265625
0 0.54765625 0.10859375 0.08671875 0.209375
0 0.79453125 0.0953125 0.07421875 0.1875
0 0.96015625 0.7921875 0.07734375 0.146875
0 0.03984375 0.87265625 0.07890625 0.24296875
0 0.853125 0.92265625 0.08203125 0.1484375
0 0.96015625 0.19375 0.0796875 0.128125
0 0.72109375 0.26171875 0.11328125 0.11328125
0 0.8875 0.6265625 0.08203125 0.1453125
0 0.03125 0.65546875 0.0609375 0.190625
0 0.846875 0.4703125 0.10625 0.1484375
0 0.56328125 0.63359375 0.08828125 0.1875
0 0.93046875 0.5078125 0.06875 0.15859375
0 0.634375 0.653125 0.07890625 0.22265625
0 0.703125 0.69140625 0.0859375 0.17890625
0 0.46484375 0.51484375 0.1 0.1484375
0 0.4609375 0.3796875 0.1015625 0.15078125
0 0.51875 0.596875 0.0921875 0.2140625
0 0.72734375 0.4640625 0.10625 0.11328125
0 0.784375 0.64140625 0.090625 0.13984375
0 0.9765625 0.4703125 0.04609375 0.15078125
0 0.53046875 0.2953125 0.075 0.0890625
0 0.9484375 0.38125 0.09296875 0.08671875
0 0.70234375 0.565625 0.08515625 0.134375
0 0.73984375 0.3625 0.0921875 0.09453125