0 0.390625 0.14375 0.06328125 0.15390625
0 0.2015625 0.13046875 0.084375 0.12265625
0 0.321875 0.6890625 0.10859375 0.13046875
0 0.09140625 0.5640625 0.1390625 0.146875
0 0.93125 0.1328125 0.059375 0.115625
0 0.5078125 0.17421875 0.0890625 0.0796875
0 0.19140625 0.3390625 0.075 0.15234375
0 0.26484375 0.34375 0.06484375 0.1546875
0 0.04765625 0.39609375 0.0859375 0.20078125
0 0.55390625 0.253125 0.1015625 0.06953125
0 0.68984375 0.3609375 0.08046875 0.1671875
0 0.9625 0.51171875 0.07265625 0.15625
0 0.7796875 0.06875 0.09921875 0.13671875
0 0.80703125 0.475 0.0671875 0.14375
0 0.12109375 0.28984375 0.06640625 0.13359375
0 0.86640625 0.48671875 0.06875 0.18203125
0 0.78125 0.20546875 0.071875 0.11484375
0 0.553125 0.34921875 0.09296875 0.16015625
0 0.7546875 0.4984375 0.0796875 0.1921875
0 0.97265625 0.17578125 0.05390625 0.06328125
0 0.41640625 0.54453125 0.07421875 0.1625
0 0.49140625 0.4796875 0.10234375 0.15390625
0 0.37421875 0.478125 0.07578125 0.16796875
0 0.97578125 0.05 0.0484375 0.09765625
0 0.29765625 0.21171875 0.09921875 0.10703125
0 0.31171875 0.45 0.09140625 0.165625
0 0.75625 0.31953125 0.07890625 0.13828125
0 0.928125 0.425 0.09921875 0.09453125
0 0.45625 0.37421875 0.075 0.1390625
0 0.878125 0.15078125 0.053125 0.13671875
0 0.8375 0.165625 0.059375 0.11875
0 0.7703125 0.76796875 0.06484375 0.19921875
0 0.70703125 0.79375 0.0859375 0.20703125
0 0.83125 0.2984375 0.053125 0.15390625
0 0.346875 0.35703125 0.05625 0.1203125