0 0.23203125 0.396875 0.12421875 0.1390625
0 0.05625 0.18515625 0.109375 0.1203125
0 0.7546875 0.390625 0.115625 0.11875
0 0.95859375 0.5140625 0.0828125 0.109375
0 0.40625 0.07578125 0.134375 0.14140625
0 0.48828125 0.53828125 0.06953125 0.21875
0 0.78828125 0.82734375 0.0734375 0.128125
0 0.64921875 0.69453125 0.09296875 0.0828125
0 0.0390625 0.759375 0.078125 0.165625
0 0.41171875 0.9171875 0.10078125 0.1625
0 0.1609375 0.7453125 0.0828125 0.16484375
0 0.5671875 0.8796875 0.08046875 0.18125
0 0.2390625 0.6828125 0.0765625 0.209375
0 0.44375 0.70390625 0.0828125 0.14921875
0 0.7984375 0.67109375 0.10390625 0.07890625
0 0.87578125 0.61875 0.07890625 0.14375
0 0.29453125 0.784375 0.065625 0.2140625
0 0.20625 0.9296875 0.096875 0.140625
0 0.69609375 0.8484375 0.07890625 0.13125
0 0.721875 0.9171875 0.0765625 0.159375