0 0.42109375 0.309375 0.12421875 0.11796875
0 0.32109375 0.2546875 0.0921875 0.14765625
0 0.66015625 0.63984375 0.08984375 0.1671875
0 0.234375 0.59296875 0.11875 0.1265625
0 0.05859375 0.296875 0.1140625 0.1578125
0 0.17734375 0.4921875 0.10390625 0.1984375
0 0.5046875 0.6984375 0.09921875 0.1234375
0 0.125 0.728125 0.109375 0.1703125
0 0.3625 0.89375 0.1125 0.13046875
0 0.38359375 0.6921875 0.08828125 0.1828125
0 0.6625 0.796875 0.0859375 0.16953125
0 0.85625 0.634375 0.0875 0.115625
0 0.57578125 0.80625 0.06953125 0.196875
0 0.0453125 0.93046875 0.071875 0.12890625
0 0.47890625 0.88046875 0.08984375 0.15546875
0 0.96171875 0.66171875 0.0765625 0.1390625
0 0.271875 0.896875 0.08046875 0.12265625
0 0.171875 0.9140625 0.0796875 0.11640625
0 0.86328125 0.7921875 0.121875 0.2015625
0 0.12421875 0.8484375 0.10859375 0.11640625