0 0.2921875 0.64765625 0.1 0.134375
0 0.83671875 0.91484375 0.0828125 0.1546875
0 0.30859375 0.29140625 0.0515625 0.165625
0 0.365625 0.271875 0.053125 0.15078125
0 0.4015625 0.24765625 0.06484375 0.14375
0 0.41796875 0.17734375 0.10546875 0.1015625
0 0.2921875 0.16328125 0.07109375 0.09921875
0 0.63671875 0.13046875 0.06484375 0.0953125
0 0.7 0.1640625 0.04453125 0.1109375
0 0.7734375 0.2859375 0.0328125 0.13203125
0 0.8453125 0.1046875 0.08203125 0.06015625
0 0.8171875 0.2890625 0.04765625 0.11796875
0 0.88828125 0.14921875 0.05546875 0.08359375
0 0.44375 0.1078125 0.065625 0.071875
0 0.18515625 0.0828125 0.0859375 0.084375
0 0.4125 0.0234375 0.06640625 0.0421875
0 0.1984375 0.15234375 0.0703125 0.115625
0 0.8515625 0.228125 0.08671875 0.12734375
0 0.01796875 0.09296875 0.0359375 0.07890625
0 0.20234375 0.02109375 0.09921875 0.040625
0 0.96171875 0.20078125 0.0765625 0.1125
0 0.6859375 0.03828125 0.05625 0.04296875
0 0.721875 0.2640625 0.05859375 0.13046875