0 0.665625 0.68359375 0.05703125 0.20625
0 0.35703125 0.5390625 0.09453125 0.16015625
0 0.16328125 0.7890625 0.07109375 0.19296875
0 0.72421875 0.4 0.0546875 0.1390625
0 0.46328125 0.509375 0.0984375 0.11796875
0 0.1140625 0.121875 0.06015625 0.16640625
0 0.3453125 0.3140625 0.0671875 0.19296875
0 0.53828125 0.38515625 0.09375 0.1109375
0 0.2265625 0.25859375 0.08515625 0.16015625
0 0.75078125 0.28046875 0.03125 0.14140625
0 0.7875 0.278125 0.03203125 0.1390625
0 0.83125 0.2375 0.0609375 0.1375
0 0.67890625 0.2171875 0.05546875 0.1203125
0 0.7046875 0.26953125 0.04375 0.1171875
0 0.3046875 0.2421875 0.0640625 0.1421875
0 0.44140625 0.23671875 0.06328125 0.17734375
0 0.3953125 0.253125 0.06640625 0.1453125
0 0.43828125 0.11484375 0.06484375 0.10859375
0 0.86015625 0.15703125 0.06875 0.11328125
0 0.2 0.1953125 0.08046875 0.16328125
0 0.8578125 0.209375 0.05390625 0.10078125
0 0.20390625 0.08984375 0.07421875 0.08828125
0 0.628125 0.09921875 0.08046875 0.0828125
0 0.03203125 0.934375 0.040625 0.115625
0 0.659375 0.17109375 0.071875 0.1078125