0 0.2875 0.225 0.05625 0.1125
0 0.115625 0.0890625 0.06484375 0.15390625
0 0.85390625 0.2859375 0.1109375 0.121875
0 0.72265625 0.42578125 0.08671875 0.10859375
0 0.76796875 0.58359375 0.078125 0.1640625
0 0.50859375 0.4484375 0.0796875 0.165625
0 0.15078125 0.39765625 0.0609375 0.1515625
0 0.5375 0.57890625 0.078125 0.16796875
0 0.40234375 0.440625 0.0734375 0.12265625
0 0.91640625 0.68125 0.08671875 0.128125
0 0.4078125 0.5796875 0.07578125 0.1484375
0 0.33828125 0.42578125 0.0640625 0.14296875
0 0.18828125 0.45546875 0.07265625 0.11953125
0 0.290625 0.4359375 0.06171875 0.128125
0 0.96171875 0.7671875 0.0765625 0.13203125
0 0.571875 0.6453125 0.07578125 0.11484375
0 0.55234375 0.79453125 0.075 0.10703125
0 0.0703125 0.9234375 0.07421875 0.1453125
0 0.0546875 0.70390625 0.06015625 0.15625
0 0.15625 0.646875 0.06015625 0.16171875
0 0.5421875 0.94296875 0.06328125 0.11328125
0 0.40078125 0.80390625 0.0765625 0.12109375
0 0.028125 0.27421875 0.0546875 0.103125
0 0.22109375 0.59921875 0.05703125 0.16875
0 0.0296875 0.5609375 0.0484375 0.13359375
0 0.9484375 0.9453125 0.08359375 0.10390625
0 0.0328125 0.83359375 0.0578125 0.109375
0 0.2484375 0.8125 0.06953125 0.140625
0 0.4515625 0.9609375 0.0765625 0.075
0 0.6609375 0.9328125 0.065625 0.134375
0 0.32734375 0.8921875 0.06875 0.1984375
0 0.6140625 0.71015625 0.08046875 0.10390625
0 0.8421875 0.83671875 0.08125 0.10546875
0 0.02734375 0.4 0.0515625 0.121875
0 0.8140625 0.92890625 0.10078125 0.10859375
0 0.15703125 0.53125 0.053125 0.10546875
0 0.3640625 0.8609375 0.0671875 0.159375
0 0.76796875 0.725 0.07421875 0.08125
0 0.6109375 0.95234375 0.04921875 0.0921875
0 0.2796875 0.87265625 0.05078125 0.1984375
0 0.34765625 0.546875 0.06953125 0.09140625