0 0.478125 0.590625 0.06640625 0.10078125
0 0.6609375 0.66015625 0.06953125 0.0953125
0 0.42109375 0.85703125 0.0546875 0.1203125
0 0.5125 0.884375 0.06171875 0.13671875
0 0.1390625 0.84609375 0.08515625 0.09140625
0 0.69609375 0.9 0.07109375 0.08515625
0 0.82890625 0.1703125 0.0421875 0.10078125
0 0.9 0.18125 0.046875 0.08203125
0 0.1625 0.1515625 0.05546875 0.11015625
0 0.16484375 0.06484375 0.0359375 0.10390625
0 0.82578125 0.63125 0.05234375 0.09921875
0 0.10234375 0.94453125 0.04921875 0.1109375