0 0.38984375 0.1515625 0.05546875 0.10859375
0 0.6140625 0.21640625 0.053125 0.16171875
0 0.55390625 0.09296875 0.0671875 0.12265625
0 0.2 0.4328125 0.05703125 0.19375
0 0.09375 0.5421875 0.05859375 0.13671875
0 0.32109375 0.64921875 0.08203125 0.10234375
0 0.28125 0.89765625 0.07265625 0.16328125
0 0.8171875 0.8609375 0.1015625 0.11328125
0 0.79140625 0.7578125 0.0984375 0.10703125
0 0.4875 0.759375 0.1125 0.16640625
0 0.971875 0.584375 0.05625 0.1109375
0 0.58359375 0.7578125 0.09765625 0.1078125
0 0.83125 0.1078125 0.0796875 0.1203125
0 0.96875 0.79921875 0.0625 0.1703125
0 0.9515625 0.2953125 0.07578125 0.1234375
0 0.0359375 0.4453125 0.071875 0.12265625
0 0.809375 0.6359375 0.06953125 0.1578125
0 0.25390625 0.1796875 0.1109375 0.17265625
0 0.04140625 0.37109375 0.0828125 0.0875
0 0.959375 0.675 0.08125 0.109375
0 0.571875 0.53671875 0.0828125 0.1703125
0 0.6984375 0.12578125 0.0859375 0.1015625
0 0.73515625 0.03125 0.0859375 0.059375
0 0.32734375 0.534375 0.06328125 0.146875
0 0.846875 0.6421875 0.06015625 0.15
0 0.89921875 0.60078125 0.08125 0.11015625
0 0.30078125 0.1296875 0.1 0.1984375
0 0.284375 0.47890625 0.08359375 0.11875
0 0.71640625 0.684375 0.109375 0.16484375
0 0.88828125 0.265625 0.0796875 0.1578125
0 0.725 0.5453125 0.07109375 0.1390625
0 0.7546875 0.27421875 0.05546875 0.10390625
0 0.109375 0.234375 0.084375 0.13203125
0 0.5484375 0.66796875 0.121875 0.1390625
0 0.73359375 0.1984375 0.075 0.11640625
0 0.0390625 0.2890625 0.078125 0.08203125
0 0.6515625 0.54140625 0.08203125 0.22421875
0 0.58515625 0.44921875 0.07109375 0.09609375
0 0.47734375 0.453125 0.07890625 0.10390625
0 0.7078125 0.2890625 0.0671875 0.08203125
0 0.5453125 0.35390625 0.06875 0.06953125
0 0.47578125 0.5453125 0.084375 0.14140625
0 0.40546875 0.53828125 0.07734375 0.1484375
0 0.69375 0.440625 0.0703125 0.0984375
0 0.66171875 0.228125 0.0609375 0.10859375
0 0.20703125 0.2390625 0.08515625 0.1328125
0 0.796875 0.234375 0.06328125 0.0921875
0 0.48203125 0.35703125 0.07265625 0.09765625
0 0.453125 0.2734375 0.07734375 0.10390625
0 0.30703125 0.3671875 0.0578125 0.12734375
0 0.85625 0.51953125 0.053125 0.1046875