0 0.096875 0.59453125 0.0734375 0.07265625
0 0.47890625 0.79296875 0.08125 0.1203125
0 0.5703125 0.7234375 0.065625 0.11640625
0 0.6671875 0.7390625 0.09296875 0.115625
0 0.7625 0.696875 0.08203125 0.115625
0 0.1953125 0.87421875 0.07109375 0.1015625
0 0.90546875 0.50703125 0.05703125 0.1390625
0 0.9578125 0.74921875 0.0828125 0.11796875
0 0.878125 0.6859375 0.08125 0.10625
0 0.8453125 0.60078125 0.065625 0.1484375
0 0.1484375 0.7546875 0.04453125 0.0921875
0 0.47890625 0.58359375 0.0640625 0.12578125
0 0.25234375 0.79140625 0.0640625 0.078125
0 0.5421875 0.5828125 0.06875 0.0703125
0 0.80703125 0.475 0.075 0.1
0 0.36875 0.4828125 0.078125 0.10234375
0 0.340625 0.44375 0.05390625 0.1046875
0 0.45078125 0.3375 0.0640625 0.09765625
0 0.375 0.3546875 0.0546875 0.10546875
0 0.7109375 0.6109375 0.053125 0.10234375
0 0.65625 0.64765625 0.07265625 0.09453125
0 0.4515625 0.40234375 0.065625 0.103125
0 0.25390625 0.87734375 0.05859375 0.13203125
0 0.58125 0.67890625 0.03515625 0.0671875