0 0.39140625 0.80078125 0.05390625 0.1234375
0 0.35859375 0.9078125 0.04453125 0.0859375
0 0.684375 0.87890625 0.05078125 0.11171875
0 0.09375 0.909375 0.040625 0.11015625
0 0.7859375 0.66015625 0.07734375 0.134375
0 0.91328125 0.0703125 0.05546875 0.1109375
0 0.7359375 0.38046875 0.0515625 0.10078125
0 0.2953125 0.43671875 0.0625 0.08671875
0 0.03515625 0.79375 0.04296875 0.08828125
0 0.459375 0.4203125 0.0734375 0.08203125
0 0.14375 0.79453125 0.0421875 0.0953125
0 0.528125 0.903125 0.0484375 0.08828125
0 0.7984375 0.3828125 0.065625 0.11953125
0 0.97578125 0.3578125 0.0484375 0.1078125
0 0.9515625 0.884375 0.0421875 0.0796875
0 0.4828125 0.88359375 0.05625 0.10078125
0 0.60078125 0.3921875 0.06328125 0.08515625
0 0.346875 0.13984375 0.05 0.1265625
0 0.31640625 0.0953125 0.06640625 0.078125
0 0.5609375 0.4 0.05546875 0.08828125
0 0.15 0.5125 0.04296875 0.121875