0 0.84609375 0.34375 0.1109375 0.16015625
0 0.0796875 0.73671875 0.08125 0.1875
0 0.93671875 0.8578125 0.10390625 0.1625
0 0.79375 0.66015625 0.1359375 0.1296875
0 0.37109375 0.153125 0.08203125 0.203125
0 0.12734375 0.60234375 0.096875 0.15625
0 0.3953125 0.2984375 0.1046875 0.13828125
0 0.90546875 0.25390625 0.1234375 0.15859375
0 0.365625 0.7328125 0.08046875 0.1859375
0 0.31875 0.45 0.0796875 0.1515625
0 0.1640625 0.41875 0.10078125 0.18203125
0 0.475 0.88046875 0.115625 0.15703125
0 0.37734375 0.8640625 0.115625 0.128125
0 0.2484375 0.5078125 0.07890625 0.16171875
0 0.44140625 0.69453125 0.09140625 0.17734375
0 0.72421875 0.92734375 0.1109375 0.14453125
0 0.628125 0.3984375 0.12421875 0.20859375
0 0.5390625 0.53671875 0.115625 0.14375
0 0.5671875 0.24140625 0.0921875 0.16015625
0 0.53984375 0.4234375 0.08515625 0.1625
0 0.56015625 0.64765625 0.09296875 0.175