0 0.58359375 0.63671875 0.10625 0.134375
0 0.5546875 0.53359375 0.0890625 0.09453125
0 0.53515625 0.40390625 0.0828125 0.1125
0 0.4875 0.475 0.0578125 0.15546875
0 0.759375 0.55 0.0765625 0.14140625
0 0.8296875 0.603125 0.06328125 0.21015625
0 0.86875 0.540625 0.090625 0.11796875
0 0.90234375 0.46953125 0.07109375 0.1609375
0 0.95390625 0.44765625 0.0921875 0.1328125
0 0.7109375 0.5171875 0.09453125 0.1203125
0 0.69375 0.41875 0.084375 0.1125
0 0.61640625 0.47109375 0.07578125 0.13828125
0 0.59765625 0.36171875 0.06015625 0.08203125
0 0.8203125 0.803125 0.08125 0.14296875
0 0.91171875 0.86484375 0.1 0.11640625
0 0.6828125 0.93359375 0.0828125 0.1328125
0 0.47734375 0.84921875 0.10625 0.1234375
0 0.55546875 0.93359375 0.05859375 0.1328125
0 0.4921875 0.95546875 0.05703125 0.0890625
0 0.19140625 0.921875 0.07109375 0.1296875
0 0.2375 0.81796875 0.07734375 0.13125
0 0.03828125 0.62421875 0.0765625 0.1078125
0 0.0296875 0.6828125 0.059375 0.09375
0 0.02578125 0.80078125 0.0515625 0.1453125
0 0.20625 0.634375 0.07109375 0.13828125
0 0.3390625 0.62421875 0.071875 0.11484375
0 0.28984375 0.50859375 0.065625 0.1703125
0 0.1296875 0.45625 0.05546875 0.1625
0 0.34609375 0.49765625 0.0578125 0.17265625
0 0.2171875 0.4546875 0.084375 0.21953125
0 0.3046875 0.39296875 0.06328125 0.13046875
0 0.08203125 0.4375 0.0703125 0.17734375
0 0.4359375 0.4984375 0.0625 0.178125
0 0.38046875 0.49453125 0.06171875 0.1734375
0 0.496875 0.2765625 0.08671875 0.12578125
0 0.25703125 0.1171875 0.05625 0.15546875
0 0.83984375 0.23671875 0.065625 0.12890625
0 0.93125 0.2875 0.0875 0.06640625
0 0.58671875 0.27421875 0.08359375 0.1203125
0 0.13125 0.321875 0.08125 0.11015625
0 0.1296875 0.15078125 0.07109375 0.096875
0 0.3 0.1625 0.0765625 0.1171875
0 0.11328125 0.06796875 0.07734375 0.128125
0 0.16171875 0.97578125 0.06875 0.046875
0 0.2015625 0.34296875 0.06484375 0.13359375
0 0.3578125 0.05859375 0.07734375 0.1140625
0 0.7046875 0.0828125 0.0671875 0.1546875
0 0.70234375 0.1859375 0.06875 0.1484375
0 0.01875 0.39765625 0.0375 0.14921875
0 0.6546875 0.059375 0.1109375 0.115625
0 0.821875 0.0953125 0.0796875 0.1890625
0 0.296875 0.2578125 0.0578125 0.1078125
0 0.45234375 0.084375 0.08515625 0.11484375
0 0.7546875 0.11328125 0.0671875 0.22578125
0 0.9203125 0.20859375 0.0890625 0.1453125