0 0.34609375 0.465625 0.0703125 0.14453125
0 0.35390625 0.52890625 0.07265625 0.1578125
0 0.3984375 0.52890625 0.04296875 0.14921875
0 0.46328125 0.5328125 0.06171875 0.12734375
0 0.53828125 0.5 0.1203125 0.103125
0 0.56328125 0.37421875 0.0984375 0.12890625
0 0.421875 0.640625 0.103125 0.16015625
0 0.28359375 0.67578125 0.0828125 0.1171875
0 0.1453125 0.76953125 0.10078125 0.1015625
0 0.21875 0.81953125 0.09375 0.11640625
0 0.36015625 0.8265625 0.109375 0.10390625
0 0.475 0.88203125 0.140625 0.09921875
0 0.81484375 0.6734375 0.09921875 0.13359375
0 0.9 0.5140625 0.06953125 0.15
0 0.83125 0.48203125 0.096875 0.1484375
0 0.81953125 0.41953125 0.07890625 0.1046875
0 0.709375 0.39140625 0.05625 0.1390625
0 0.11484375 0.50703125 0.08125 0.125
0 0.62734375 0.36875 0.06171875 0.16484375
0 0.071875 0.59140625 0.06640625 0.13671875
0 0.7796875 0.34453125 0.09609375 0.10078125
0 0.34296875 0.3421875 0.06640625 0.07890625
0 0.125 0.446875 0.078125 0.0859375
0 0.2390625 0.18671875 0.09140625 0.12109375
0 0.4296875 0.1921875 0.05703125 0.1109375
0 0.9546875 0.4046875 0.08671875 0.125
0 0.13359375 0.37734375 0.08671875 0.0796875
0 0.165625 0.1078125 0.08203125 0.10703125
0 0.165625 0.22890625 0.06640625 0.12109375
0 0.53671875 0.19765625 0.06953125 0.1125
0 0.2171875 0.39375 0.059375 0.15390625
0 0.02421875 0.7484375 0.0484375 0.1296875
0 0.91015625 0.1359375 0.06171875 0.096875
0 0.48984375 0.17265625 0.06484375 0.14140625
0 0.671875 0.23984375 0.05546875 0.1234375
0 0.96875 0.121875 0.0625 0.1375
0 0.23203125 0.04296875 0.09765625 0.08515625
0 0.27265625 0.971875 0.0828125 0.05625
0 0.8640625 0.16796875 0.05078125 0.075
0 0.7984375 0.265625 0.0859375 0.04765625
0 0.01640625 0.63671875 0.0328125 0.1421875
0 0.38828125 0.23828125 0.06484375 0.05625