0 0.45234375 0.75390625 0.07578125 0.0796875
0 0.51796875 0.56953125 0.07421875 0.06640625
0 0.590625 0.6921875 0.07109375 0.09609375
0 0.43828125 0.5734375 0.07578125 0.10078125
0 0.6875 0.94609375 0.084375 0.09609375
0 0.55625 0.625 0.07265625 0.0875
0 0.33125 0.628125 0.10625 0.153125
0 0.6578125 0.5890625 0.08515625 0.12578125
0 0.78046875 0.76015625 0.071875 0.11953125
0 0.90859375 0.6828125 0.07421875 0.0984375
0 0.8140625 0.8765625 0.05546875 0.16484375
0 0.75234375 0.59921875 0.05234375 0.12109375
0 0.80546875 0.59921875 0.0546875 0.109375
0 0.5671875 0.97890625 0.0734375 0.0421875
0 0.85078125 0.58671875 0.05078125 0.07109375
0 0.9 0.58515625 0.0546875 0.0796875
0 0.9328125 0.621875 0.07734375 0.05234375