0 0.3546875 0.3828125 0.0640625 0.19609375
0 0.6421875 0.49296875 0.096875 0.1578125
0 0.409375 0.80078125 0.07265625 0.22734375
0 0.51796875 0.9125 0.1296875 0.153125
0 0.1015625 0.75625 0.07734375 0.2125
0 0.07109375 0.475 0.10390625 0.1796875
0 0.66875 0.91953125 0.09375 0.159375
0 0.0734375 0.91875 0.10234375 0.1609375
0 0.9015625 0.709375 0.09921875 0.1953125
0 0.83125 0.8859375 0.09296875 0.13828125
0 0.8734375 0.5625 0.08671875 0.109375
0 0.80859375 0.62265625 0.078125 0.15546875
0 0.7859375 0.76796875 0.09375 0.128125
0 0.86484375 0.80703125 0.08515625 0.11171875
0 0.29140625 0.87734375 0.07890625 0.12265625
0 0.24765625 0.8953125 0.07109375 0.20234375
0 0.32265625 0.96875 0.0765625 0.0625
0 0.0296875 0.94296875 0.059375 0.11171875