0 0.2984375 0.325 0.09921875 0.1875
0 0.40078125 0.334375 0.0703125 0.14921875
0 0.375 0.49765625 0.071875 0.16953125
0 0.54609375 0.403125 0.0546875 0.19296875
0 0.35859375 0.671875 0.0703125 0.184375
0 0.53828125 0.67890625 0.07109375 0.2375
0 0.675 0.64375 0.10234375 0.1484375
0 0.58515625 0.590625 0.0953125 0.16953125
0 0.709375 0.2453125 0.09296875 0.228125
0 0.396875 0.19375 0.11328125 0.17265625
0 0.44375 0.88515625 0.11328125 0.1953125
0 0.8953125 0.25703125 0.08125 0.1203125
0 0.67265625 0.4234375 0.09921875 0.153125
0 0.559375 0.228125 0.09921875 0.15078125
0 0.2265625 0.88125 0.13203125 0.18984375
0 0.03125 0.6765625 0.059375 0.1796875
0 0.103125 0.67265625 0.09765625 0.20546875
0 0.4703125 0.70390625 0.07109375 0.2171875
0 0.89140625 0.33828125 0.0890625 0.0828125
0 0.7796875 0.334375 0.05625 0.078125
0 0.1828125 0.72890625 0.08359375 0.13515625
0 0.56953125 0.89765625 0.12890625 0.13359375
0 0.95625 0.20078125 0.075 0.1734375
0 0.80078125 0.396875 0.115625 0.1984375
0 0.91953125 0.58046875 0.0828125 0.17421875
0 0.49921875 0.11875 0.0828125 0.234375
0 0.9734375 0.7 0.05 0.18515625
0 0.1890625 0.0421875 0.0984375 0.08359375
0 0.1015625 0.0359375 0.0984375 0.06875
0 0.6265625 0.05 0.1046875 0.0984375
0 0.9125 0.9203125 0.14296875 0.13828125
0 0.78984375 0.071875 0.08515625 0.1421875