0 0.05234375 0.4140625 0.08359375 0.15625
0 0.1984375 0.6625 0.06640625 0.16171875
0 0.35390625 0.7390625 0.07421875 0.1625
0 0.42734375 0.6734375 0.0484375 0.15
0 0.4328125 0.809375 0.0875 0.128125
0 0.5359375 0.89765625 0.075 0.125
0 0.85234375 0.9265625 0.0625 0.11875
0 0.56953125 0.65703125 0.0640625 0.2
0 0.8953125 0.58125 0.06015625 0.14765625
0 0.215625 0.78984375 0.08125 0.1625
0 0.08203125 0.93984375 0.08359375 0.1203125
0 0.565625 0.5015625 0.06640625 0.1375
0 0.50859375 0.4109375 0.06875 0.15390625
0 0.94609375 0.68671875 0.0484375 0.15390625
0 0.678125 0.4828125 0.05625 0.1609375
0 0.75703125 0.846875 0.06015625 0.15078125
0 0.65 0.721875 0.053125 0.17734375
0 0.64140625 0.303125 0.059375 0.11796875
0 0.59453125 0.8796875 0.05546875 0.10546875
0 0.928125 0.91328125 0.053125 0.1421875
0 0.896875 0.83125 0.0671875 0.11328125
0 0.8609375 0.7203125 0.05703125 0.13046875
0 0.8859375 0.45 0.0640625 0.1296875
0 0.37734375 0.3421875 0.053125 0.1046875
0 0.328125 0.41640625 0.05859375 0.1828125
0 0.2515625 0.44140625 0.05546875 0.1625
0 0.70703125 0.725 0.05859375 0.15390625
0 0.97734375 0.90703125 0.04453125 0.128125
0 0.20546875 0.375 0.08046875 0.11484375
0 0.54765625 0.30390625 0.059375 0.11171875
0 0.6296875 0.57109375 0.05 0.14921875
0 0.69375 0.94375 0.07734375 0.10859375
0 0.97578125 0.78125 0.0453125 0.125
0 0.8703125 0.2921875 0.05078125 0.15078125
0 0.9125 0.2765625 0.05625 0.140625
0 0.490625 0.2390625 0.0578125 0.14921875
0 0.78828125 0.9 0.065625 0.11640625
0 0.81171875 0.31015625 0.0609375 0.16015625
0 0.4515625 0.4 0.0578125 0.14140625
0 0.7453125 0.95390625 0.04921875 0.0875
0 0.7484375 0.1921875 0.0484375 0.14453125
0 0.3 0.33515625 0.0484375 0.096875
0 0.7546875 0.70546875 0.0515625 0.1453125
0 0.76171875 0.5984375 0.0546875 0.14609375
0 0.6671875 0.221875 0.06328125 0.12265625
0 0.21640625 0.18203125 0.07578125 0.1015625
0 0.6984375 0.63125 0.0515625 0.15390625
0 0.8078125 0.17890625 0.03671875 0.11640625