0 0.4828125 0.5765625 0.1015625 0.16015625
0 0.36640625 0.2140625 0.0953125 0.1859375
0 0.31171875 0.57578125 0.103125 0.20078125
0 0.63125 0.5359375 0.11875 0.16015625
0 0.59375 0.2796875 0.0859375 0.19140625
0 0.53828125 0.08046875 0.0859375 0.1609375
0 0.175 0.49375 0.103125 0.18515625
0 0.15234375 0.33984375 0.1015625 0.15625
0 0.521875 0.815625 0.115625 0.2015625
0 0.41953125 0.86875 0.11484375 0.203125
0 0.640625 0.85234375 0.10703125 0.1421875
0 0.7390625 0.8609375 0.0765625 0.16015625
0 0.815625 0.8484375 0.07421875 0.165625
0 0.60390625 0.1015625 0.078125 0.16171875