0 0.17578125 0.0375 0.1015625 0.07421875
0 0.35390625 0.234375 0.109375 0.1484375
0 0.559375 0.428125 0.13828125 0.15546875
0 0.71953125 0.4875 0.1140625 0.15546875
0 0.13125 0.4703125 0.10703125 0.13671875
0 0.09921875 0.87109375 0.12578125 0.15078125
0 0.9515625 0.16015625 0.096875 0.1375
0 0.45390625 0.684375 0.165625 0.134375
0 0.2453125 0.7921875 0.1125 0.134375
0 0.60078125 0.5828125 0.115625 0.15625
0 0.48671875 0.834375 0.12890625 0.15078125
0 0.86015625 0.7546875 0.09609375 0.13046875
0 0.76875 0.72578125 0.11171875 0.14765625
0 0.81484375 0.60859375 0.1109375 0.14609375
0 0.66484375 0.9109375 0.15078125 0.1546875
0 0.90859375 0.6203125 0.0890625 0.1796875
0 0.95859375 0.75859375 0.08203125 0.18515625
0 0.85390625 0.91328125 0.090625 0.1734375
0 0.7703125 0.87578125 0.09140625 0.15078125
0 0.9703125 0.93359375 0.05859375 0.1328125
0 0.08984375 0.95703125 0.09765625 0.0859375