0 0.72421875 0.49765625 0.08984375 0.1359375
0 0.278125 0.7859375 0.090625 0.128125
0 0.39765625 0.85859375 0.0734375 0.13671875
0 0.4625 0.85703125 0.0625 0.12265625
0 0.77890625 0.8484375 0.06484375 0.14375
0 0.82265625 0.87421875 0.05546875 0.1234375
0 0.8734375 0.871875 0.0625 0.13984375
0 0.9265625 0.890625 0.04375 0.10234375
0 0.7484375 0.928125 0.07421875 0.14375
0 0.26640625 0.371875 0.09296875 0.14453125
0 0.421875 0.3140625 0.0578125 0.11328125
0 0.11015625 0.37578125 0.0484375 0.18984375