0 0.303125 0.071875 0.0828125 0.13671875
0 0.16015625 0.1015625 0.08515625 0.12109375
0 0.18046875 0.03828125 0.0890625 0.0765625
0 0.45703125 0.31328125 0.10546875 0.08828125
0 0.9390625 0.1734375 0.12109375 0.1359375
0 0.49453125 0.034375 0.0828125 0.06875
0 0.5515625 0.0390625 0.05546875 0.078125
0 0.946875 0.5640625 0.06640625 0.17109375
0 0.93359375 0.6953125 0.07421875 0.12578125
0 0.9546875 0.82421875 0.078125 0.13359375
0 0.86328125 0.78203125 0.07109375 0.096875
0 0.809375 0.64375 0.08359375 0.0609375
0 0.9421875 0.68203125 0.09296875 0.1015625
0 0.584375 0.575 0.04921875 0.0453125
0 0.721875 0.76796875 0.0875 0.1171875
0 0.74921875 0.60078125 0.06328125 0.109375
0 0.1921875 0.8234375 0.0859375 0.12890625
0 0.521875 0.88828125 0.11484375 0.10078125
0 0.028125 0.36640625 0.0515625 0.0796875
0 0.4953125 0.6609375 0.0625 0.1234375
0 0.4296875 0.6546875 0.075 0.15625
0 0.56875 0.71796875 0.0921875 0.1453125
0 0.6453125 0.7140625 0.075 0.13828125
0 0.01640625 0.66171875 0.03203125 0.096875
0 0.02421875 0.56328125 0.046875 0.08203125
0 0.68984375 0.0375 0.0640625 0.0703125
0 0.0984375 0.934375 0.07109375 0.11484375
0 0.603125 0.62265625 0.075 0.08828125
0 0.240625 0.5890625 0.059375 0.1796875
0 0.025 0.24609375 0.040625 0.0921875
0 0.634375 0.5375 0.05859375 0.12578125
0 0.5484375 0.52109375 0.06953125 0.11796875
0 0.1828125 0.40078125 0.05546875 0.10078125
0 0.9296875 0.96796875 0.084375 0.0640625
0 0.690625 0.58359375 0.08671875 0.10703125
0 0.80859375 0.97265625 0.10546875 0.05390625
0 0.01328125 0.1640625 0.02578125 0.12578125
0 0.01875 0.45703125 0.0375 0.1203125
0 0.1078125 0.34609375 0.0703125 0.13984375
0 0.346875 0.4375 0.06875 0.14140625
0 0.36953125 0.58984375 0.06484375 0.07890625
0 0.34375 0.63984375 0.06171875 0.12421875
0 0.28984375 0.5765625 0.065625 0.11171875
0 0.27109375 0.4296875 0.04765625 0.1015625
0 0.23125 0.4078125 0.040625 0.09296875