0 0.1234375 0.271875 0.0796875 0.2046875
0 0.1875 0.5203125 0.07734375 0.1515625
0 0.365625 0.06328125 0.06953125 0.125
0 0.1609375 0.72578125 0.10390625 0.15703125
0 0.6828125 0.3640625 0.0859375 0.12890625
0 0.94921875 0.21875 0.06015625 0.12578125
0 0.81953125 0.25390625 0.05859375 0.11171875
0 0.496875 0.8015625 0.06328125 0.16015625
0 0.7234375 0.5140625 0.0609375 0.10703125
0 0.45390625 0.46875 0.0765625 0.103125
0 0.4546875 0.6125 0.0640625 0.1125
0 0.4359375 0.8078125 0.06328125 0.14609375
0 0.45859375 0.915625 0.08984375 0.11015625
0 0.58515625 0.7859375 0.046875 0.1859375
0 0.6734375 0.85234375 0.05234375 0.1703125
0 0.728125 0.80078125 0.0515625 0.146875
0 0.775 0.8140625 0.04765625 0.13203125
0 0.76875 0.90625 0.065625 0.14140625
0 0.803125 0.93359375 0.0484375 0.11796875
0 0.8390625 0.9296875 0.0375 0.140625
0 0.95 0.8578125 0.04765625 0.1359375
0 0.77265625 0.4546875 0.04609375 0.0890625