0 0.2609375 0.05078125 0.11640625 0.09765625
0 0.55390625 0.353125 0.0484375 0.13125
0 0.57890625 0.53203125 0.07890625 0.2140625
0 0.18046875 0.484375 0.0640625 0.1765625
0 0.81875 0.575 0.06796875 0.1640625
0 0.08515625 0.46640625 0.1 0.19453125
0 0.27265625 0.35625 0.05234375 0.16953125
0 0.9078125 0.521875 0.096875 0.2078125
0 0.7578125 0.5046875 0.10390625 0.178125
0 0.0359375 0.8609375 0.071875 0.18125
0 0.6375 0.44375 0.08359375 0.1046875
0 0.8625 0.375 0.09375 0.17734375
0 0.1203125 0.62421875 0.109375 0.14296875
0 0.278125 0.69375 0.10625 0.1453125
0 0.8078125 0.37734375 0.05859375 0.16015625
0 0.2578125 0.928125 0.078125 0.14375
0 0.71796875 0.3671875 0.08046875 0.1515625
0 0.2328125 0.41484375 0.075 0.128125
0 0.11875 0.41015625 0.08515625 0.1375