0 0.2859375 0.078125 0.103125 0.15625
0 0.1125 0.19765625 0.13515625 0.17265625
0 0.69921875 0.1078125 0.075 0.184375
0 0.71796875 0.496875 0.12265625 0.13515625
0 0.23203125 0.46640625 0.12734375 0.12578125
0 0.5015625 0.75703125 0.1 0.13828125
0 0.5390625 0.70078125 0.1171875 0.1234375
0 0.69609375 0.803125 0.06796875 0.19453125
0 0.82734375 0.89765625 0.096875 0.1984375
0 0.89296875 0.75078125 0.0875 0.2375
0 0.14921875 0.9 0.10859375 0.196875
0 0.046875 0.7234375 0.08984375 0.11484375
0 0.4078125 0.690625 0.1046875 0.09296875
0 0.3703125 0.76171875 0.08515625 0.2046875
0 0.79140625 0.7359375 0.125 0.1515625
0 0.28203125 0.7328125 0.11640625 0.178125
0 0.1515625 0.74921875 0.1203125 0.13828125
0 0.1734375 0.6375 0.09140625 0.10390625
0 0.97578125 0.74375 0.0484375 0.19375
0 0.2875 0.6265625 0.0765625 0.09765625
0 0.03359375 0.82578125 0.0671875 0.1703125