0 0.38046875 0.175 0.0890625 0.22421875
0 0.2609375 0.11953125 0.09296875 0.2046875
0 0.184375 0.07734375 0.090625 0.14765625
0 0.22265625 0.28984375 0.09765625 0.1265625
0 0.3203125 0.3375 0.11875 0.115625
0 0.17734375 0.3984375 0.1203125 0.134375
0 0.09140625 0.5046875 0.1140625 0.13828125
0 0.04140625 0.834375 0.0828125 0.20703125
0 0.45 0.8375 0.10078125 0.178125
0 0.521875 0.69453125 0.078125 0.23984375
0 0.43828125 0.57578125 0.0984375 0.09453125
0 0.55390625 0.24765625 0.1234375 0.11953125
0 0.1140625 0.19375 0.075 0.18125
0 0.64765625 0.69296875 0.10625 0.17734375
0 0.6828125 0.9390625 0.13671875 0.11953125
0 0.91015625 0.53515625 0.1140625 0.146875
0 0.47890625 0.1078125 0.109375 0.1390625
0 0.7203125 0.1953125 0.10234375 0.15703125
0 0.92890625 0.68984375 0.08046875 0.17109375
0 0.61171875 0.55390625 0.14140625 0.13203125
0 0.5390625 0.40234375 0.06484375 0.2078125
0 0.0640625 0.3265625 0.11640625 0.11328125
0 0.5640625 0.78125 0.08671875 0.22421875
0 0.796875 0.3359375 0.1046875 0.1046875
0 0.82421875 0.53203125 0.1 0.19375
0 0.96484375 0.18359375 0.0703125 0.2203125
0 0.365625 0.496875 0.06328125 0.11640625
0 0.82890625 0.95 0.0890625 0.1
0 0.77421875 0.6921875 0.103125 0.290625
0 0.05078125 0.15234375 0.0984375 0.18046875