0 0.59453125 0.26875 0.07421875 0.21484375
0 0.6 0.0953125 0.10390625 0.1234375
0 0.7359375 0.390625 0.07578125 0.203125
0 0.84609375 0.4015625 0.09609375 0.13671875
0 0.7625 0.6171875 0.0640625 0.17421875
0 0.34296875 0.46171875 0.07421875 0.146875
0 0.1609375 0.3578125 0.053125 0.18125
0 0.20546875 0.353125 0.04921875 0.165625
0 0.24765625 0.36875 0.06171875 0.140625
0 0.2515625 0.490625 0.05859375 0.1640625
0 0.046875 0.33515625 0.06640625 0.12890625
0 0.6546875 0.54453125 0.1 0.1890625
0 0.75703125 0.30546875 0.09375 0.1328125
0 0.9359375 0.65 0.07265625 0.1671875
0 0.49765625 0.51640625 0.0703125 0.14609375
0 0.91015625 0.5359375 0.084375 0.15625
0 0.0640625 0.38203125 0.06484375 0.10390625
0 0.50625 0.64296875 0.07265625 0.14453125
0 0.43203125 0.46953125 0.07890625 0.1296875
0 0.04453125 0.08125 0.06015625 0.15703125
0 0.209375 0.903125 0.05546875 0.153125
0 0.14375 0.7140625 0.05546875 0.1578125
0 0.49140625 0.38359375 0.08984375 0.12890625
0 0.1734375 0.8296875 0.0578125 0.15234375
0 0.42109375 0.071875 0.059375 0.13203125
0 0.35078125 0.059375 0.0796875 0.11875
0 0.2609375 0.0609375 0.06640625 0.12109375
0 0.86328125 0.2546875 0.0625 0.20625
0 0.8203125 0.17421875 0.09296875 0.15546875
0 0.584375 0.82890625 0.078125 0.12265625
0 0.19765625 0.05234375 0.05703125 0.10390625
0 0.48359375 0.81484375 0.08125 0.1296875
0 0.1453125 0.05703125 0.065625 0.11171875
0 0.36640625 0.8609375 0.06875 0.15
0 0.9203125 0.1546875 0.0765625 0.12890625
0 0.30625 0.87265625 0.08203125 0.16171875
0 0.634375 0.95390625 0.090625 0.0921875