0 0.64609375 0.89765625 0.04921875 0.1
0 0.8796875 0.96484375 0.0625 0.0703125
0 0.53984375 0.76484375 0.0421875 0.0765625
0 0.57890625 0.7609375 0.03125 0.07578125
0 0.6703125 0.73359375 0.0390625 0.08671875
0 0.5421875 0.83515625 0.053125 0.0625
0 0.6109375 0.82578125 0.05390625 0.1015625
0 0.61796875 0.740625 0.0359375 0.0640625
0 0.746875 0.7125 0.0484375 0.10390625
0 0.77109375 0.7671875 0.03671875 0.08671875
0 0.77734375 0.70078125 0.0390625 0.05546875
0 0.8078125 0.71328125 0.03984375 0.09609375
0 0.9109375 0.825 0.0609375 0.0875
0 0.87109375 0.86640625 0.0453125 0.07109375
0 0.51640625 0.8875 0.04140625 0.0625
0 0.36484375 0.81328125 0.040625 0.053125
0 0.40234375 0.8578125 0.0453125 0.04140625
0 0.39296875 0.9625 0.0390625 0.075
0 0.35 0.9625 0.03359375 0.075
0 0.315625 0.9640625 0.03203125 0.071875
0 0.27734375 0.95625 0.040625 0.0875
0 0.396875 0.90703125 0.05703125 0.05078125
0 0.49921875 0.80234375 0.03125 0.10546875
0 0.3125 0.903125 0.03203125 0.06171875
0 0.275 0.86796875 0.02734375 0.07578125
0 0.8984375 0.703125 0.05703125 0.0734375