0 0.446875 0.20546875 0.0828125 0.13828125
0 0.24921875 0.3828125 0.08203125 0.1484375
0 0.75078125 0.215625 0.078125 0.13515625
0 0.05390625 0.28828125 0.09765625 0.1671875
0 0.69375 0.5171875 0.078125 0.15234375
0 0.4390625 0.465625 0.103125 0.12734375
0 0.55859375 0.49140625 0.0875 0.159375
0 0.60859375 0.3515625 0.0734375 0.1796875
0 0.77421875 0.596875 0.08359375 0.2234375
0 0.9203125 0.234375 0.0671875 0.15859375
0 0.46953125 0.778125 0.115625 0.1140625
0 0.16171875 0.1234375 0.0671875 0.16171875
0 0.9203125 0.409375 0.07421875 0.1765625
0 0.4953125 0.078125 0.096875 0.1109375
0 0.2953125 0.234375 0.08984375 0.1359375
0 0.6203125 0.6171875 0.08671875 0.17578125
0 0.85859375 0.690625 0.06875 0.196875
0 0.615625 0.8875 0.078125 0.196875
0 0.0296875 0.1046875 0.059375 0.15859375
0 0.684375 0.6921875 0.10078125 0.128125
0 0.696875 0.8015625 0.09453125 0.15703125
0 0.24296875 0.1828125 0.09140625 0.11484375
0 0.96875 0.1890625 0.06171875 0.1140625
0 0.15 0.86484375 0.1078125 0.13359375
0 0.54765625 0.92265625 0.08515625 0.14765625
0 0.825 0.16875 0.07734375 0.10078125
0 0.7828125 0.9421875 0.071875 0.11484375
0 0.959375 0.0890625 0.08125 0.08125
0 0.24375 0.10390625 0.109375 0.07890625
0 0.90859375 0.91328125 0.0640625 0.17265625
0 0.96875 0.92265625 0.0625 0.1546875
0 0.875 0.9828125 0.078125 0.034375
0 0.02578125 0.95390625 0.0515625 0.0921875
0 0.55703125 0.69296875 0.08359375 0.14140625