0 0.6265625 0.77421875 0.05390625 0.084375
0 0.7671875 0.7046875 0.0375 0.08828125
0 0.30390625 0.8296875 0.0640625 0.0640625
0 0.596875 0.9609375 0.046875 0.078125
0 0.53203125 0.86796875 0.0453125 0.0796875
0 0.5796875 0.81875 0.06171875 0.07109375
0 0.61953125 0.88125 0.06796875 0.06640625
0 0.64609375 0.93203125 0.05703125 0.07890625
0 0.725 0.9390625 0.06171875 0.08515625
0 0.7875 0.8453125 0.03203125 0.0671875
0 0.78125 0.7890625 0.05703125 0.05234375
0 0.8171875 0.71328125 0.04765625 0.0921875
0 0.68359375 0.753125 0.05546875 0.0578125
0 0.90234375 0.84140625 0.04296875 0.11328125
0 0.95390625 0.8234375 0.05859375 0.08515625
0 0.884375 0.784375 0.0453125 0.08828125
0 0.5109375 0.94296875 0.0515625 0.0640625
0 0.4046875 0.94765625 0.03671875 0.0921875
0 0.33515625 0.96015625 0.03515625 0.06796875
0 0.39765625 0.80390625 0.05703125 0.05078125
0 0.5765625 0.759375 0.0453125 0.075
0 0.5453125 0.76875 0.03828125 0.06875