0 0.44140625 0.7296875 0.08515625 0.2375
0 0.0625 0.75390625 0.125 0.165625
0 0.378125 0.371875 0.07265625 0.15703125
0 0.471875 0.4734375 0.0859375 0.13125
0 0.69375 0.92265625 0.11015625 0.15
0 0.5765625 0.4859375 0.103125 0.14140625
0 0.2875 0.571875 0.1 0.17265625
0 0.653125 0.5390625 0.0625 0.2078125
0 0.12578125 0.53984375 0.1 0.1546875
0 0.96875 0.8421875 0.0625 0.16484375
0 0.71953125 0.521875 0.09453125 0.19296875
0 0.30078125 0.45859375 0.115625 0.1171875
0 0.1171875 0.3890625 0.090625 0.14375
0 0.8234375 0.11875 0.0578125 0.1296875
0 0.64140625 0.23125 0.07265625 0.18828125
0 0.1953125 0.46953125 0.07890625 0.14453125
0 0.9 0.16328125 0.0859375 0.16015625