0 0.40078125 0.29609375 0.14375 0.1359375
0 0.63984375 0.56875 0.13671875 0.1515625
0 0.703125 0.759375 0.115625 0.13203125
0 0.94765625 0.11953125 0.1015625 0.14375
0 0.8640625 0.48125 0.16953125 0.134375
0 0.096875 0.60859375 0.0859375 0.196875
0 0.6390625 0.9359375 0.090625 0.128125
0 0.07109375 0.80390625 0.08671875 0.09453125
0 0.16796875 0.71953125 0.0984375 0.07421875
0 0.43515625 0.74609375 0.09765625 0.10625
0 0.24921875 0.8734375 0.09765625 0.1671875
0 0.359375 0.7140625 0.0703125 0.153125
0 0.83359375 0.08515625 0.11171875 0.1515625
0 0.221875 0.0953125 0.05703125 0.140625
0 0.7 0.35859375 0.0953125 0.15234375
0 0.38125 0.91640625 0.06796875 0.1671875
0 0.06640625 0.09375 0.121875 0.1375
0 0.528125 0.8953125 0.1203125 0.11640625
0 0.92109375 0.94609375 0.0734375 0.10546875
0 0.5234375 0.73359375 0.08125 0.1625
0 0.86953125 0.80859375 0.0953125 0.12890625
0 0.73828125 0.115625 0.09140625 0.14921875
0 0.753125 0.23984375 0.13515625 0.14296875
0 0.7328125 0.88984375 0.11328125 0.1234375
0 0.7875 0.340625 0.090625 0.11953125
0 0.16640625 0.0609375 0.07734375 0.11640625