0 0.92578125 0.7234375 0.06796875 0.07421875
0 0.465625 0.965625 0.06875 0.06640625
0 0.83984375 0.86953125 0.03203125 0.0796875
0 0.61484375 0.7828125 0.05078125 0.0828125
0 0.525 0.7984375 0.03671875 0.075
0 0.3984375 0.80625 0.05390625 0.07421875
0 0.5359375 0.740625 0.059375 0.08046875
0 0.78203125 0.725 0.046875 0.08671875
0 0.35390625 0.846875 0.05625 0.11328125
0 0.53359375 0.87421875 0.05078125 0.1046875
0 0.665625 0.75625 0.04296875 0.08359375
0 0.24140625 0.85625 0.04453125 0.0640625
0 0.403125 0.9546875 0.059375 0.08203125
0 0.4703125 0.8796875 0.03984375 0.06796875
0 0.60234375 0.74609375 0.05546875 0.0921875
0 0.7375 0.7234375 0.0390625 0.10078125
0 0.30234375 0.83203125 0.05 0.10546875
0 0.4765625 0.7796875 0.0625 0.0953125