0 0.7984375 0.6234375 0.05234375 0.0765625
0 0.62109375 0.77109375 0.08671875 0.071875
0 0.803125 0.759375 0.0625 0.10625
0 0.67890625 0.59375 0.05 0.103125
0 0.7984375 0.9234375 0.05859375 0.12578125
0 0.28515625 0.83515625 0.05390625 0.0953125
0 0.14140625 0.765625 0.07734375 0.0953125
0 0.875 0.55546875 0.0625 0.0984375
0 0.8265625 0.5890625 0.0515625 0.08359375
0 0.0765625 0.91953125 0.0578125 0.0953125
0 0.33359375 0.66171875 0.05703125 0.0859375
0 0.8859375 0.80703125 0.075 0.1
0 0.56171875 0.67265625 0.0609375 0.1078125
0 0.271875 0.74375 0.08046875 0.103125
0 0.93671875 0.76796875 0.05234375 0.11171875
0 0.209375 0.653125 0.0640625 0.08359375
0 0.4421875 0.60859375 0.05390625 0.0875
0 0.40546875 0.6390625 0.0484375 0.09453125
0 0.521875 0.60546875 0.0546875 0.10078125
0 0.5640625 0.58984375 0.0546875 0.09375
0 0.1578125 0.66484375 0.05625 0.08828125
0 0.94296875 0.5875 0.06171875 0.11875
0 0.0546875 0.9578125 0.0765625 0.08359375
0 0.35625 0.6140625 0.0625 0.08203125
0 0.3140625 0.62265625 0.0453125 0.10390625
0 0.2625 0.6078125 0.03984375 0.0421875
0 0.2671875 0.67578125 0.05078125 0.08359375
0 0.1125 0.64921875 0.04140625 0.08203125
0 0.090625 0.7484375 0.059375 0.090625
0 0.0375 0.77421875 0.05546875 0.0828125
0 0.615625 0.6453125 0.059375 0.10625