0 0.34765625 0.225 0.11640625 0.1375
0 0.7390625 0.4625 0.08515625 0.18125
0 0.09765625 0.58671875 0.1078125 0.14375
0 0.17734375 0.43984375 0.078125 0.1703125
0 0.18671875 0.16796875 0.1109375 0.13515625
0 0.90546875 0.5890625 0.10390625 0.184375
0 0.04921875 0.078125 0.09375 0.1515625
0 0.7234375 0.6609375 0.08828125 0.17890625
0 0.1421875 0.075 0.075 0.12265625
0 0.3828125 0.61484375 0.11171875 0.14609375
0 0.696875 0.8125 0.11015625 0.1125
0 0.509375 0.68359375 0.1234375 0.1484375
0 0.29453125 0.68203125 0.1109375 0.128125
0 0.97421875 0.13125 0.0515625 0.2171875
0 0.20625 0.59296875 0.07578125 0.15390625
0 0.45078125 0.8265625 0.084375 0.1578125
0 0.87578125 0.878125 0.1 0.16640625
0 0.1328125 0.81171875 0.06953125 0.15859375
0 0.61171875 0.5734375 0.1078125 0.18359375
0 0.678125 0.5890625 0.07265625 0.175
0 0.0625 0.840625 0.096875 0.1125
0 0.18046875 0.71484375 0.07109375 0.13359375
0 0.28125 0.79609375 0.109375 0.10859375
0 0.36875 0.803125 0.071875 0.178125
0 0.2625 0.90859375 0.08671875 0.12734375
0 0.55390625 0.884375 0.0828125 0.18203125
0 0.48125 0.934375 0.0875 0.13125
0 0.78984375 0.95546875 0.08203125 0.07890625