0 0.23203125 0.2109375 0.12890625 0.1484375
0 0.55625 0.64296875 0.11640625 0.12421875
0 0.8484375 0.60546875 0.09609375 0.16796875
0 0.56328125 0.94453125 0.07421875 0.1078125
0 0.80390625 0.1890625 0.1 0.16171875
0 0.43125 0.74140625 0.09921875 0.140625
0 0.85 0.85625 0.090625 0.14375
0 0.3015625 0.753125 0.11484375 0.146875
0 0.7234375 0.853125 0.06875 0.11953125
0 0.046875 0.5875 0.0671875 0.153125
0 0.24765625 0.06328125 0.0875 0.1234375
0 0.90234375 0.95390625 0.0765625 0.0921875
0 0.29296875 0.93671875 0.08515625 0.11640625
0 0.65078125 0.84453125 0.0828125 0.0828125