0 0.3484375 0.67734375 0.053125 0.10546875
0 0.3703125 0.765625 0.05703125 0.10703125
0 0.29296875 0.78671875 0.0578125 0.1140625
0 0.1484375 0.52890625 0.05546875 0.0953125
0 0.1265625 0.7703125 0.059375 0.12734375
0 0.196875 0.80625 0.05078125 0.096875
0 0.22734375 0.853125 0.0546875 0.115625
0 0.1609375 0.85625 0.05625 0.125
0 0.865625 0.9 0.06328125 0.11015625
0 0.3515625 0.8921875 0.0546875 0.09921875
0 0.87265625 0.78671875 0.0609375 0.0875
0 0.80546875 0.8859375 0.0703125 0.109375
0 0.05078125 0.86171875 0.06484375 0.1390625
0 0.71875 0.93125 0.06484375 0.1296875
0 0.471875 0.68515625 0.053125 0.13671875
0 0.6359375 0.85859375 0.05625 0.11328125
0 0.48828125 0.83125 0.04375 0.10390625
0 0.91953125 0.90703125 0.05625 0.15859375
0 0.6984375 0.7078125 0.04921875 0.11484375
0 0.4546875 0.81953125 0.05 0.1
0 0.6578125 0.82109375 0.0421875 0.11171875
0 0.51484375 0.74375 0.05 0.12265625
0 0.7921875 0.7328125 0.05625 0.10078125
0 0.425 0.93828125 0.07109375 0.10625
0 0.73984375 0.85546875 0.05078125 0.07265625
0 0.525 0.89296875 0.04921875 0.09375
0 0.29375 0.9640625 0.06015625 0.071875
0 0.603125 0.93984375 0.08125 0.1078125
0 0.70234375 0.24296875 0.06171875 0.090625
0 0.01953125 0.7859375 0.0390625 0.11796875
0 0.053125 0.95390625 0.05703125 0.0828125
0 0.53984375 0.7203125 0.04921875 0.1359375
0 0.965625 0.31953125 0.046875 0.078125
0 0.22734375 0.96953125 0.05234375 0.0609375
0 0.93515625 0.2265625 0.05546875 0.096875
0 0.14609375 0.9640625 0.05078125 0.07109375
0 0.8046875 0.809375 0.0625 0.08671875
0 0.37890625 0.9625 0.059375 0.07421875
0 0.76640625 0.29765625 0.05625 0.12109375
0 0.6921875 0.8109375 0.046875 0.10625
0 0.82109375 0.25 0.0515625 0.11328125
0 0.1359375 0.11953125 0.05859375 0.08203125
0 0.86875 0.109375 0.04609375 0.0859375
0 0.8953125 0.19609375 0.046875 0.10078125
0 0.87421875 0.26484375 0.075 0.178125
0 0.94609375 0.14765625 0.03984375 0.0859375
0 0.9703125 0.16796875 0.046875 0.08671875
0 0.66328125 0.96015625 0.05078125 0.07421875
0 0.07734375 0.08359375 0.0578125 0.07265625
0 0.8 0.12578125 0.053125 0.11953125
0 0.6265625 0.18046875 0.0515625 0.0828125
0 0.8984375 0.4875 0.06640625 0.04921875
0 0.24453125 0.14140625 0.05390625 0.0984375
0 0.70390625 0.14921875 0.0609375 0.10078125
0 0.025 0.5203125 0.0484375 0.17265625
0 0.5296875 0.9625 0.059375 0.06640625
0 0.9859375 0.75078125 0.028125 0.0953125
0 0.18125 0.96328125 0.03984375 0.0734375
0 0.81015625 0.334375 0.04375 0.090625