0 0.28125 0.1390625 0.11484375 0.14609375
0 0.203125 0.103125 0.08359375 0.165625
0 0.41796875 0.4953125 0.09375 0.228125
0 0.7359375 0.4984375 0.1265625 0.1859375
0 0.56171875 0.8 0.08984375 0.21484375
0 0.725 0.846875 0.0875 0.2015625
0 0.2046875 0.45 0.12890625 0.16796875
0 0.09140625 0.453125 0.08046875 0.24453125
0 0.11796875 0.7484375 0.115625 0.13125
0 0.8625 0.8765625 0.10546875 0.1578125
0 0.51875 0.1 0.11328125 0.1234375
0 0.26015625 0.91796875 0.08359375 0.1640625
0 0.47578125 0.36640625 0.09765625 0.165625