0 0.61875 0.73984375 0.08125 0.13359375
0 0.8765625 0.7640625 0.0953125 0.10546875
0 0.8265625 0.6703125 0.09765625 0.1125
0 0.3828125 0.8296875 0.06953125 0.15
0 0.8765625 0.33203125 0.07734375 0.1046875
0 0.86640625 0.86640625 0.0546875 0.12578125
0 0.190625 0.29453125 0.07578125 0.08359375
0 0.26953125 0.92734375 0.06953125 0.14453125
0 0.76796875 0.9078125 0.0765625 0.1265625
0 0.46953125 0.9421875 0.0890625 0.115625
0 0.5828125 0.2953125 0.06328125 0.0671875
0 0.35390625 0.3 0.07265625 0.0859375
0 0.1328125 0.28984375 0.0640625 0.0765625
0 0.296875 0.28828125 0.0453125 0.06796875
0 0.56875 0.87890625 0.06328125 0.12109375
0 0.63359375 0.8703125 0.0703125 0.13984375
0 0.821875 0.89453125 0.06328125 0.10546875