0 0.43125 0.23203125 0.10625 0.17578125
0 0.78828125 0.46484375 0.0984375 0.16484375
0 0.678125 0.7609375 0.084375 0.17109375
0 0.90625 0.68828125 0.10390625 0.12109375
0 0.5625 0.88671875 0.0796875 0.1796875
0 0.31875 0.57421875 0.11328125 0.115625
0 0.05234375 0.21953125 0.1046875 0.1109375
0 0.734375 0.9546875 0.0875 0.090625
0 0.14765625 0.71953125 0.12890625 0.14375
0 0.06640625 0.35703125 0.0828125 0.175
0 0.028125 0.50625 0.05625 0.13125
0 0.21875 0.3328125 0.0796875 0.19375
0 0.0296875 0.8453125 0.05703125 0.18515625
0 0.9734375 0.79296875 0.053125 0.109375
0 0.14765625 0.5140625 0.1 0.146875
0 0.4171875 0.43828125 0.06953125 0.115625
0 0.078125 0.54375 0.07109375 0.21640625
0 0.153125 0.38515625 0.103125 0.1328125
0 0.921875 0.81640625 0.071875 0.1390625
0 0.30234375 0.47421875 0.0953125 0.08984375
0 0.3796875 0.51484375 0.07109375 0.1609375
0 0.8609375 0.871875 0.06328125 0.146875