0 0.8859375 0.57421875 0.10390625 0.16875
0 0.57578125 0.26875 0.0890625 0.10625
0 0.53203125 0.1296875 0.1 0.0984375
0 0.3046875 0.159375 0.090625 0.115625
0 0.26328125 0.39765625 0.096875 0.1109375
0 0.2578125 0.26640625 0.1171875 0.11484375
0 0.25859375 0.09375 0.08125 0.109375
0 0.20234375 0.1625 0.0734375 0.1796875
0 0.81953125 0.2296875 0.07890625 0.15703125
0 0.7578125 0.18671875 0.09765625 0.14453125
0 0.5421875 0.04765625 0.0703125 0.0671875
0 0.959375 0.19140625 0.08046875 0.125
0 0.0359375 0.66015625 0.0703125 0.15234375
0 0.059375 0.196875 0.05703125 0.15
0 0.91328125 0.23125 0.0703125 0.13984375
0 0.484375 0.20390625 0.059375 0.1484375
0 0.28125 0.6328125 0.08984375 0.1046875
0 0.2984375 0.73359375 0.0859375 0.125
0 0.14140625 0.3265625 0.0890625 0.11328125
0 0.365625 0.09375 0.05546875 0.12734375
0 0.09453125 0.115625 0.10703125 0.09453125
0 0.43203125 0.22578125 0.0453125 0.14609375
0 0.38359375 0.24296875 0.04453125 0.175
0 0.35859375 0.221875 0.0640625 0.15078125
0 0.7046875 0.12734375 0.09375 0.1171875
0 0.74375 0.07109375 0.0890625 0.08125
0 0.95703125 0.07265625 0.05390625 0.07265625
0 0.8765625 0.2890625 0.05234375 0.16328125