0 0.59921875 0.490625 0.07578125 0.1234375
0 0.4234375 0.5546875 0.05078125 0.19765625
0 0.0953125 0.4453125 0.07265625 0.20546875
0 0.14765625 0.18359375 0.0921875 0.14296875
0 0.2125 0.0921875 0.0875 0.14609375
0 0.6953125 0.5375 0.08046875 0.11875
0 0.665625 0.8234375 0.0765625 0.178125
0 0.54609375 0.82265625 0.06640625 0.1171875
0 0.43203125 0.8125 0.0859375 0.11171875
0 0.35390625 0.890625 0.1015625 0.13046875
0 0.353125 0.6453125 0.10703125 0.11328125
0 0.6265625 0.365625 0.0625 0.171875
0 0.690625 0.33984375 0.0640625 0.14609375
0 0.84296875 0.15234375 0.07421875 0.109375
0 0.76484375 0.24375 0.0484375 0.13828125
0 0.69375 0.115625 0.07578125 0.109375
0 0.728125 0.79296875 0.053125 0.18515625
0 0.7640625 0.7984375 0.04453125 0.1859375
0 0.61484375 0.659375 0.05703125 0.15