0 0.803125 0.678125 0.10234375 0.11796875
0 0.84375 0.48359375 0.08671875 0.18515625
0 0.7890625 0.23203125 0.0625 0.13671875
0 0.5671875 0.4953125 0.11875 0.146875
0 0.05625 0.184375 0.07578125 0.14609375
0 0.1296875 0.13515625 0.1046875 0.12890625
0 0.17734375 0.28515625 0.08046875 0.11640625
0 0.078125 0.59765625 0.075 0.24609375
0 0.040625 0.51484375 0.08125 0.1796875
0 0.115625 0.46796875 0.05859375 0.12734375
0 0.17421875 0.43828125 0.10078125 0.11953125
0 0.27578125 0.453125 0.0953125 0.1484375
0 0.425 0.46484375 0.11171875 0.13359375
0 0.58671875 0.3421875 0.0875 0.159375
0 0.7921875 0.36875 0.06953125 0.1171875
0 0.85625 0.33984375 0.05234375 0.128125
0 0.9234375 0.384375 0.0609375 0.09375
0 0.4671875 0.36796875 0.07109375 0.1375
0 0.978125 0.38984375 0.04296875 0.1109375