0 0.48125 0.21953125 0.0890625 0.096875
0 0.39609375 0.3328125 0.09375 0.1125
0 0.378125 0.4625 0.07890625 0.109375
0 0.090625 0.65703125 0.065625 0.19375
0 0.8953125 0.221875 0.08125 0.1109375
0 0.7390625 0.40390625 0.0640625 0.12265625
0 0.56328125 0.4109375 0.08828125 0.12890625
0 0.628125 0.41953125 0.0609375 0.16015625
0 0.31875 0.6484375 0.07734375 0.1203125
0 0.69453125 0.4609375 0.05234375 0.1171875
0 0.53046875 0.5734375 0.06484375 0.15546875
0 0.63359375 0.72734375 0.06484375 0.15703125
0 0.92109375 0.36015625 0.06171875 0.16484375
0 0.1875 0.69765625 0.09375 0.1203125
0 0.47421875 0.54375 0.0578125 0.12890625
0 0.840625 0.7390625 0.0625 0.11171875
0 0.34296875 0.9125 0.0921875 0.15078125
0 0.790625 0.36328125 0.05546875 0.14765625
0 0.43828125 0.48046875 0.05234375 0.10625
0 0.25 0.8015625 0.0859375 0.15546875
0 0.15390625 0.9203125 0.071875 0.13671875
0 0.653125 0.571875 0.05625 0.1015625
0 0.33828125 0.71796875 0.0828125 0.0921875
0 0.728125 0.934375 0.05625 0.10703125
0 0.52421875 0.95703125 0.0640625 0.07734375
0 0.90703125 0.62421875 0.06328125 0.1875
0 0.93359375 0.7640625 0.078125 0.1265625
0 0.70390625 0.71796875 0.0625 0.13671875
0 0.95390625 0.6078125 0.04609375 0.134375
0 0.64609375 0.8625 0.08359375 0.16015625
0 0.77265625 0.8234375 0.05546875 0.1609375
0 0.54375 0.83828125 0.065625 0.1453125
0 0.75234375 0.51640625 0.0453125 0.10078125
0 0.865625 0.4578125 0.05859375 0.07265625