0 0.34453125 0.14453125 0.07890625 0.1140625
0 0.4796875 0.19765625 0.053125 0.13046875
0 0.54375 0.2109375 0.07109375 0.16015625
0 0.59921875 0.41640625 0.1046875 0.11953125
0 0.68828125 0.52109375 0.1046875 0.09296875
0 0.678125 0.59375 0.08125 0.11875
0 0.75078125 0.6125 0.0890625 0.11484375
0 0.81484375 0.6640625 0.0828125 0.134375
0 0.6515625 0.7203125 0.06640625 0.16875
0 0.7109375 0.7875 0.075 0.221875
0 0.74921875 0.84609375 0.0765625 0.1953125
0 0.83515625 0.84140625 0.08203125 0.1890625
0 0.33828125 0.75234375 0.06953125 0.16015625
0 0.13984375 0.7390625 0.065625 0.14140625
0 0.18359375 0.55859375 0.06328125 0.13125
0 0.7734375 0.13046875 0.08203125 0.1234375
0 0.53984375 0.621875 0.06875 0.165625
0 0.43671875 0.21171875 0.05234375 0.084375
0 0.96640625 0.5921875 0.0671875 0.18125
0 0.2671875 0.13125 0.06796875 0.1203125
0 0.3890625 0.565625 0.08203125 0.14296875
0 0.33515625 0.409375 0.07734375 0.115625
0 0.13828125 0.10703125 0.0703125 0.14375
0 0.8015625 0.4 0.06015625 0.0953125
0 0.40234375 0.634375 0.08984375 0.125
0 0.19921875 0.471875 0.07265625 0.12890625
0 0.3140625 0.2296875 0.07109375 0.09921875
0 0.27734375 0.95703125 0.078125 0.08515625
0 0.70390625 0.13984375 0.06328125 0.12109375
0 0.3375 0.534375 0.10234375 0.146875
0 0.4859375 0.6703125 0.05546875 0.13671875
0 0.1859375 0.14375 0.0546875 0.13671875
0 0.4296875 0.740625 0.0859375 0.17421875
0 0.95390625 0.92890625 0.0921875 0.134375
0 0.0625 0.63359375 0.0703125 0.12734375
0 0.63515625 0.178125 0.10859375 0.109375
0 0.5109375 0.77421875 0.0859375 0.11171875
0 0.6703125 0.03828125 0.07109375 0.0765625
0 0.209375 0.21171875 0.05703125 0.15546875
0 0.971875 0.0625 0.05546875 0.125
0 0.66328125 0.3109375 0.1140625 0.1046875
0 0.4921875 0.87734375 0.075 0.15625
0 0.3953125 0.23828125 0.04609375 0.0546875
0 0.7953125 0.2953125 0.07265625 0.10234375
0 0.04140625 0.73515625 0.0828125 0.13125
0 0.23515625 0.3578125 0.115625 0.1609375
0 0.1296875 0.3234375 0.05625 0.1359375
0 0.9765625 0.14296875 0.04609375 0.10546875
0 0.51796875 0.4125 0.05546875 0.11875
0 0.090625 0.459375 0.05546875 0.13125
0 0.04140625 0.14140625 0.040625 0.1390625
0 0.26875 0.20625 0.06796875 0.125