0 0.1625 0.4828125 0.075 0.16484375
0 0.2734375 0.73125 0.10625 0.1421875
0 0.234375 0.85625 0.08671875 0.19609375
0 0.5015625 0.85859375 0.07890625 0.20546875
0 0.6125 0.78671875 0.09140625 0.23828125
0 0.79765625 0.725 0.10703125 0.18984375
0 0.86171875 0.290625 0.1140625 0.1390625
0 0.91640625 0.95390625 0.05625 0.09140625
0 0.69140625 0.67890625 0.1015625 0.10390625
0 0.7125 0.52578125 0.1015625 0.09609375
0 0.27109375 0.04375 0.08515625 0.0875
0 0.78828125 0.52890625 0.08046875 0.0890625
0 0.9765625 0.15390625 0.046875 0.16796875