0 0.5421875 0.6765625 0.08125 0.121875
0 0.4484375 0.70625 0.08203125 0.06640625
0 0.41640625 0.7640625 0.08828125 0.09453125
0 0.48203125 0.3125 0.03203125 0.125
0 0.55546875 0.33203125 0.0609375 0.1046875
0 0.44609375 0.30625 0.04921875 0.128125
0 0.64921875 0.2953125 0.0484375 0.12265625
0 0.190625 0.27578125 0.06953125 0.12109375
0 0.07890625 0.23984375 0.05546875 0.12421875
0 0.4203125 0.25546875 0.0546875 0.12890625
0 0.3625 0.271875 0.05859375 0.140625
0 0.05390625 0.34296875 0.0875 0.09375
0 0.7640625 0.41796875 0.05625 0.10703125
0 0.7921875 0.30546875 0.05234375 0.1390625
0 0.1234375 0.28515625 0.05078125 0.13671875
0 0.83515625 0.23046875 0.0671875 0.10859375
0 0.696875 0.26171875 0.04140625 0.0890625
0 0.884375 0.27890625 0.04765625 0.0984375
0 0.725 0.2953125 0.04375 0.09609375
0 0.4125 0.3875 0.0734375 0.11171875
0 0.0359375 0.16328125 0.071875 0.115625
0 0.66484375 0.215625 0.05234375 0.0828125
0 0.75234375 0.328125 0.04375 0.12890625
0 0.91328125 0.2265625 0.0484375 0.0875
0 0.7953125 0.20078125 0.0390625 0.09375
0 0.86484375 0.478125 0.0625 0.1359375
0 0.921875 0.03515625 0.05 0.0609375
0 0.53203125 0.2359375 0.06328125 0.090625
0 0.17890625 0.4875 0.08203125 0.1171875
0 0.31328125 0.0828125 0.05859375 0.0640625
0 0.3328125 0.1546875 0.0703125 0.1375
0 0.9484375 0.29453125 0.04296875 0.10625
0 0.38125 0.1875 0.04921875 0.11484375
0 0.21171875 0.13203125 0.0515625 0.07734375
0 0.84453125 0.07734375 0.046875 0.12890625
0 0.878125 0.075 0.03828125 0.12734375
0 0.9640625 0.92890625 0.06015625 0.1203125
0 0.23125 0.2265625 0.0578125 0.103125