0 0.1953125 0.0671875 0.059375 0.134375
0 0.4703125 0.6578125 0.1046875 0.1703125
0 0.19140625 0.72109375 0.08515625 0.1875
0 0.33984375 0.69375 0.090625 0.1359375
0 0.4640625 0.86015625 0.10546875 0.14453125
0 0.8484375 0.43203125 0.07734375 0.1484375
0 0.1203125 0.7328125 0.071875 0.15625
0 0.853125 0.57890625 0.084375 0.13125
0 0.584375 0.675 0.07265625 0.18984375
0 0.27890625 0.7484375 0.071875 0.19140625
0 0.26875 0.58828125 0.090625 0.1546875
0 0.9265625 0.7890625 0.08984375 0.178125
0 0.04921875 0.6015625 0.08671875 0.17265625