0 0.65625 0.14140625 0.08125 0.1984375
0 0.31796875 0.46953125 0.05234375 0.15390625
0 0.190625 0.66875 0.09609375 0.15
0 0.0640625 0.6140625 0.05625 0.18046875
0 0.6515625 0.91875 0.065625 0.1609375
0 0.6734375 0.6046875 0.08046875 0.1359375
0 0.82578125 0.6703125 0.078125 0.09765625
0 0.4046875 0.50703125 0.0625 0.10859375
0 0.07890625 0.78515625 0.06015625 0.14453125
0 0.3359375 0.7390625 0.1125 0.16015625
0 0.4671875 0.5375 0.0953125 0.1328125
0 0.021875 0.69453125 0.04296875 0.15234375
0 0.390625 0.653125 0.06015625 0.13125
0 0.0390625 0.41796875 0.07578125 0.11875
0 0.75625 0.9640625 0.084375 0.0640625
0 0.17578125 0.94609375 0.05859375 0.1046875
0 0.36171875 0.96796875 0.06640625 0.05859375
0 0.64453125 0.03515625 0.0953125 0.0703125
0 0.1125 0.9421875 0.0703125 0.109375