0 0.60703125 0.82421875 0.05546875 0.1296875
0 0.6421875 0.89296875 0.075 0.08359375
0 0.50390625 0.94375 0.0953125 0.10625
0 0.3359375 0.84765625 0.07578125 0.1203125
0 0.29140625 0.82890625 0.0703125 0.1078125
0 0.08203125 0.8390625 0.07265625 0.14375
0 0.03515625 0.8 0.0453125 0.10625
0 0.04765625 0.75625 0.0578125 0.07109375
0 0.3578125 0.73125 0.07109375 0.128125
0 0.8140625 0.6765625 0.0828125 0.1203125
0 0.78046875 0.7859375 0.05 0.07734375
0 0.70078125 0.68203125 0.059375 0.08671875
0 0.2578125 0.7046875 0.0625 0.1
0 0.1265625 0.7125 0.05859375 0.10703125
0 0.24921875 0.6234375 0.04765625 0.07890625
0 0.659375 0.66171875 0.05546875 0.08671875
0 0.6890625 0.76953125 0.065625 0.08828125
0 0.81953125 0.8375 0.07734375 0.10078125
0 0.928125 0.94375 0.0640625 0.1078125
0 0.0453125 0.671875 0.03828125 0.08046875
0 0.35859375 0.653125 0.0578125 0.09375
0 0.63984375 0.73359375 0.0578125 0.0890625
0 0.05859375 0.70625 0.03984375 0.07265625
0 0.10078125 0.73515625 0.0421875 0.08984375
0 0.20078125 0.690625 0.0421875 0.10625
0 0.17734375 0.77265625 0.065625 0.08203125
0 0.084375 0.70390625 0.03671875 0.08671875
0 0.86484375 0.790625 0.08046875 0.09453125
0 0.3421875 0.6125 0.04453125 0.06484375
0 0.1296875 0.63359375 0.0328125 0.0625
0 0.77109375 0.59609375 0.059375 0.0953125
0 0.85 0.896875 0.0578125 0.1015625
0 0.56953125 0.59453125 0.0421875 0.08828125
0 0.2125 0.65 0.028125 0.06328125
0 0.06484375 0.64296875 0.0296875 0.06328125
0 0.10390625 0.628125 0.0375 0.059375
0 0.6046875 0.6453125 0.04765625 0.1046875
0 0.434375 0.64765625 0.0421875 0.07109375
0 0.6421875 0.6 0.065625 0.0875
0 0.30859375 0.64296875 0.04609375 0.0828125
0 0.4046875 0.6140625 0.05625 0.0859375
0 0.89765625 0.67890625 0.0671875 0.1203125
0 0.521875 0.6234375 0.0546875 0.071875
0 0.46953125 0.58515625 0.0671875 0.075
0 0.01484375 0.678125 0.0296875 0.10859375
0 0.85234375 0.58125 0.08515625 0.09921875
0 0.1859375 0.64375 0.03359375 0.06953125
0 0.565625 0.6578125 0.04609375 0.09609375
0 0.721875 0.57734375 0.0828125 0.10234375
0 0.103125 0.68671875 0.028125 0.06796875
0 0.5265625 0.6953125 0.0421875 0.10078125
0 0.5203125 0.5921875 0.03046875 0.046875
0 0.59453125 0.5984375 0.03046875 0.06640625
0 0.4171875 0.7296875 0.05 0.11875
0 0.503125 0.73203125 0.05546875 0.13828125
0 0.4859375 0.6328125 0.053125 0.06171875
0 0.17734375 0.69375 0.0265625 0.075
0 0.975 0.88671875 0.05 0.1078125
0 0.6140625 0.54765625 0.04921875 0.103125
0 0.95078125 0.76796875 0.0640625 0.1234375
0 0.4671875 0.66953125 0.0609375 0.0828125
0 0.009375 0.74140625 0.01875 0.1078125
0 0.15390625 0.634375 0.034375 0.0546875
0 0.45390625 0.7359375 0.04765625 0.10625
0 0.3046875 0.59375 0.0234375 0.046875
0 0.68984375 0.5578125 0.040625 0.05859375
0 0.0421875 0.68203125 0.084375 0.0046875