0 0.08203125 0.1984375 0.0640625 0.203125
0 0.94375 0.3296875 0.08515625 0.21953125
0 0.1453125 0.3484375 0.08359375 0.18984375
0 0.2328125 0.40234375 0.10234375 0.175
0 0.7765625 0.47265625 0.08671875 0.15625
0 0.16953125 0.80078125 0.10546875 0.17109375
0 0.3671875 0.45234375 0.08984375 0.1640625
0 0.45234375 0.7125 0.07734375 0.1859375
0 0.26015625 0.5484375 0.1484375 0.13984375
0 0.32421875 0.69453125 0.11015625 0.25234375
0 0.4625 0.5375 0.0890625 0.18359375
0 0.53515625 0.55859375 0.08046875 0.16171875
0 0.44609375 0.9140625 0.07578125 0.16640625
0 0.596875 0.84921875 0.1296875 0.1375
0 0.7578125 0.83671875 0.090625 0.18515625
0 0.6375 0.9421875 0.0828125 0.1140625
0 0.5421875 0.9171875 0.13671875 0.10625
0 0.71171875 0.89375 0.1015625 0.159375
0 0.91640625 0.878125 0.09765625 0.19453125
0 0.97578125 0.86328125 0.0484375 0.21640625
0 0.9703125 0.6453125 0.059375 0.18359375