0 0.50078125 0.065625 0.109375 0.13046875
0 0.74765625 0.08359375 0.0953125 0.1625
0 0.22265625 0.07421875 0.08203125 0.1453125
0 0.865625 0.228125 0.07421875 0.1984375
0 0.434375 0.76796875 0.10703125 0.1640625
0 0.28671875 0.50390625 0.1109375 0.14140625
0 0.8625 0.0390625 0.07578125 0.07734375
0 0.60390625 0.76484375 0.0828125 0.19375
0 0.1359375 0.1921875 0.09921875 0.225
0 0.940625 0.42890625 0.115625 0.1328125
0 0.49765625 0.915625 0.10078125 0.165625
0 0.184375 0.27421875 0.115625 0.171875
0 0.9625 0.2 0.075 0.2203125
0 0.96953125 0.8625 0.0609375 0.203125
0 0.74375 0.3859375 0.1015625 0.12421875
0 0.8703125 0.85703125 0.09296875 0.18671875
0 0.25546875 0.20078125 0.115625 0.13359375
0 0.3296875 0.28203125 0.08359375 0.1546875
0 0.38671875 0.2875 0.0640625 0.15078125
0 0.484375 0.31484375 0.13984375 0.096875
0 0.54375 0.49375 0.0984375 0.1765625
0 0.3625 0.66875 0.0609375 0.15078125
0 0.2984375 0.70234375 0.08671875 0.20234375
0 0.17890625 0.58671875 0.09921875 0.17734375
0 0.71171875 0.54296875 0.0734375 0.22890625
0 0.79453125 0.6203125 0.065625 0.1359375
0 0.8703125 0.640625 0.08359375 0.16328125
0 0.68359375 0.21171875 0.1 0.14140625