0 0.50078125 0.19453125 0.08046875 0.14453125
0 0.5640625 0.15625 0.071875 0.146875
0 0.65 0.10859375 0.11640625 0.1296875
0 0.7703125 0.084375 0.10703125 0.109375
0 0.3125 0.5140625 0.05 0.153125
0 0.37109375 0.490625 0.0734375 0.17421875
0 0.5828125 0.54765625 0.0828125 0.18359375
0 0.44296875 0.49296875 0.0703125 0.18671875
0 0.38828125 0.27265625 0.07109375 0.1453125
0 0.74765625 0.5171875 0.08828125 0.171875
0 0.23671875 0.51171875 0.09140625 0.13984375
0 0.70546875 0.39375 0.06953125 0.1734375
0 0.6640625 0.2640625 0.07890625 0.1265625
0 0.553125 0.415625 0.09453125 0.14375
0 0.5015625 0.65234375 0.0796875 0.1875
0 0.19140625 0.3734375 0.0625 0.14921875
0 0.54140625 0.2875 0.103125 0.146875
0 0.3234375 0.184375 0.08984375 0.1140625
0 0.64765625 0.3671875 0.0734375 0.13125
0 0.778125 0.19921875 0.09765625 0.153125
0 0.23984375 0.63984375 0.096875 0.1546875
0 0.15390625 0.5625 0.0921875 0.15625
0 0.12734375 0.3703125 0.059375 0.12578125
0 0.33984375 0.775 0.0796875 0.18359375
0 0.84375 0.27265625 0.0765625 0.11171875
0 0.85703125 0.38828125 0.1 0.13984375
0 0.925 0.29453125 0.084375 0.18671875
0 0.25625 0.3609375 0.07734375 0.12890625
0 0.434375 0.7578125 0.07421875 0.14375
0 0.05703125 0.584375 0.1015625 0.12578125
0 0.17734375 0.12265625 0.0625 0.18125
0 0.9640625 0.4421875 0.0703125 0.13203125
0 0.3015625 0.39609375 0.103125 0.11796875
0 0.97578125 0.24453125 0.0484375 0.14375
0 0.65703125 0.61640625 0.10078125 0.171875
0 0.40625 0.35859375 0.09765625 0.115625
0 0.85703125 0.5265625 0.10234375 0.17109375
0 0.884375 0.459375 0.0703125 0.1453125
0 0.95859375 0.625 0.0828125 0.18125
0 0.87421875 0.61484375 0.0828125 0.18671875
0 0.14921875 0.453125 0.05546875 0.10703125
0 0.10546875 0.12578125 0.09765625 0.1640625
0 0.02578125 0.21796875 0.0515625 0.1640625
0 0.446875 0.8859375 0.09375 0.14453125
0 0.2359375 0.1671875 0.0953125 0.1140625
0 0.81171875 0.74296875 0.08515625 0.1703125
0 0.96015625 0.8578125 0.07890625 0.15859375
0 0.19921875 0.24140625 0.078125 0.1234375
0 0.64609375 0.871875 0.10390625 0.22265625
0 0.46640625 0.3859375 0.0859375 0.0984375
0 0.13984375 0.8421875 0.096875 0.13125