0 0.346875 0.1953125 0.07421875 0.1
0 0.3453125 0.04375 0.0546875 0.0875
0 0.428125 0.1625 0.05390625 0.10625
0 0.46953125 0.12265625 0.0625 0.08984375
0 0.48125 0.209375 0.059375 0.0984375
0 0.80703125 0.21953125 0.034375 0.08515625
0 0.8046875 0.34765625 0.04765625 0.1328125
0 0.9546875 0.28984375 0.04296875 0.05390625
0 0.94765625 0.37421875 0.040625 0.1
0 0.9078125 0.4234375 0.04765625 0.08203125
0 0.95 0.53984375 0.05 0.12109375
0 0.68046875 0.40390625 0.06328125 0.0890625
0 0.265625 0.6140625 0.071875 0.0828125
0 0.20546875 0.66875 0.0671875 0.0734375
0 0.78046875 0.96796875 0.0546875 0.0640625
0 0.28359375 0.628125 0.065625 0.12421875
0 0.5859375 0.4953125 0.075 0.1
0 0.27265625 0.7125 0.065625 0.14765625
0 0.14453125 0.71171875 0.065625 0.12890625
0 0.325 0.65546875 0.04921875 0.11328125
0 0.59140625 0.72734375 0.05703125 0.09296875
0 0.6921875 0.6421875 0.065625 0.09921875
0 0.8453125 0.83515625 0.03984375 0.1
0 0.3265625 0.76875 0.05234375 0.1296875
0 0.5796875 0.946875 0.07734375 0.103125
0 0.8265625 0.934375 0.0796875 0.11875
0 0.46171875 0.753125 0.05234375 0.1296875
0 0.37109375 0.8109375 0.07265625 0.1125
0 0.7125 0.78046875 0.06484375 0.1015625
0 0.59609375 0.79375 0.05390625 0.0890625
0 0.834375 0.64921875 0.04453125 0.11484375
0 0.60625 0.86796875 0.0640625 0.1109375
0 0.50078125 0.81015625 0.04921875 0.121875
0 0.06875 0.70859375 0.0796875 0.17421875
0 0.90703125 0.6375 0.0671875 0.08046875
0 0.77421875 0.61953125 0.06015625 0.12578125
0 0.8703125 0.79296875 0.06015625 0.09453125
0 0.10078125 0.6015625 0.09296875 0.12734375
0 0.19140625 0.3890625 0.053125 0.11796875
0 0.3171875 0.42734375 0.078125 0.13046875
0 0.12734375 0.3765625 0.06171875 0.109375
0 0.91640625 0.94296875 0.08125 0.11015625
0 0.403125 0.64453125 0.0921875 0.1125
0 0.5421875 0.83984375 0.046875 0.134375
0 0.68203125 0.5171875 0.06953125 0.12109375
0 0.5171875 0.5296875 0.0515625 0.07578125
0 0.4484375 0.48671875 0.071875 0.11171875
0 0.41640625 0.8703125 0.05234375 0.15703125
0 0.025 0.7140625 0.046875 0.19140625
0 0.09140625 0.42890625 0.0953125 0.13984375
0 0.72734375 0.85859375 0.06796875 0.0796875
0 0.98125 0.740625 0.0359375 0.07890625
0 0.92421875 0.715625 0.05859375 0.096875
0 0.8421875 0.03125 0.0703125 0.0625
0 0.3109375 0.49375 0.0734375 0.09921875
0 0.8765625 0.03828125 0.059375 0.0765625
0 0.62421875 0.70234375 0.065625 0.1375
0 0.4171875 0.50703125 0.03671875 0.07734375
0 0.9578125 0.075 0.071875 0.1421875
0 0.72265625 0.59921875 0.04453125 0.09296875
0 0.05234375 0.5015625 0.096875 0.11484375
0 0.4453125 0.4234375 0.06796875 0.0953125