0 0.37578125 0.2328125 0.11640625 0.171875
0 0.1328125 0.271875 0.08828125 0.15703125
0 0.46875 0.21953125 0.078125 0.1921875
0 0.359375 0.1015625 0.0984375 0.1765625
0 0.14609375 0.471875 0.096875 0.2140625
0 0.82578125 0.16015625 0.07734375 0.20859375
0 0.38125 0.53203125 0.103125 0.16171875
0 0.7546875 0.2859375 0.08125 0.221875
0 0.62890625 0.290625 0.07109375 0.2078125
0 0.28046875 0.08203125 0.08671875 0.1625
0 0.41875 0.38046875 0.13203125 0.15625
0 0.56171875 0.33828125 0.0796875 0.209375
0 0.25 0.51875 0.08984375 0.21875
0 0.8796875 0.24296875 0.11328125 0.17734375
0 0.340625 0.77734375 0.1265625 0.184375
0 0.41328125 0.7125 0.09140625 0.2078125
0 0.56328125 0.0734375 0.0796875 0.1453125
0 0.68984375 0.31484375 0.06875 0.2234375
0 0.86796875 0.39453125 0.11875 0.1421875
0 0.909375 0.5203125 0.1171875 0.20859375
0 0.46640625 0.89375 0.10078125 0.17890625
0 0.58125 0.52421875 0.121875 0.23125
0 0.66484375 0.64609375 0.1078125 0.17734375
0 0.9125 0.103125 0.1 0.14609375
0 0.0828125 0.66328125 0.10703125 0.20078125
0 0.49140625 0.71953125 0.08359375 0.2078125
0 0.51171875 0.4484375 0.084375 0.1734375
0 0.828125 0.5421875 0.08671875 0.22578125
0 0.7734375 0.63515625 0.08984375 0.21796875
0 0.29921875 0.90625 0.1375 0.140625
0 0.66640625 0.82578125 0.09453125 0.165625
0 0.0953125 0.8546875 0.09609375 0.26640625
0 0.95390625 0.26640625 0.08984375 0.16015625
0 0.90390625 0.7203125 0.08984375 0.21640625
0 0.03984375 0.46484375 0.07578125 0.13671875
0 0.73359375 0.778125 0.0890625 0.1890625
0 0.7203125 0.9421875 0.11875 0.11484375
0 0.884375 0.89375 0.10625 0.11796875
0 0.1078125 0.0890625 0.075 0.1625