0 0.7921875 0.59765625 0.071875 0.15234375
0 0.75234375 0.4109375 0.071875 0.0921875
0 0.890625 0.796875 0.078125 0.12890625
0 0.4640625 0.40859375 0.08828125 0.12109375
0 0.234375 0.5390625 0.09453125 0.1203125
0 0.6953125 0.06875 0.0546875 0.09609375
0 0.7578125 0.06640625 0.05703125 0.121875
0 0.8140625 0.03671875 0.07734375 0.0734375
0 0.81015625 0.1140625 0.05859375 0.075
0 0.92265625 0.09921875 0.04296875 0.09921875
0 0.90234375 0.0234375 0.05859375 0.046875
0 0.871875 0.0734375 0.0546875 0.096875
0 0.06484375 0.04453125 0.1296875 0.08828125
0 0.23984375 0.0484375 0.0609375 0.09453125
0 0.28984375 0.05078125 0.03828125 0.09921875
0 0.3328125 0.0578125 0.05859375 0.0984375
0 0.39453125 0.046875 0.040625 0.09375
0 0.284375 0.34609375 0.06015625 0.06796875
0 0.0859375 0.81484375 0.07578125 0.140625
0 0.0296875 0.7578125 0.059375 0.11640625
0 0.0625 0.93359375 0.08125 0.11484375
0 0.1078125 0.95546875 0.065625 0.0890625
0 0.19609375 0.9421875 0.06953125 0.115625
0 0.23359375 0.734375 0.06953125 0.14140625
0 0.2609375 0.85234375 0.0921875 0.10078125
0 0.2875 0.8046875 0.08359375 0.09765625
0 0.33828125 0.7609375 0.09296875 0.11953125
0 0.68671875 0.91171875 0.05078125 0.12109375
0 0.4578125 0.64375 0.071875 0.12734375
0 0.42890625 0.709375 0.053125 0.09609375
0 0.45625 0.78046875 0.0671875 0.1484375
0 0.528125 0.67890625 0.06875 0.0890625
0 0.59296875 0.69375 0.05546875 0.13203125
0 0.51484375 0.81796875 0.05546875 0.1640625
0 0.53046875 0.76015625 0.09296875 0.08984375
0 0.4484375 0.92890625 0.06640625 0.05078125
0 0.97265625 0.86484375 0.05390625 0.12265625
0 0.89140625 0.89765625 0.084375 0.08515625
0 0.93203125 0.95078125 0.075 0.059375
0 0.97890625 0.1015625 0.04140625 0.09765625