0 0.58984375 0.22734375 0.1 0.22421875
0 0.2609375 0.2015625 0.140625 0.121875
0 0.73359375 0.6671875 0.10234375 0.2015625
0 0.37734375 0.8390625 0.0828125 0.221875
0 0.8140625 0.51640625 0.0984375 0.171875
0 0.9296875 0.06328125 0.10546875 0.125
0 0.05703125 0.5484375 0.09609375 0.1625
0 0.1453125 0.53828125 0.096875 0.1796875
0 0.7671875 0.865625 0.09375 0.14609375
0 0.89765625 0.815625 0.1234375 0.15546875
0 0.16796875 0.7390625 0.09765625 0.15546875
0 0.1703125 0.4265625 0.0984375 0.16328125
0 0.2390625 0.8859375 0.08984375 0.171875
0 0.22734375 0.36015625 0.07421875 0.1671875