0 0.57890625 0.721875 0.08125 0.17265625
0 0.43125 0.8875 0.10703125 0.14453125
0 0.76953125 0.91328125 0.075 0.1734375
0 0.83671875 0.8734375 0.0828125 0.1671875
0 0.7140625 0.61640625 0.07421875 0.16953125
0 0.1078125 0.83046875 0.096875 0.14296875
0 0.07578125 0.7671875 0.071875 0.14140625
0 0.0234375 0.8546875 0.04609375 0.18515625
0 0.0203125 0.6390625 0.040625 0.18671875
0 0.0796875 0.6015625 0.0625 0.1640625
0 0.1 0.52421875 0.0734375 0.13828125
0 0.13359375 0.44140625 0.0890625 0.1109375
0 0.21328125 0.32421875 0.0546875 0.16875
0 0.146875 0.29609375 0.0625 0.17890625
0 0.35859375 0.253125 0.05390625 0.1421875
0 0.40546875 0.20390625 0.0453125 0.10234375
0 0.4578125 0.1859375 0.0609375 0.1125
0 0.55546875 0.2359375 0.07109375 0.13125
0 0.3359375 0.4234375 0.09453125 0.08359375
0 0.328125 0.5171875 0.0640625 0.18203125
0 0.37109375 0.52734375 0.05859375 0.1765625
0 0.440625 0.48359375 0.07578125 0.07890625
0 0.50859375 0.53046875 0.06484375 0.14921875
0 0.55625 0.45390625 0.08203125 0.10078125
0 0.571875 0.37578125 0.07734375 0.0765625
0 0.62109375 0.44375 0.0640625 0.08828125
0 0.64453125 0.5125 0.1046875 0.12890625
0 0.821875 0.6015625 0.0765625 0.12578125
0 0.934375 0.5046875 0.05703125 0.1875
0 0.88203125 0.49765625 0.05703125 0.15859375
0 0.8296875 0.44765625 0.10078125 0.09921875
0 0.80078125 0.375 0.13125 0.06328125
0 0.80703125 0.31796875 0.10078125 0.09140625
0 0.865625 0.146875 0.05703125 0.09765625
0 0.94140625 0.134375 0.07109375 0.10625
0 0.9765625 0.1359375 0.046875 0.1
0 0.81328125 0.2671875 0.0984375 0.04921875
0 0.1265625 0.12421875 0.115625 0.1046875