0 0.8375 0.034375 0.10078125 0.06875
0 0.3140625 0.13984375 0.09296875 0.11328125
0 0.2203125 0.55625 0.08984375 0.10234375
0 0.3546875 0.54453125 0.078125 0.09765625
0 0.253125 0.45703125 0.075 0.121875
0 0.3390625 0.421875 0.1109375 0.12265625
0 0.5890625 0.546875 0.1 0.13125
0 0.48828125 0.5671875 0.07421875 0.153125
0 0.82109375 0.47734375 0.09296875 0.14375
0 0.2078125 0.7875 0.0796875 0.1546875
0 0.70546875 0.74765625 0.08046875 0.17734375
0 0.42890625 0.67578125 0.0765625 0.1609375
0 0.9703125 0.50546875 0.059375 0.1609375
0 0.91953125 0.79375 0.0828125 0.16484375
0 0.309375 0.70390625 0.0640625 0.16484375
0 0.3703125 0.7 0.0671875 0.175
0 0.9078125 0.63984375 0.11171875 0.134375
0 0.89375 0.109375 0.0796875 0.12734375
0 0.49765625 0.1859375 0.0921875 0.1234375
0 0.2578125 0.68828125 0.06640625 0.1484375
0 0.021875 0.62578125 0.04296875 0.1515625
0 0.7296875 0.47109375 0.0671875 0.20078125
0 0.55 0.4203125 0.10859375 0.12421875
0 0.9640625 0.0859375 0.07109375 0.1640625
0 0.14765625 0.39453125 0.08671875 0.11640625
0 0.59453125 0.91015625 0.10234375 0.1734375
0 0.4265625 0.2203125 0.05703125 0.090625
0 0.58203125 0.27265625 0.0890625 0.1453125
0 0.79921875 0.3453125 0.1140625 0.07734375
0 0.82265625 0.240625 0.0921875 0.09140625
0 0.73359375 0.31640625 0.0796875 0.1296875
0 0.2140625 0.39765625 0.05546875 0.1390625