0 0.6953125 0.7078125 0.08515625 0.2015625
0 0.72265625 0.5609375 0.13203125 0.11015625
0 0.78046875 0.7078125 0.08203125 0.21015625
0 0.9609375 0.61015625 0.07578125 0.17578125
0 0.44921875 0.9203125 0.09375 0.15390625
0 0.3796875 0.89921875 0.0890625 0.13828125
0 0.1171875 0.9390625 0.0953125 0.1203125
0 0.19921875 0.35 0.0875 0.178125
0 0.05 0.29140625 0.0953125 0.15546875
0 0.31171875 0.5234375 0.1046875 0.18984375
0 0.81015625 0.88359375 0.115625 0.1484375
0 0.6546875 0.19453125 0.0875 0.1359375
0 0.47734375 0.52109375 0.11640625 0.15234375
0 0.9765625 0.428125 0.04609375 0.1765625
0 0.45390625 0.04609375 0.0890625 0.0921875
0 0.7359375 0.13125 0.1015625 0.1296875
0 0.4390625 0.4 0.10078125 0.1484375
0 0.575 0.14765625 0.1015625 0.14453125
0 0.715625 0.04765625 0.10390625 0.0953125
0 0.553125 0.06484375 0.10234375 0.128125