0 0.9625 0.2453125 0.075 0.11640625
0 0.1859375 0.215625 0.08671875 0.10234375
0 0.1453125 0.47890625 0.05078125 0.18984375
0 0.07734375 0.51875 0.0765625 0.16171875
0 0.4703125 0.64921875 0.1125 0.11328125
0 0.68125 0.73359375 0.10234375 0.15390625
0 0.78671875 0.75390625 0.11328125 0.1109375
0 0.8234375 0.628125 0.0875 0.121875
0 0.9328125 0.5609375 0.11953125 0.11875
0 0.934375 0.69453125 0.07578125 0.1609375
0 0.59140625 0.58515625 0.10703125 0.08984375
0 0.25546875 0.575 0.10546875 0.140625
0 0.4578125 0.53828125 0.11015625 0.07578125
0 0.10703125 0.3671875 0.0640625 0.1125
0 0.04296875 0.38515625 0.0609375 0.1078125
0 0.15859375 0.825 0.04140625 0.12421875
0 0.29453125 0.5 0.0921875 0.10625