0 0.41640625 0.875 0.04609375 0.07890625
0 0.37265625 0.8609375 0.04140625 0.075
0 0.43984375 0.80625 0.05390625 0.0515625
0 0.496875 0.921875 0.05390625 0.08671875
0 0.628125 0.86328125 0.0609375 0.09375
0 0.73515625 0.915625 0.05 0.07421875
0 0.940625 0.95625 0.05703125 0.084375
0 0.93671875 0.88671875 0.0546875 0.07421875
0 0.92109375 0.70546875 0.09296875 0.08984375
0 0.946875 0.76796875 0.0578125 0.10234375
0 0.42890625 0.95390625 0.05390625 0.084375
0 0.3265625 0.9421875 0.0484375 0.0765625
0 0.28828125 0.91640625 0.04140625 0.06796875
0 0.53203125 0.78671875 0.05546875 0.075
0 0.68046875 0.95546875 0.05234375 0.07890625
0 0.6265625 0.7859375 0.04296875 0.06796875