0 0.51328125 0.1796875 0.12421875 0.13359375
0 0.73984375 0.2421875 0.11796875 0.1515625
0 0.8484375 0.10078125 0.121875 0.1578125
0 0.87109375 0.425 0.08671875 0.225
0 0.9078125 0.6359375 0.125 0.21328125
0 0.7484375 0.0953125 0.08984375 0.171875
0 0.21015625 0.60234375 0.10390625 0.1578125
0 0.68125 0.56875 0.11484375 0.1484375
0 0.0578125 0.23828125 0.0796875 0.153125
0 0.12109375 0.2734375 0.0703125 0.1796875
0 0.790625 0.71015625 0.09296875 0.1796875
0 0.690625 0.67734375 0.11171875 0.2015625
0 0.08046875 0.6265625 0.08515625 0.2265625
0 0.253125 0.67265625 0.07890625 0.209375
0 0.32421875 0.4921875 0.08359375 0.1859375
0 0.428125 0.6515625 0.13984375 0.1640625
0 0.81796875 0.934375 0.1015625 0.13125
0 0.74296875 0.8203125 0.14609375 0.17109375
0 0.36328125 0.56796875 0.1140625 0.1484375
0 0.34140625 0.89375 0.0828125 0.20703125
0 0.440625 0.8046875 0.0875 0.20546875
0 0.68203125 0.85 0.10625 0.1796875
0 0.13359375 0.8296875 0.06171875 0.20078125
0 0.6578125 0.921875 0.1140625 0.15546875
0 0.02890625 0.721875 0.05703125 0.20625
0 0.18125 0.8703125 0.0875 0.21015625
0 0.39921875 0.93125 0.0796875 0.1375
0 0.08125 0.8140625 0.10625 0.134375