0 0.41953125 0.3859375 0.0984375 0.12421875
0 0.353125 0.41328125 0.10390625 0.14609375
0 0.47734375 0.20234375 0.0890625 0.1546875
0 0.296875 0.23359375 0.10234375 0.1640625
0 0.15625 0.23828125 0.1140625 0.17578125
0 0.3828125 0.24609375 0.06328125 0.165625
0 0.2609375 0.1421875 0.08671875 0.11796875
0 0.81796875 0.4625 0.07734375 0.21328125
0 0.11015625 0.0984375 0.10703125 0.109375
0 0.88359375 0.265625 0.06484375 0.18046875
0 0.94921875 0.22265625 0.07109375 0.165625
0 0.76328125 0.25390625 0.09375 0.14453125
0 0.0734375 0.2171875 0.0765625 0.1828125
0 0.03515625 0.13203125 0.0703125 0.1515625
0 0.79140625 0.75234375 0.06640625 0.1765625
0 0.64453125 0.91875 0.0859375 0.16171875
0 0.72578125 0.16484375 0.0640625 0.16171875
0 0.8265625 0.88671875 0.13046875 0.17265625