0 0.2921875 0.1125 0.08828125 0.13203125
0 0.2078125 0.21015625 0.08203125 0.1609375
0 0.1328125 0.328125 0.07890625 0.1078125
0 0.84765625 0.1265625 0.06015625 0.1109375
0 0.925 0.10859375 0.059375 0.1203125
0 0.8109375 0.1765625 0.0453125 0.11484375
0 0.2484375 0.80625 0.0953125 0.13828125
0 0.93046875 0.425 0.07578125 0.0921875
0 0.628125 0.76484375 0.0921875 0.15078125
0 0.44765625 0.79296875 0.07421875 0.11328125
0 0.8296875 0.86640625 0.0703125 0.11484375
0 0.953125 0.8015625 0.07734375 0.153125
0 0.4984375 0.803125 0.07109375 0.11015625
0 0.865625 0.915625 0.0578125 0.15546875
0 0.06171875 0.74140625 0.0859375 0.10859375
0 0.5484375 0.85078125 0.08515625 0.1625
0 0.98359375 0.10859375 0.03203125 0.10703125
0 0.20078125 0.71484375 0.0625 0.12109375
0 0.8171875 0.7140625 0.075 0.10234375