0 0.29375 0.13671875 0.078125 0.12265625
0 0.33828125 0.2453125 0.05859375 0.14375
0 0.82421875 0.296875 0.05625 0.13671875
0 0.89921875 0.08671875 0.075 0.11875
0 0.19375 0.4734375 0.0796875 0.159375
0 0.2578125 0.41171875 0.07421875 0.1671875
0 0.415625 0.66875 0.06015625 0.1421875
0 0.61953125 0.54375 0.06875 0.13671875
0 0.19140625 0.33359375 0.0671875 0.14296875
0 0.6390625 0.14375 0.053125 0.18203125
0 0.26484375 0.30078125 0.0765625 0.15625
0 0.2546875 0.72734375 0.0765625 0.17109375
0 0.50703125 0.40703125 0.0671875 0.18046875
0 0.21171875 0.8296875 0.06875 0.19140625
0 0.075 0.8171875 0.09765625 0.14296875
0 0.290625 0.0359375 0.0671875 0.06953125
0 0.74921875 0.35703125 0.04765625 0.1421875
0 0.1109375 0.5140625 0.08671875 0.18828125
0 0.56015625 0.23671875 0.13203125 0.14453125
0 0.61875 0.3921875 0.059375 0.17578125
0 0.778125 0.04609375 0.06640625 0.08984375
0 0.57265625 0.61484375 0.05390625 0.1953125
0 0.56796875 0.37734375 0.05703125 0.184375
0 0.2859375 0.87421875 0.06484375 0.13671875
0 0.65390625 0.9125 0.06328125 0.159375
0 0.6609375 0.42890625 0.05625 0.15859375
0 0.8796875 0.62734375 0.0671875 0.13125
0 0.0375 0.05625 0.071875 0.10859375
0 0.9453125 0.5921875 0.05234375 0.16953125
0 0.44765625 0.95546875 0.0640625 0.08671875
0 0.9375 0.28046875 0.075 0.1921875
0 0.978125 0.4390625 0.04296875 0.10703125
0 0.5328125 0.925 0.0625 0.1375
0 0.70234375 0.3484375 0.0515625 0.146875
0 0.9546875 0.7640625 0.05546875 0.1453125
0 0.74375 0.60234375 0.06328125 0.13828125
0 0.8296875 0.7171875 0.0625 0.1296875
0 0.86328125 0.925 0.05625 0.1203125
0 0.909375 0.9359375 0.04765625 0.09609375
0 0.69609375 0.68671875 0.06875 0.1234375
0 0.3453125 0.85703125 0.0765625 0.1734375
0 0.15 0.67734375 0.07265625 0.17109375
0 0.9171875 0.78984375 0.04921875 0.1390625
0 0.5875 0.9546875 0.059375 0.090625
0 0.7125 0.46875 0.05390625 0.1375
0 0.7875 0.71484375 0.0484375 0.17890625
0 0.75625 0.48359375 0.0578125 0.1265625
0 0.62578125 0.65859375 0.07109375 0.1609375
0 0.70234375 0.8171875 0.0625 0.11328125
0 0.965625 0.9046875 0.0546875 0.140625
0 0.8015625 0.96015625 0.05703125 0.07734375
0 0.365625 0.61484375 0.05859375 0.1421875
0 0.0546875 0.61015625 0.065625 0.1984375
0 0.81484375 0.89140625 0.0546875 0.1109375