0 0.29921875 0.1265625 0.06953125 0.240625
0 0.21171875 0.11953125 0.0953125 0.1359375
0 0.16640625 0.27421875 0.103125 0.125
0 0.653125 0.06875 0.1203125 0.13515625
0 0.253125 0.65703125 0.0796875 0.11640625
0 0.03125 0.17890625 0.0609375 0.16328125
0 0.37578125 0.85703125 0.12890625 0.13359375
0 0.8609375 0.1 0.0890625 0.1875
0 0.4953125 0.08203125 0.08203125 0.16015625
0 0.05 0.33984375 0.0828125 0.19296875
0 0.1484375 0.9015625 0.11796875 0.178125
0 0.55546875 0.13125 0.07734375 0.2625
0 0.35078125 0.646875 0.0734375 0.21015625
0 0.915625 0.70234375 0.1046875 0.19453125
0 0.77265625 0.20625 0.075 0.2265625
0 0.4546875 0.69375 0.0671875 0.19296875
0 0.95078125 0.2953125 0.096875 0.1859375
0 0.5046875 0.75703125 0.11484375 0.190625
0 0.68984375 0.515625 0.07578125 0.16875
0 0.70234375 0.32890625 0.12109375 0.09765625
0 0.803125 0.8734375 0.084375 0.19921875
0 0.753125 0.703125 0.12265625 0.15
0 0.62578125 0.83203125 0.11875 0.16953125
0 0.54609375 0.5328125 0.11953125 0.1296875
0 0.93046875 0.51953125 0.07109375 0.1921875
0 0.825 0.57734375 0.12421875 0.1140625
0 0.61953125 0.68984375 0.15078125 0.1671875
0 0.3640625 0.371875 0.06015625 0.23828125
0 0.2125 0.39375 0.05546875 0.20625