0 0.5890625 0.06796875 0.0875 0.1015625
0 0.08828125 0.38671875 0.08828125 0.12578125
0 0.63203125 0.33828125 0.08515625 0.134375
0 0.78984375 0.275 0.08046875 0.10234375
0 0.925 0.2875 0.07265625 0.121875
0 0.82265625 0.5046875 0.07421875 0.1296875
0 0.88359375 0.6203125 0.0546875 0.15703125
0 0.92109375 0.7859375 0.0625 0.1359375
0 0.475 0.6078125 0.07109375 0.17890625
0 0.246875 0.6671875 0.0703125 0.2203125
0 0.35859375 0.6859375 0.096875 0.1109375
0 0.565625 0.62890625 0.06484375 0.1203125
0 0.6140625 0.7375 0.0625 0.1171875
0 0.559375 0.73125 0.0890625 0.07421875
0 0.2015625 0.84609375 0.0609375 0.15546875
0 0.3296875 0.778125 0.0765625 0.08203125
0 0.271875 0.9609375 0.065625 0.078125
0 0.30234375 0.86640625 0.11796875 0.1078125
0 0.40078125 0.8609375 0.075 0.10625
0 0.34765625 0.94921875 0.05546875 0.08984375
0 0.40859375 0.97890625 0.07890625 0.0421875
0 0.46328125 0.878125 0.053125 0.11640625
0 0.50390625 0.79140625 0.06171875 0.06171875
0 0.51640625 0.9375 0.08046875 0.125
0 0.61484375 0.8421875 0.03828125 0.11015625
0 0.63828125 0.946875 0.0515625 0.10625
0 0.59296875 0.93671875 0.04453125 0.0953125
0 0.684375 0.86171875 0.0671875 0.12890625
0 0.7328125 0.8890625 0.06796875 0.13125
0 0.75546875 0.9671875 0.078125 0.065625
0 0.825 0.96328125 0.04375 0.0734375
0 0.86640625 0.94296875 0.0640625 0.1140625
0 0.9265625 0.93203125 0.05546875 0.1359375
0 0.95859375 0.953125 0.0453125 0.09375
0 0.9875 0.9421875 0.021875 0.11171875
0 0.5671875 0.8640625 0.05546875 0.06953125