0 0.725 0.58515625 0.053125 0.1859375
0 0.82578125 0.55390625 0.0984375 0.1484375
0 0.896875 0.62734375 0.084375 0.15859375
0 0.7359375 0.2515625 0.090625 0.15234375
0 0.1 0.40625 0.059375 0.15390625
0 0.9359375 0.7640625 0.11484375 0.1328125
0 0.509375 0.16953125 0.06796875 0.18984375
0 0.37421875 0.4453125 0.06953125 0.1765625
0 0.5359375 0.61015625 0.07890625 0.17109375
0 0.45859375 0.28671875 0.078125 0.17421875
0 0.74296875 0.11171875 0.06953125 0.1828125
0 0.165625 0.421875 0.059375 0.18359375
0 0.04140625 0.14453125 0.075 0.12421875
0 0.90703125 0.18515625 0.06875 0.18984375
0 0.48046875 0.5765625 0.0859375 0.1546875
0 0.8375 0.821875 0.08984375 0.15859375
0 0.30625 0.275 0.06171875 0.17890625
0 0.43125 0.10703125 0.09609375 0.16171875
0 0.35390625 0.2765625 0.075 0.16015625
0 0.31875 0.12265625 0.08046875 0.1484375
0 0.95546875 0.8703125 0.08125 0.1375
0 0.1125 0.88828125 0.05703125 0.17265625
0 0.6515625 0.04375 0.10703125 0.08203125
0 0.5421875 0.859375 0.10078125 0.13125
0 0.4546875 0.821875 0.0953125 0.13984375
0 0.41875 0.534375 0.0765625 0.15078125
0 0.3765625 0.05703125 0.0703125 0.11328125
0 0.10390625 0.725 0.0578125 0.159375
0 0.378125 0.825 0.0609375 0.19140625
0 0.46796875 0.9609375 0.08046875 0.071875
0 0.0296875 0.715625 0.05859375 0.11171875
0 0.1921875 0.8421875 0.084375 0.1234375
0 0.95078125 0.115625 0.053125 0.12421875
0 0.2703125 0.83515625 0.05859375 0.1609375
0 0.83125 0.95546875 0.10703125 0.084375
0 0.9171875 0.05859375 0.090625 0.1109375
0 0.61796875 0.7234375 0.09296875 0.1234375
0 0.25 0.92265625 0.1 0.1421875
0 0.365625 0.18828125 0.06484375 0.1359375
0 0.38515625 0.9640625 0.06875 0.071875
0 0.02734375 0.8 0.0546875 0.1125
0 0.06484375 0.06328125 0.06484375 0.1203125
0 0.15390625 0.74296875 0.0609375 0.1609375
0 0.2234375 0.6515625 0.05234375 0.12890625
0 0.4484375 0.053125 0.08203125 0.10625
0 0.175 0.640625 0.053125 0.15