0 0.22265625 0.2078125 0.0578125 0.23125
0 0.278125 0.1296875 0.07109375 0.24375
0 0.4265625 0.16875 0.08203125 0.12421875
0 0.51484375 0.15 0.09609375 0.17578125
0 0.50859375 0.04453125 0.10859375 0.0890625
0 0.6828125 0.2375 0.134375 0.146875
0 0.8203125 0.1640625 0.08984375 0.20078125
0 0.67109375 0.04296875 0.09375 0.0828125
0 0.146875 0.15234375 0.103125 0.1484375
0 0.128125 0.0484375 0.07109375 0.0921875
0 0.60078125 0.56875 0.10859375 0.1578125
0 0.83671875 0.70859375 0.09453125 0.1796875
0 0.02890625 0.14296875 0.0578125 0.1328125
0 0.03515625 0.25625 0.0703125 0.125
0 0.059375 0.0453125 0.07890625 0.08984375
0 0.5359375 0.753125 0.096875 0.165625
0 0.6359375 0.73515625 0.1046875 0.14140625
0 0.3984375 0.7875 0.10390625 0.2
0 0.953125 0.896875 0.08828125 0.18203125
0 0.91953125 0.3171875 0.10078125 0.15703125
0 0.34921875 0.621875 0.06796875 0.19921875
0 0.146875 0.36640625 0.09609375 0.1296875
0 0.7125 0.55390625 0.11953125 0.18203125
0 0.08125 0.55390625 0.0828125 0.2984375
0 0.14765625 0.5140625 0.08671875 0.16875
0 0.86640625 0.92890625 0.1046875 0.134375
0 0.6765625 0.459375 0.1046875 0.0828125
0 0.03125 0.44375 0.0625 0.15546875
0 0.73046875 0.83984375 0.0984375 0.171875
0 0.4078125 0.5390625 0.08671875 0.2015625
0 0.94765625 0.646875 0.1015625 0.16015625
0 0.2 0.596875 0.078125 0.209375
0 0.9796875 0.2390625 0.040625 0.16796875
0 0.5984375 0.86640625 0.10546875 0.128125
0 0.8421875 0.8296875 0.08203125 0.14609375
0 0.70390625 0.92578125 0.1109375 0.1484375