0 0.1859375 0.81171875 0.07421875 0.0984375
0 0.175 0.90546875 0.10234375 0.08984375
0 0.2875 0.9359375 0.06171875 0.12109375
0 0.2640625 0.634375 0.05703125 0.0765625
0 0.3390625 0.6375 0.07265625 0.07265625
0 0.4265625 0.70390625 0.04765625 0.084375
0 0.47578125 0.72421875 0.0625 0.08125
0 0.50625 0.65703125 0.08671875 0.075
0 0.5140625 0.921875 0.059375 0.103125
0 0.73046875 0.89375 0.07421875 0.1
0 0.6921875 0.778125 0.05625 0.1109375
0 0.75078125 0.80390625 0.0671875 0.11875
0 0.7828125 0.775 0.05625 0.1
0 0.8265625 0.73515625 0.084375 0.08515625
0 0.91875 0.73359375 0.04296875 0.09296875
0 0.85859375 0.8140625 0.06171875 0.07109375
0 0.890625 0.9078125 0.06953125 0.0875
0 0.86328125 0.9484375 0.0484375 0.08203125
0 0.9296875 0.80546875 0.06171875 0.06640625
0 0.93046875 0.86796875 0.053125 0.0828125
0 0.4625 0.81484375 0.04375 0.07265625
0 0.23515625 0.696875 0.0828125 0.06796875
0 0.13671875 0.61640625 0.0671875 0.0765625
0 0.065625 0.5984375 0.05234375 0.06875
0 0.1 0.84921875 0.06875 0.0828125
0 0.04375 0.8765625 0.08203125 0.10546875
0 0.3078125 0.81015625 0.06875 0.08359375
0 0.35625 0.74375 0.06328125 0.09375