0 0.6984375 0.7078125 0.07421875 0.0875
0 0.7625 0.7796875 0.0671875 0.07109375
0 0.8171875 0.71328125 0.0734375 0.084375
0 0.86015625 0.8125 0.0515625 0.10078125
0 0.91796875 0.8171875 0.05546875 0.0796875
0 0.64140625 0.80703125 0.05234375 0.1140625
0 0.971875 0.77890625 0.05625 0.0984375
0 0.53984375 0.79921875 0.04375 0.11015625
0 0.91953125 0.8875 0.06484375 0.071875
0 0.33828125 0.8328125 0.05859375 0.1390625
0 0.16640625 0.61796875 0.0578125 0.0953125
0 0.06640625 0.6265625 0.059375 0.084375
0 0.11953125 0.67890625 0.0609375 0.1015625
0 0.69765625 0.94453125 0.0515625 0.10234375
0 0.06484375 0.73515625 0.05390625 0.065625
0 0.40859375 0.95390625 0.071875 0.09140625
0 0.40625 0.8453125 0.04296875 0.1109375
0 0.10546875 0.9515625 0.096875 0.08828125
0 0.1921875 0.83984375 0.0828125 0.128125
0 0.22734375 0.671875 0.06171875 0.10546875
0 0.1609375 0.765625 0.0859375 0.1
0 0.478125 0.7984375 0.06953125 0.10859375
0 0.50859375 0.70234375 0.05390625 0.09453125
0 0.375 0.6625 0.05 0.0875
0 0.29375 0.9578125 0.0609375 0.084375
0 0.2796875 0.746875 0.05 0.1140625