0 0.2375 0.903125 0.0609375 0.11015625
0 0.246875 0.759375 0.0625 0.109375
0 0.2203125 0.77109375 0.06328125 0.11953125
0 0.79609375 0.88125 0.04765625 0.0984375
0 0.66015625 0.91640625 0.06953125 0.06796875
0 0.784375 0.96640625 0.06796875 0.0671875
0 0.51640625 0.86015625 0.05234375 0.0734375
0 0.49375 0.7703125 0.05 0.09375
0 0.43984375 0.72265625 0.0359375 0.08828125
0 0.4203125 0.78203125 0.0359375 0.0875
0 0.32265625 0.6859375 0.04375 0.07265625
0 0.35546875 0.753125 0.05625 0.08984375
0 0.16875 0.8515625 0.05625 0.109375
0 0.090625 0.7875 0.03515625 0.08203125
0 0.19375 0.61875 0.07734375 0.0734375
0 0.68125 0.7359375 0.03828125 0.08203125
0 0.728125 0.865625 0.06640625 0.08125
0 0.76640625 0.690625 0.04140625 0.075
0 0.89453125 0.8171875 0.0375 0.10546875
0 0.9421875 0.86796875 0.046875 0.0984375
0 0.89453125 0.884375 0.07265625 0.07109375
0 0.85546875 0.9484375 0.05703125 0.08515625
0 0.33984375 0.634375 0.07734375 0.08203125
0 0.46328125 0.64921875 0.06640625 0.05234375
0 0.5328125 0.68046875 0.05078125 0.0796875
0 0.26875 0.5953125 0.05 0.053125
0 0.26796875 0.6453125 0.0578125 0.078125
0 0.3453125 0.85859375 0.05 0.075
0 0.17890625 0.76640625 0.0453125 0.07734375
0 0.090625 0.88359375 0.05078125 0.11484375
0 0.11015625 0.9390625 0.08828125 0.08671875
0 0.409375 0.88203125 0.0515625 0.0796875
0 0.4796875 0.70625 0.0671875 0.06796875