0 0.5765625 0.93828125 0.04609375 0.10390625
0 0.6046875 0.8703125 0.04609375 0.07890625
0 0.6296875 0.784375 0.04296875 0.0796875
0 0.6796875 0.7796875 0.03984375 0.0953125
0 0.5828125 0.74609375 0.07734375 0.04765625
0 0.75625 0.74375 0.034375 0.0953125
0 0.915625 0.95625 0.05625 0.0875
0 0.96640625 0.7515625 0.0671875 0.07109375
0 0.9203125 0.6859375 0.0640625 0.07421875
0 0.40078125 0.85859375 0.040625 0.07421875
0 0.37578125 0.80859375 0.0421875 0.06640625
0 0.415625 0.8046875 0.04296875 0.0453125
0 0.4984375 0.9515625 0.0609375 0.078125
0 0.5546875 0.884375 0.03984375 0.065625