0 0.74453125 0.06875 0.07265625 0.1375
0 0.49609375 0.203125 0.06640625 0.1875
0 0.2453125 0.159375 0.0875 0.19375
0 0.2421875 0.0390625 0.096875 0.078125
0 0.5359375 0.81015625 0.0828125 0.1984375
0 0.4609375 0.72578125 0.059375 0.1953125
0 0.57578125 0.02734375 0.05703125 0.0546875
0 0.46484375 0.0375 0.0703125 0.075
0 0.67578125 0.7515625 0.06015625 0.1765625
0 0.5921875 0.56640625 0.06953125 0.10390625
0 0.18515625 0.89921875 0.06484375 0.1953125
0 0.89609375 0.775 0.059375 0.12578125
0 0.69296875 0.4875 0.05859375 0.1375
0 0.62578125 0.91796875 0.0640625 0.16171875
0 0.6765625 0.3546875 0.071875 0.14453125
0 0.56796875 0.36328125 0.06484375 0.134375
0 0.04765625 0.60078125 0.08671875 0.13828125
0 0.840625 0.85703125 0.0578125 0.16484375
0 0.86015625 0.66875 0.0671875 0.1390625
0 0.88203125 0.18671875 0.04609375 0.1484375
0 0.85390625 0.28203125 0.07421875 0.13515625
0 0.85390625 0.4265625 0.0515625 0.090625
0 0.1375 0.6296875 0.06640625 0.115625
0 0.2578125 0.66328125 0.10625 0.0765625
0 0.35 0.6296875 0.08359375 0.084375
0 0.72109375 0.909375 0.0796875 0.18125
0 0.76484375 0.87734375 0.0484375 0.17890625
0 0.6203125 0.39296875 0.05 0.1390625