0 0.5125 0.375 0.07890625 0.15234375
0 0.70703125 0.48984375 0.10625 0.1234375
0 0.9078125 0.37734375 0.071875 0.14296875
0 0.9609375 0.46796875 0.07734375 0.11015625
0 0.85625 0.62734375 0.0921875 0.103125
0 0.04375 0.32578125 0.0859375 0.1328125
0 0.11328125 0.6703125 0.0703125 0.1546875
0 0.28359375 0.5890625 0.08125 0.2046875
0 0.53828125 0.56953125 0.07265625 0.2171875
0 0.96328125 0.653125 0.0734375 0.140625
0 0.08515625 0.415625 0.0671875 0.1546875
0 0.390625 0.73125 0.09609375 0.1078125
0 0.20234375 0.61328125 0.08046875 0.1484375
0 0.63984375 0.57421875 0.08984375 0.1
0 0.58671875 0.74375 0.08984375 0.1234375
0 0.7578125 0.61953125 0.08046875 0.12578125
0 0.13125 0.43984375 0.075 0.14296875
0 0.78671875 0.809375 0.10234375 0.13125
0 0.04765625 0.76015625 0.09140625 0.12109375
0 0.428125 0.6046875 0.0953125 0.19765625
0 0.125 0.86171875 0.09921875 0.08046875
0 0.03515625 0.64765625 0.06796875 0.153125
0 0.3078125 0.77265625 0.0875 0.14921875
0 0.96171875 0.8421875 0.07421875 0.15078125
0 0.51015625 0.8140625 0.07890625 0.1390625
0 0.6703125 0.66171875 0.08515625 0.1484375
0 0.52265625 0.7171875 0.08515625 0.0984375
0 0.8515625 0.8546875 0.10234375 0.14453125
0 0.6 0.86953125 0.07578125 0.08984375
0 0.359375 0.8046875 0.08828125 0.12421875
0 0.6046875 0.65546875 0.07109375 0.11953125
0 0.80546875 0.53515625 0.06875 0.134375