0 0.51640625 0.221875 0.0984375 0.14375
0 0.70546875 0.28671875 0.11953125 0.17265625
0 0.228125 0.365625 0.10859375 0.19609375
0 0.33515625 0.41640625 0.10234375 0.1359375
0 0.49375 0.3609375 0.10859375 0.19609375
0 0.83203125 0.20625 0.08046875 0.19375
0 0.94609375 0.37890625 0.0953125 0.21328125
0 0.63203125 0.7046875 0.11171875 0.16953125
0 0.49140625 0.71015625 0.096875 0.17109375
0 0.4890625 0.51484375 0.10703125 0.171875
0 0.834375 0.384375 0.12265625 0.1890625
0 0.31875 0.64921875 0.109375 0.13671875
0 0.21328125 0.63828125 0.11875 0.1703125
0 0.1265625 0.784375 0.140625 0.15546875
0 0.584375 0.47734375 0.10234375 0.2390625
0 0.70390625 0.8609375 0.1015625 0.1921875
0 0.04140625 0.3515625 0.0828125 0.190625
0 0.38203125 0.83359375 0.14453125 0.1671875
0 0.840625 0.665625 0.096875 0.1984375
0 0.7640625 0.4296875 0.09765625 0.16328125
0 0.06171875 0.91796875 0.1234375 0.146875
0 0.7625 0.6546875 0.0984375 0.23359375
0 0.1125 0.36171875 0.0953125 0.28203125
0 0.4 0.6703125 0.09609375 0.19765625
0 0.240625 0.78203125 0.11484375 0.1765625
0 0.4625 0.91796875 0.09765625 0.159375
0 0.25703125 0.92890625 0.12109375 0.13828125
0 0.9546875 0.82734375 0.084375 0.1625