0 0.53203125 0.72421875 0.0875 0.13203125
0 0.14375 0.90546875 0.1234375 0.13125
0 0.74765625 0.6984375 0.08828125 0.1296875
0 0.66015625 0.8078125 0.10625 0.11953125
0 0.12578125 0.53046875 0.09921875 0.1375
0 0.39609375 0.5375 0.08359375 0.20390625
0 0.3546875 0.45234375 0.0640625 0.20390625
0 0.4546875 0.4 0.096875 0.10546875
0 0.60625 0.3390625 0.08828125 0.115625
0 0.70625 0.39765625 0.08359375 0.15546875
0 0.85546875 0.49375 0.0625 0.16484375
0 0.80703125 0.4890625 0.075 0.1421875
0 0.9375 0.43828125 0.10234375 0.08046875
0 0.05234375 0.4171875 0.1015625 0.1390625
0 0.29453125 0.4109375 0.0921875 0.15546875
0 0.7796875 0.3796875 0.0984375 0.14375
0 0.38125 0.13125 0.0765625 0.109375
0 0.1765625 0.2984375 0.0796875 0.15078125
0 0.88984375 0.13515625 0.05859375 0.12734375
0 0.0171875 0.47109375 0.03359375 0.1421875
0 0.28203125 0.3046875 0.10703125 0.1265625
0 0.8453125 0.14609375 0.0671875 0.11171875
0 0.9640625 0.1640625 0.059375 0.084375
0 0.61015625 0.13984375 0.08125 0.10390625
0 0.07109375 0.32578125 0.10078125 0.09453125
0 0.3421875 0.03671875 0.08671875 0.0734375
0 0.9046875 0.4453125 0.0390625 0.06484375
0 0.68203125 0.08515625 0.09140625 0.10546875
0 0.5515625 0.25234375 0.07734375 0.075
0 0.6578125 0.2578125 0.09296875 0.0703125
0 0.76015625 0.04609375 0.07265625 0.0921875
0 0.44453125 0.121875 0.059375 0.1109375
0 0.44921875 0.03359375 0.05625 0.0671875
0 0.209375 0.08203125 0.0625 0.11328125
0 0.2796875 0.1046875 0.090625 0.084375
0 0.134375 0.09921875 0.0890625 0.115625