0 0.6 0.475 0.08359375 0.175
0 0.55390625 0.72578125 0.10078125 0.184375
0 0.41875 0.73359375 0.10625 0.21015625
0 0.7375 0.81328125 0.12578125 0.15703125
0 0.95625 0.29453125 0.07421875 0.18125
0 0.225 0.6703125 0.10703125 0.1234375
0 0.8171875 0.14140625 0.090625 0.17421875
0 0.38359375 0.65390625 0.1140625 0.103125
0 0.9546875 0.7171875 0.08984375 0.19765625
0 0.921875 0.63046875 0.08515625 0.1578125
0 0.38203125 0.0625 0.1046875 0.125
0 0.28203125 0.09140625 0.09296875 0.18203125
0 0.84375 0.07265625 0.08125 0.1453125