0 0.378125 0.58671875 0.08359375 0.121875
0 0.50625 0.7328125 0.0765625 0.140625
0 0.22578125 0.74921875 0.078125 0.134375
0 0.69375 0.575 0.1015625 0.11015625
0 0.39296875 0.740625 0.09140625 0.12578125
0 0.08203125 0.7046875 0.0796875 0.1328125
0 0.97109375 0.646875 0.0578125 0.10546875
0 0.72734375 0.65859375 0.096875 0.09140625
0 0.84140625 0.8546875 0.065625 0.125
0 0.9359375 0.5640625 0.0796875 0.13046875
0 0.07890625 0.6046875 0.075 0.1109375
0 0.45 0.8546875 0.0625 0.09765625
0 0.7828125 0.47578125 0.071875 0.115625
0 0.85546875 0.40234375 0.071875 0.1265625
0 0.28984375 0.7671875 0.0890625 0.1328125
0 0.82734375 0.6359375 0.07109375 0.15
0 0.83828125 0.5109375 0.0953125 0.1015625
0 0.15078125 0.6375 0.06640625 0.1390625
0 0.8703125 0.6015625 0.05390625 0.115625
0 0.36875 0.8453125 0.06640625 0.125
0 0.71796875 0.796875 0.12578125 0.20625
0 0.29609375 0.8453125 0.09453125 0.1078125
0 0.90390625 0.88984375 0.0546875 0.07734375
0 0.88203125 0.47890625 0.0546875 0.1046875
0 0.6375 0.92421875 0.084375 0.1515625
0 0.22578125 0.9125 0.0515625 0.1609375