0 0.49765625 0.36875 0.10234375 0.09296875
0 0.62578125 0.62890625 0.06171875 0.12890625
0 0.54375 0.671875 0.06484375 0.1421875
0 0.49921875 0.51015625 0.071875 0.12421875
0 0.30703125 0.45078125 0.07578125 0.125
0 0.7296875 0.759375 0.06484375 0.1625
0 0.7828125 0.7390625 0.06171875 0.140625
0 0.46640625 0.6203125 0.0640625 0.11640625
0 0.1234375 0.54375 0.08203125 0.12421875
0 0.3265625 0.6234375 0.0640625 0.15
0 0.47265625 0.83046875 0.05390625 0.1234375
0 0.9390625 0.69375 0.096875 0.1125
0 0.44140625 0.53828125 0.05703125 0.15859375
0 0.0390625 0.0546875 0.06484375 0.10703125
0 0.2359375 0.7234375 0.08984375 0.14296875
0 0.88828125 0.834375 0.06484375 0.125
0 0.1515625 0.75234375 0.07421875 0.11875
0 0.2703125 0.8015625 0.07109375 0.13671875
0 0.3765625 0.56953125 0.06171875 0.14765625
0 0.41796875 0.83671875 0.06484375 0.13359375
0 0.9484375 0.85078125 0.0828125 0.09140625
0 0.553125 0.878125 0.0765625 0.05078125
0 0.35078125 0.921875 0.08203125 0.11875
0 0.09453125 0.821875 0.06484375 0.16015625
0 0.15546875 0.83515625 0.071875 0.08828125
0 0.796875 0.884375 0.05234375 0.17421875
0 0.253125 0.9703125 0.1 0.059375
0 0.63046875 0.91640625 0.07421875 0.1671875
0 0.14140625 0.97109375 0.1015625 0.0578125
0 0.715625 0.96953125 0.0734375 0.0609375