0 0.7953125 0.296875 0.10078125 0.178125
0 0.575 0.26015625 0.1 0.16015625
0 0.4984375 0.240625 0.1078125 0.165625
0 0.70625 0.48984375 0.08828125 0.1625
0 0.5046875 0.509375 0.1015625 0.1875
0 0.48828125 0.12265625 0.11796875 0.15625
0 0.16171875 0.4015625 0.10234375 0.15
0 0.7375 0.68671875 0.0921875 0.20546875
0 0.10078125 0.68984375 0.10234375 0.1765625
0 0.81171875 0.60078125 0.09140625 0.2171875
0 0.13828125 0.5125 0.07421875 0.19375
0 0.90546875 0.4671875 0.0828125 0.19453125
0 0.58359375 0.528125 0.078125 0.17578125
0 0.5484375 0.68515625 0.0828125 0.1984375
0 0.884375 0.1375 0.090625 0.1953125
0 0.3359375 0.553125 0.11484375 0.15625
0 0.08984375 0.89921875 0.08359375 0.17578125
0 0.66640625 0.6203125 0.07421875 0.184375
0 0.228125 0.8734375 0.10625 0.15546875
0 0.40234375 0.88046875 0.07109375 0.2234375
0 0.9703125 0.35625 0.059375 0.221875
0 0.96171875 0.6796875 0.07578125 0.16171875
0 0.453125 0.9109375 0.09140625 0.15625
0 0.0296875 0.8953125 0.05625 0.1984375
0 0.325 0.8421875 0.10546875 0.14375
0 0.628125 0.70078125 0.1 0.184375
0 0.91875 0.89296875 0.10546875 0.16484375
0 0.965625 0.1015625 0.06640625 0.19453125
0 0.2078125 0.2140625 0.13046875 0.15703125
0 0.9328125 0.2421875 0.0890625 0.21015625
0 0.93984375 0.74765625 0.09609375 0.17421875