0 0.06328125 0.08671875 0.0609375 0.12265625
0 0.03828125 0.35 0.0765625 0.1296875
0 0.34140625 0.20625 0.0703125 0.19609375
0 0.45390625 0.109375 0.0640625 0.1875
0 0.50546875 0.05859375 0.0609375 0.1171875
0 0.5359375 0.15078125 0.0890625 0.13125
0 0.9015625 0.14140625 0.0703125 0.20546875
0 0.82734375 0.23671875 0.0640625 0.1828125
0 0.7765625 0.3796875 0.0859375 0.13671875
0 0.85390625 0.3140625 0.06015625 0.1828125
0 0.96171875 0.31953125 0.0765625 0.13984375
0 0.9765625 0.19140625 0.046875 0.12265625
0 0.65546875 0.2890625 0.0953125 0.14140625
0 0.49453125 0.36171875 0.0671875 0.196875
0 0.46171875 0.3046875 0.05625 0.18359375
0 0.60078125 0.3609375 0.0578125 0.175
0 0.4578125 0.6140625 0.0875 0.134375
0 0.63515625 0.4375 0.08125 0.16640625
0 0.96171875 0.77890625 0.07421875 0.1375
0 0.34765625 0.6578125 0.0796875 0.1296875
0 0.83515625 0.85078125 0.0703125 0.18125
0 0.2640625 0.37265625 0.07265625 0.10859375
0 0.290625 0.5640625 0.0984375 0.14140625
0 0.9125 0.4546875 0.078125 0.1515625
0 0.62109375 0.6046875 0.0671875 0.1734375
0 0.52421875 0.48671875 0.059375 0.20703125
0 0.925 0.6265625 0.08515625 0.15546875
0 0.171875 0.80625 0.0671875 0.13125
0 0.56328125 0.6078125 0.065625 0.15625
0 0.2765625 0.68671875 0.071875 0.12421875
0 0.29453125 0.45625 0.07265625 0.1125
0 0.6859375 0.68671875 0.10234375 0.1328125
0 0.45625 0.7953125 0.0859375 0.18515625
0 0.0390625 0.784375 0.075 0.1328125
0 0.18359375 0.578125 0.03984375 0.178125
0 0.46484375 0.5046875 0.07265625 0.12265625
0 0.85859375 0.50703125 0.05703125 0.1921875
0 0.7515625 0.57734375 0.0734375 0.203125
0 0.3703125 0.81875 0.07265625 0.18515625
0 0.89765625 0.734375 0.0640625 0.19375
0 0.828125 0.64609375 0.059375 0.1796875
0 0.16328125 0.92109375 0.0671875 0.1328125
0 0.0640625 0.87578125 0.071875 0.12265625
0 0.7046875 0.8984375 0.071875 0.203125
0 0.61015625 0.92734375 0.0890625 0.1453125
0 0.67265625 0.79609375 0.10078125 0.1390625
0 0.3984375 0.95390625 0.0859375 0.08671875
0 0.559375 0.4875 0.06328125 0.17109375
0 0.53828125 0.86015625 0.0625 0.221875
0 0.51328125 0.7625 0.06484375 0.171875
0 0.60859375 0.77421875 0.0625 0.14609375
0 0.0890625 0.9546875 0.06328125 0.08984375
0 0.9671875 0.88671875 0.065625 0.11328125
0 0.91328125 0.9640625 0.05078125 0.07109375
0 0.315625 0.8859375 0.0515625 0.1703125
0 0.33515625 0.7625 0.06015625 0.13671875
0 0.2234375 0.534375 0.0578125 0.15