0 0.29140625 0.27578125 0.0734375 0.17890625
0 0.234375 0.4921875 0.10078125 0.10390625
0 0.21796875 0.603125 0.11015625 0.134375
0 0.41640625 0.853125 0.1078125 0.13984375
0 0.51171875 0.84609375 0.1140625 0.10546875
0 0.43671875 0.953125 0.075 0.09296875
0 0.50859375 0.93828125 0.09375 0.12109375
0 0.640625 0.93046875 0.1171875 0.13046875
0 0.92734375 0.37421875 0.075 0.159375
0 0.4828125 0.39140625 0.09765625 0.13125
0 0.6734375 0.44453125 0.07265625 0.12109375
0 0.6984375 0.3234375 0.115625 0.11015625
0 0.5453125 0.28515625 0.09296875 0.09921875
0 0.4375 0.22109375 0.0625 0.1609375
0 0.1046875 0.10234375 0.08359375 0.10390625
0 0.025 0.13125 0.05 0.071875
0 0.08125 0.21484375 0.07890625 0.12265625
0 0.14765625 0.2234375 0.09609375 0.096875
0 0.13203125 0.40546875 0.05390625 0.15234375
0 0.1984375 0.3546875 0.07265625 0.159375
0 0.12265625 0.33671875 0.0703125 0.12421875
0 0.08046875 0.32265625 0.059375 0.11640625
0 0.0734375 0.0328125 0.03984375 0.065625
0 0.22890625 0.071875 0.059375 0.1078125
0 0.30390625 0.1 0.06875 0.1796875
0 0.5625 0.15546875 0.10234375 0.11171875
0 0.63984375 0.22578125 0.071875 0.11015625
0 0.65234375 0.1421875 0.10390625 0.09375
0 0.77734375 0.13359375 0.0859375 0.15078125
0 0.81015625 0.22265625 0.05390625 0.175
0 0.9578125 0.19453125 0.08203125 0.15859375
0 0.971875 0.04453125 0.05546875 0.0734375
0 0.65 0.059375 0.0984375 0.06953125
0 0.721875 0.084375 0.06875 0.10078125