0 0.5625 0.1 0.10625 0.1125
0 0.53828125 0.2359375 0.11015625 0.146875
0 0.5453125 0.4 0.08359375 0.1734375
0 0.09453125 0.37421875 0.12890625 0.12734375
0 0.82890625 0.58671875 0.08203125 0.18203125
0 0.7953125 0.32578125 0.07421875 0.18671875
0 0.4640625 0.65234375 0.0890625 0.21875
0 0.6203125 0.46328125 0.07578125 0.1796875
0 0.72734375 0.05078125 0.10625 0.09765625
0 0.65078125 0.790625 0.10546875 0.15390625
0 0.8515625 0.09453125 0.0703125 0.18203125
0 0.915625 0.7375 0.08359375 0.1734375
0 0.15390625 0.8 0.07890625 0.1953125
0 0.675 0.33125 0.0671875 0.2140625
0 0.8109375 0.740625 0.1078125 0.140625
0 0.259375 0.2546875 0.09453125 0.22265625
0 0.7421875 0.86640625 0.08359375 0.16171875
0 0.7453125 0.32265625 0.0609375 0.19609375
0 0.628125 0.60625 0.10703125 0.14453125
0 0.275 0.940625 0.11171875 0.11796875
0 0.1109375 0.1765625 0.06015625 0.13984375
0 0.41875 0.90546875 0.08671875 0.17890625
0 0.0359375 0.75625 0.06953125 0.18671875
0 0.4828125 0.53359375 0.10234375 0.15703125
0 0.0875 0.7890625 0.0625 0.20390625
0 0.89140625 0.86015625 0.07109375 0.10234375
0 0.7046875 0.50859375 0.0859375 0.134375
0 0.95 0.0484375 0.053125 0.09609375
0 0.06953125 0.22109375 0.059375 0.1203125