0 0.3015625 0.4390625 0.07890625 0.10078125
0 0.50859375 0.471875 0.07734375 0.12578125
0 0.50625 0.3375 0.065625 0.15
0 0.5875 0.41875 0.0921875 0.11171875
0 0.946875 0.57734375 0.071875 0.1359375
0 0.490625 0.7359375 0.0640625 0.1484375
0 0.90546875 0.51640625 0.08515625 0.1265625
0 0.16640625 0.65703125 0.08046875 0.13671875
0 0.05703125 0.4890625 0.06015625 0.12734375
0 0.78828125 0.60234375 0.07578125 0.153125
0 0.11015625 0.47421875 0.06875 0.10859375
0 0.0828125 0.58359375 0.09296875 0.12109375
0 0.6703125 0.31015625 0.0515625 0.11015625
0 0.80625 0.6953125 0.08671875 0.13203125
0 0.3296875 0.04296875 0.0625 0.08359375
0 0.24296875 0.68828125 0.084375 0.11171875
0 0.45625 0.03828125 0.0515625 0.07578125
0 0.05859375 0.73828125 0.065625 0.1359375
0 0.2484375 0.04921875 0.06953125 0.0984375
0 0.6984375 0.8421875 0.0703125 0.1078125
0 0.509375 0.03515625 0.05546875 0.06953125
0 0.56484375 0.0421875 0.0703125 0.084375
0 0.51640625 0.86328125 0.0828125 0.07265625
0 0.1265625 0.771875 0.07734375 0.11953125
0 0.42734375 0.7875 0.084375 0.1078125
0 0.86796875 0.7390625 0.1 0.10703125
0 0.95234375 0.85234375 0.084375 0.08671875
0 0.8234375 0.82578125 0.103125 0.1265625
0 0.94609375 0.7796875 0.1 0.08984375
0 0.30546875 0.8171875 0.096875 0.11640625
0 0.0859375 0.8453125 0.0859375 0.1109375