0 0.23203125 0.384375 0.0765625 0.13984375
0 0.31015625 0.4546875 0.0828125 0.10703125
0 0.3578125 0.553125 0.075 0.146875
0 0.328125 0.7640625 0.0796875 0.16328125
0 0.10625 0.81640625 0.06640625 0.2
0 0.7390625 0.81640625 0.09765625 0.115625
0 0.48671875 0.778125 0.08984375 0.07109375
0 0.40859375 0.6546875 0.06640625 0.153125
0 0.49765625 0.684375 0.09140625 0.0984375
0 0.42265625 0.85 0.109375 0.0828125
0 0.446875 0.93828125 0.065625 0.1234375
0 0.32109375 0.91953125 0.07109375 0.0765625
0 0.39453125 0.91875 0.0734375 0.08125
0 0.94765625 0.9328125 0.0984375 0.121875
0 0.12265625 0.3015625 0.078125 0.1546875
0 0.8 0.403125 0.0765625 0.13046875
0 0.9703125 0.421875 0.059375 0.109375
0 0.528125 0.50703125 0.078125 0.18046875
0 0.18984375 0.1796875 0.0984375 0.128125
0 0.31875 0.2953125 0.096875 0.15078125
0 0.490625 0.37421875 0.05703125 0.1671875
0 0.54609375 0.371875 0.065625 0.140625
0 0.4375 0.2015625 0.0765625 0.1359375
0 0.575 0.46953125 0.084375 0.13125
0 0.86640625 0.40546875 0.06484375 0.14609375
0 0.59296875 0.35 0.06328125 0.16328125
0 0.1078125 0.11171875 0.09140625 0.10234375
0 0.42890625 0.32109375 0.07421875 0.18359375
0 0.8109375 0.2875 0.0703125 0.1625
0 0.90625 0.509375 0.06640625 0.14609375
0 0.86796875 0.2078125 0.06953125 0.12890625
0 0.03984375 0.25390625 0.07890625 0.1515625
0 0.22421875 0.07421875 0.07578125 0.08125
0 0.9765625 0.31796875 0.046875 0.10859375
0 0.028125 0.13359375 0.05546875 0.146875
0 0.29765625 0.171875 0.0796875 0.11015625
0 0.375 0.96171875 0.05703125 0.07265625
0 0.9453125 0.14453125 0.06328125 0.10078125
0 0.44296875 0.03984375 0.06875 0.07734375
0 0.18984375 0.03203125 0.10859375 0.06171875
0 0.721875 0.18515625 0.06875 0.0984375
0 0.86640625 0.07421875 0.06640625 0.10390625
0 0.49453125 0.91796875 0.0515625 0.1640625
0 0.634375 0.08359375 0.115625 0.13359375
0 0.95703125 0.2359375 0.0828125 0.09375