0 0.5421875 0.48046875 0.071875 0.13515625
0 0.51328125 0.31640625 0.08203125 0.13125
0 0.38359375 0.3328125 0.075 0.10859375
0 0.28828125 0.296875 0.09296875 0.103125
0 0.421875 0.12265625 0.075 0.121875
0 0.7484375 0.14765625 0.06796875 0.1234375
0 0.8015625 0.08515625 0.05234375 0.103125
0 0.67734375 0.26796875 0.06875 0.12890625
0 0.4875 0.128125 0.071875 0.10546875
0 0.5109375 0.21640625 0.06640625 0.10390625
0 0.7375 0.29453125 0.0515625 0.13671875
0 0.88359375 0.68671875 0.05625 0.14375
0 0.34453125 0.22109375 0.078125 0.11171875
0 0.28515625 0.14921875 0.06953125 0.11953125
0 0.57578125 0.171875 0.05234375 0.15703125
0 0.5890625 0.0546875 0.05546875 0.10859375
0 0.66640625 0.1578125 0.0609375 0.10546875
0 0.31796875 0.57109375 0.084375 0.128125
0 0.35078125 0.43125 0.07109375 0.10390625
0 0.8453125 0.20234375 0.04765625 0.11015625
0 0.96484375 0.2859375 0.05546875 0.1234375
0 0.89765625 0.11640625 0.0578125 0.09375
0 0.63046875 0.0703125 0.05078125 0.12734375
0 0.3875 0.64140625 0.08046875 0.10078125
0 0.96328125 0.4171875 0.06875 0.1203125
0 0.69296875 0.07578125 0.0421875 0.09453125
0 0.81171875 0.478125 0.04609375 0.1203125
0 0.85234375 0.47734375 0.04765625 0.11484375
0 0.8875 0.4921875 0.04375 0.11328125
0 0.82421875 0.37890625 0.0328125 0.09921875
0 0.865625 0.4015625 0.0453125 0.09296875
0 0.065625 0.50625 0.07109375 0.18359375
0 0.17890625 0.6578125 0.059375 0.125
0 0.2265625 0.6875 0.05625 0.12109375
0 0.46171875 0.70078125 0.05859375 0.1421875
0 0.51171875 0.77890625 0.09765625 0.0890625
0 0.609375 0.825 0.0921875 0.11328125
0 0.03203125 0.8296875 0.0640625 0.1515625
0 0.8890625 0.26640625 0.0328125 0.10625
0 0.93125 0.2015625 0.03515625 0.0671875
0 0.94609375 0.12421875 0.034375 0.090625
0 0.9640625 0.059375 0.0359375 0.08515625
0 0.92265625 0.05625 0.04609375 0.09296875