0 0.68359375 0.63671875 0.05546875 0.1515625
0 0.75390625 0.71875 0.07421875 0.09375
0 0.765625 0.84296875 0.046875 0.1421875
0 0.82578125 0.74453125 0.05390625 0.11171875
0 0.92890625 0.60703125 0.05546875 0.12578125
0 0.975 0.6203125 0.05 0.11875
0 0.896875 0.78828125 0.06875 0.1734375
0 0.5953125 0.8703125 0.06796875 0.1078125
0 0.39296875 0.6109375 0.06171875 0.12265625
0 0.30546875 0.59296875 0.06796875 0.1375
0 0.76640625 0.45546875 0.05625 0.11171875
0 0.73515625 0.55078125 0.07578125 0.13984375
0 0.72265625 0.9109375 0.06328125 0.13359375
0 0.51875 0.91328125 0.06171875 0.13671875
0 0.35625 0.5203125 0.06875 0.17265625
0 0.63203125 0.49765625 0.0515625 0.1640625
0 0.61796875 0.603125 0.05703125 0.13203125
0 0.36875 0.3734375 0.0765625 0.18984375
0 0.97109375 0.49375 0.04765625 0.140625
0 0.3234375 0.40234375 0.07421875 0.14609375
0 0.53984375 0.7546875 0.0640625 0.15
0 0.45625 0.63125 0.06796875 0.1296875
0 0.246875 0.384375 0.0640625 0.13828125
0 0.25625 0.49375 0.08046875 0.109375
0 0.0234375 0.7 0.046875 0.121875
0 0.1109375 0.76171875 0.075 0.12109375
0 0.49375 0.771875 0.071875 0.128125
0 0.95546875 0.8140625 0.06015625 0.19140625
0 0.5796875 0.77421875 0.0484375 0.1484375
0 0.26015625 0.603125 0.084375 0.1453125
0 0.5375 0.66953125 0.084375 0.071875
0 0.63984375 0.77421875 0.075 0.13984375
0 0.30390625 0.2984375 0.06953125 0.1203125
0 0.140625 0.8609375 0.0921875 0.1109375
0 0.5078125 0.59921875 0.07265625 0.1140625
0 0.9015625 0.4234375 0.06171875 0.228125
0 0.0734375 0.64453125 0.0765625 0.12265625
0 0.59296875 0.534375 0.04921875 0.15078125
0 0.22578125 0.91875 0.07734375 0.15703125
0 0.1734375 0.7953125 0.07890625 0.15078125
0 0.0421875 0.35625 0.0609375 0.1390625
0 0.4703125 0.50390625 0.0640625 0.1375
0 0.54609375 0.51640625 0.05078125 0.1390625
0 0.13046875 0.6578125 0.06640625 0.1296875
0 0.2046875 0.31796875 0.06875 0.17421875
0 0.68359375 0.23828125 0.053125 0.109375
0 0.98203125 0.33359375 0.0359375 0.13984375
0 0.4359375 0.69609375 0.0859375 0.1375
0 0.18125 0.953125 0.07109375 0.0890625
0 0.93046875 0.2609375 0.05078125 0.1453125
0 0.7390625 0.4859375 0.0578125 0.1375
0 0.79296875 0.290625 0.05625 0.15703125
0 0.01875 0.80078125 0.0375 0.134375
0 0.6515625 0.92265625 0.07109375 0.14765625
0 0.596875 0.26484375 0.0734375 0.1484375
0 0.92890625 0.9359375 0.06953125 0.1234375
0 0.86015625 0.39921875 0.04453125 0.146875
0 0.5453125 0.22421875 0.0671875 0.1796875
0 0.83203125 0.33046875 0.06015625 0.09765625
0 0.42265625 0.28046875 0.071875 0.1046875
0 0.365625 0.21875 0.08125 0.13984375
0 0.43046875 0.409375 0.065625 0.1359375
0 0.61796875 0.71875 0.065625 0.13984375
0 0.09609375 0.93125 0.06953125 0.13359375
0 0.1390625 0.30390625 0.06796875 0.153125
0 0.03203125 0.9171875 0.0640625 0.15859375
0 0.29921875 0.16171875 0.0578125 0.09921875
0 0.6578125 0.1828125 0.05859375 0.1
0 0.128125 0.42421875 0.09296875 0.20234375
0 0.0234375 0.61640625 0.046875 0.1375
0 0.2390625 0.15703125 0.08046875 0.08671875
0 0.74140625 0.321875 0.05625 0.1359375
0 0.01875 0.3578125 0.03671875 0.196875
0 0.0453125 0.18125 0.07421875 0.12734375
0 0.83046875 0.20859375 0.0453125 0.12421875
0 0.83359375 0.03046875 0.05546875 0.0578125
0 0.91796875 0.0296875 0.04609375 0.05625
0 0.140625 0.19140625 0.0765625 0.08125
0 0.17265625 0.6203125 0.0796875 0.096875
0 0.50234375 0.3390625 0.07578125 0.13671875
0 0.384375 0.79375 0.10234375 0.12109375
0 0.36796875 0.90703125 0.0640625 0.1421875
0 0.41953125 0.9046875 0.0609375 0.1375
0 0.83515625 0.5578125 0.053125 0.1390625
0 0.85078125 0.640625 0.084375 0.10390625
0 0.22265625 0.2296875 0.06484375 0.11640625