0 0.39296875 0.146875 0.0859375 0.11953125
0 0.36328125 0.22578125 0.0609375 0.1328125
0 0.5078125 0.159375 0.04921875 0.175
0 0.709375 0.0984375 0.06640625 0.17109375
0 0.61484375 0.2140625 0.0671875 0.11015625
0 0.6546875 0.32109375 0.059375 0.14609375
0 0.5890625 0.3328125 0.05 0.18671875
0 0.4375 0.27109375 0.0546875 0.1390625
0 0.46015625 0.40078125 0.06015625 0.175
0 0.4765625 0.8546875 0.0640625 0.1875
0 0.26875 0.52421875 0.09609375 0.12734375
0 0.1078125 0.44921875 0.08515625 0.1375
0 0.3359375 0.521875 0.0640625 0.16953125
0 0.346875 0.384375 0.08125 0.17265625
0 0.13828125 0.31953125 0.09765625 0.1359375
0 0.4328125 0.50625 0.06484375 0.16015625
0 0.46953125 0.58671875 0.08203125 0.13203125
0 0.825 0.95625 0.053125 0.0875
0 0.365625 0.77265625 0.09140625 0.13515625
0 0.87109375 0.7328125 0.06015625 0.13515625
0 0.3875 0.509375 0.05 0.17109375
0 0.92890625 0.90859375 0.06640625 0.1078125
0 0.175 0.50859375 0.078125 0.09765625
0 0.1828125 0.60546875 0.07734375 0.13359375
0 0.24609375 0.8921875 0.06640625 0.178125
0 0.38828125 0.96640625 0.0859375 0.0671875
0 0.5984375 0.9671875 0.08203125 0.06484375
0 0.090625 0.61796875 0.096875 0.171875
0 0.14453125 0.9640625 0.07578125 0.071875
0 0.18828125 0.725 0.08203125 0.15703125
0 0.10546875 0.74375 0.1015625 0.121875
0 0.0515625 0.65 0.06953125 0.09921875
0 0.20390625 0.9421875 0.08984375 0.109375