0 0.44140625 0.5078125 0.04140625 0.209375
0 0.3 0.4703125 0.07578125 0.11953125
0 0.28828125 0.621875 0.0828125 0.134375
0 0.5046875 0.5546875 0.078125 0.12734375
0 0.39453125 0.690625 0.0921875 0.12890625
0 0.13125 0.5875 0.07578125 0.1515625
0 0.2625 0.30546875 0.096875 0.17578125
0 0.38671875 0.36875 0.09296875 0.1265625
0 0.23125 0.84453125 0.10625 0.15
0 0.19609375 0.44296875 0.07265625 0.1515625
0 0.40078125 0.8484375 0.0796875 0.14453125
0 0.34296875 0.61640625 0.07734375 0.16171875
0 0.03203125 0.63984375 0.06171875 0.11171875
0 0.33515625 0.8609375 0.07578125 0.1328125
0 0.5078125 0.659375 0.071875 0.15234375
0 0.059375 0.71171875 0.07890625 0.1265625
0 0.059375 0.85234375 0.06875 0.15703125
0 0.38515625 0.196875 0.090625 0.14375
0 0.72265625 0.30625 0.0640625 0.11171875
0 0.8421875 0.79453125 0.06328125 0.17421875
0 0.565625 0.15625 0.07421875 0.13671875
0 0.653125 0.859375 0.0640625 0.10625
0 0.97265625 0.36171875 0.0546875 0.1546875
0 0.8984375 0.61875 0.0625 0.13671875
0 0.9453125 0.1703125 0.0640625 0.14921875
0 0.7296875 0.14375 0.07421875 0.11015625
0 0.1734375 0.78359375 0.11015625 0.23671875
0 0.84921875 0.50546875 0.05859375 0.13984375
0 0.56484375 0.634375 0.05625 0.16640625
0 0.7953125 0.7390625 0.046875 0.17109375
0 0.11640625 0.73984375 0.06015625 0.18125
0 0.25546875 0.10390625 0.1453125 0.17578125
0 0.68671875 0.93046875 0.06171875 0.12421875
0 0.19609375 0.2453125 0.08203125 0.10390625
0 0.9140625 0.05078125 0.08359375 0.10078125
0 0.44375 0.19921875 0.06015625 0.12265625
0 0.91171875 0.75078125 0.0625 0.18515625
0 0.7859375 0.46328125 0.06171875 0.1734375
0 0.76171875 0.8703125 0.0546875 0.115625
0 0.8703125 0.903125 0.053125 0.15703125
0 0.66484375 0.7828125 0.05546875 0.13359375
0 0.4546875 0.07421875 0.06484375 0.1484375
0 0.8796875 0.1546875 0.05390625 0.09375
0 0.61953125 0.6234375 0.0625 0.165625
0 0.9046875 0.36640625 0.0578125 0.15703125
0 0.909375 0.5109375 0.06875 0.125
0 0.6671875 0.65703125 0.0609375 0.1234375
0 0.103125 0.09140625 0.0734375 0.13046875
0 0.33515625 0.95234375 0.09921875 0.0796875
0 0.81015625 0.8828125 0.059375 0.125
0 0.7515625 0.60390625 0.05 0.14609375
0 0.67265625 0.3140625 0.0609375 0.1109375
0 0.52265625 0.0625 0.065625 0.125
0 0.38828125 0.0421875 0.0875 0.084375
0 0.9359375 0.61328125 0.04765625 0.12890625
0 0.75 0.39375 0.05859375 0.11171875
0 0.70546875 0.6453125 0.04921875 0.1265625
0 0.6171875 0.321875 0.06484375 0.09140625
0 0.153125 0.03515625 0.0984375 0.06875
0 0.0796875 0.50078125 0.07890625 0.1140625
0 0.6453125 0.1828125 0.0796875 0.09296875
0 0.03125 0.11015625 0.06171875 0.1625
0 0.98203125 0.471875 0.0359375 0.10234375
0 0.61640625 0.4265625 0.0625 0.16484375
0 0.703125 0.48125 0.0546875 0.128125
0 0.97109375 0.23828125 0.0578125 0.0828125
0 0.7 0.73125 0.046875 0.165625
0 0.70234375 0.396875 0.0515625 0.11484375
0 0.5828125 0.3 0.07265625 0.09140625
0 0.946875 0.48359375 0.0453125 0.14453125
0 0.6 0.0390625 0.09453125 0.075
0 0.028125 0.3421875 0.05625 0.20859375
0 0.0265625 0.53515625 0.05078125 0.07734375
0 0.66875 0.51796875 0.046875 0.125
0 0.9546875 0.96484375 0.06640625 0.06640625
0 0.32421875 0.21484375 0.06015625 0.14765625
0 0.82109375 0.03515625 0.05390625 0.06953125
0 0.94921875 0.7046875 0.0390625 0.15703125
0 0.61796875 0.97734375 0.05546875 0.04453125
0 0.775 0.04609375 0.05390625 0.08984375
0 0.01328125 0.86015625 0.02578125 0.1484375
0 0.03125 0.0328125 0.05625 0.065625
0 0.08984375 0.9859375 0.06796875 0.028125
0 0.28125 0.05 0.06953125 0.09921875