0 0.4828125 0.48359375 0.07421875 0.1390625
0 0.625 0.29609375 0.090625 0.09609375
0 0.11796875 0.47109375 0.07578125 0.1390625
0 0.26171875 0.5859375 0.07265625 0.1546875
0 0.7765625 0.47109375 0.0875 0.16640625
0 0.07265625 0.596875 0.065625 0.11953125
0 0.92421875 0.46796875 0.0859375 0.12109375
0 0.85078125 0.69921875 0.08046875 0.15078125
0 0.16171875 0.7234375 0.0765625 0.15859375
0 0.46015625 0.678125 0.0765625 0.11484375
0 0.05390625 0.7078125 0.0578125 0.13046875
0 0.3203125 0.70546875 0.06015625 0.16015625
0 0.7703125 0.628125 0.07421875 0.17421875
0 0.565625 0.65 0.08359375 0.203125
0 0.640625 0.7078125 0.08046875 0.14140625
0 0.18828125 0.83515625 0.06015625 0.11953125
0 0.97421875 0.2828125 0.05078125 0.065625
0 0.8578125 0.84296875 0.0671875 0.121875
0 0.3890625 0.309375 0.06796875 0.08515625
0 0.05625 0.3265625 0.06796875 0.0640625
0 0.2609375 0.7296875 0.071875 0.12890625
0 0.684375 0.84140625 0.10625 0.11171875
0 0.03984375 0.84140625 0.0546875 0.1203125
0 0.9734375 0.8390625 0.05234375 0.10859375
0 0.09765625 0.78828125 0.0609375 0.10078125
0 0.528125 0.8453125 0.065625 0.10859375
0 0.4828125 0.825 0.06875 0.1375
0 0.4125 0.76171875 0.08515625 0.11171875
0 0.7515625 0.7515625 0.0859375 0.1015625
0 0.9203125 0.85625 0.065625 0.08125
0 0.28203125 0.0515625 0.0578125 0.084375
0 0.0546875 0.0234375 0.0640625 0.046875
0 0.61171875 0.0171875 0.0515625 0.034375
0 0.36484375 0.01875 0.0421875 0.0375
0 0.309375 0.309375 0.06796875 0.0765625
0 0.175 0.05078125 0.0671875 0.1015625
0 0.215625 0.9328125 0.08203125 0.1296875
0 0.37421875 0.8296875 0.11484375 0.1296875
0 0.02109375 0.071875 0.040625 0.090625
0 0.09140625 0.90390625 0.09296875 0.0984375
0 0.79140625 0.91484375 0.0515625 0.1390625