0 0.64375 0.359375 0.065625 0.1359375
0 0.44765625 0.4921875 0.071875 0.1546875
0 0.11796875 0.55625 0.07578125 0.15546875
0 0.5125 0.634375 0.090625 0.13359375
0 0.69609375 0.7015625 0.08125 0.13125
0 0.92578125 0.59375 0.09140625 0.10859375
0 0.1078125 0.35390625 0.05703125 0.11484375
0 0.8109375 0.28671875 0.07734375 0.06875
0 0.375 0.73671875 0.05390625 0.165625
0 0.27265625 0.31484375 0.0671875 0.08203125
0 0.29765625 0.78984375 0.0671875 0.125
0 0.38203125 0.303125 0.07109375 0.07734375
0 0.7328125 0.2953125 0.05625 0.08046875
0 0.21015625 0.034375 0.0796875 0.06640625
0 0.1015625 0.86328125 0.08046875 0.0921875
0 0.253125 0.8625 0.0890625 0.0796875
0 0.27890625 0.0578125 0.07109375 0.075
0 0.3515625 0.04765625 0.06171875 0.078125
0 0.4234375 0.040625 0.0640625 0.08125
0 0.49765625 0.05546875 0.05546875 0.04921875
0 0.5328125 0.02109375 0.07578125 0.04140625
0 0.015625 0.82578125 0.03125 0.1515625
0 0.16328125 0.97109375 0.08984375 0.05703125
0 0.31796875 0.965625 0.13125 0.0640625
0 0.43203125 0.84296875 0.1 0.09921875
0 0.57265625 0.92265625 0.0828125 0.13125
0 0.9734375 0.80859375 0.053125 0.13828125
0 0.85703125 0.84765625 0.06875 0.10234375
0 0.85390625 0.7484375 0.0546875 0.103125
0 0.89453125 0.725 0.0484375 0.115625
0 0.915625 0.81328125 0.07265625 0.09609375
0 0.94921875 0.96875 0.0640625 0.0625
0 0.3296875 0.74296875 0.04609375 0.1046875