0 0.4921875 0.2390625 0.09140625 0.2125
0 0.590625 0.24765625 0.109375 0.11796875
0 0.24453125 0.17421875 0.12734375 0.16015625
0 0.68828125 0.16484375 0.0984375 0.15078125
0 0.76953125 0.13671875 0.1046875 0.1515625
0 0.20703125 0.05546875 0.0953125 0.10859375
0 0.0546875 0.72109375 0.109375 0.1421875
0 0.9546875 0.24921875 0.090625 0.1171875
0 0.19140625 0.36328125 0.1328125 0.14375
0 0.29921875 0.365625 0.09609375 0.15625
0 0.24609375 0.86796875 0.14453125 0.18359375
0 0.140625 0.896875 0.09921875 0.20546875
0 0.840625 0.05546875 0.08203125 0.1078125
0 0.75078125 0.715625 0.13125 0.15234375
0 0.95859375 0.68984375 0.08203125 0.1421875
0 0.7625 0.47734375 0.1484375 0.14375
0 0.4453125 0.575 0.0875 0.15703125
0 0.7609375 0.8140625 0.121875 0.2109375
0 0.96015625 0.06171875 0.07421875 0.1171875
0 0.95625 0.44375 0.0875 0.13671875
0 0.28984375 0.72578125 0.1078125 0.1828125
0 0.91484375 0.5203125 0.10234375 0.178125
0 0.1953125 0.6953125 0.1015625 0.17890625
0 0.509375 0.6890625 0.12578125 0.1390625
0 0.68515625 0.959375 0.11015625 0.07890625
0 0.69375 0.6171875 0.08203125 0.1734375
0 0.91484375 0.1796875 0.078125 0.1421875
0 0.07890625 0.14375 0.0828125 0.259375
0 0.23515625 0.5578125 0.1234375 0.153125
0 0.3640625 0.6515625 0.0890625 0.15703125
0 0.4125 0.7640625 0.0828125 0.2078125
0 0.4625 0.91484375 0.08671875 0.1640625
0 0.45859375 0.4390625 0.1078125 0.1078125
0 0.5296875 0.8515625 0.084375 0.20859375
0 0.8046875 0.55859375 0.07734375 0.15078125
0 0.05625 0.5609375 0.1125 0.12421875
0 0.01953125 0.14375 0.0390625 0.22109375
0 0.903125 0.97265625 0.09140625 0.0546875