0 0.4609375 0.5421875 0.13359375 0.171875
0 0.76171875 0.49453125 0.10859375 0.11640625
0 0.77890625 0.11796875 0.1109375 0.11875
0 0.61796875 0.49296875 0.10078125 0.13203125
0 0.62421875 0.32890625 0.07890625 0.14765625
0 0.48359375 0.76796875 0.121875 0.1828125
0 0.17578125 0.8546875 0.103125 0.2296875
0 0.60625 0.68828125 0.1 0.1515625
0 0.70234375 0.79765625 0.08828125 0.20234375
0 0.75859375 0.93984375 0.1578125 0.1203125
0 0.803125 0.596875 0.15703125 0.1234375
0 0.9125 0.25078125 0.125 0.13125