0 0.50546875 0.23046875 0.1421875 0.24140625
0 0.2609375 0.33359375 0.103125 0.20234375
0 0.83671875 0.2953125 0.0921875 0.2015625
0 0.29453125 0.53984375 0.10546875 0.23515625
0 0.625 0.35703125 0.11640625 0.1625
0 0.23359375 0.82734375 0.08359375 0.2265625
0 0.840625 0.653125 0.0984375 0.21875
0 0.940625 0.3609375 0.084375 0.21015625
0 0.3984375 0.821875 0.09921875 0.23828125
0 0.7453125 0.590625 0.09296875 0.23515625
0 0.7484375 0.85078125 0.12578125 0.2078125
0 0.64921875 0.60859375 0.121875 0.21953125
0 0.5640625 0.87734375 0.1484375 0.23125
0 0.0421875 0.075 0.08203125 0.14609375
0 0.9609375 0.80546875 0.0734375 0.2703125
0 0.0671875 0.903125 0.090625 0.19140625
0 0.55625 0.63515625 0.0921875 0.28203125
0 0.484375 0.5453125 0.1125 0.1578125
0 0.8953125 0.4484375 0.11640625 0.1578125
0 0.47421875 0.684375 0.10859375 0.171875
0 0.496875 0.04140625 0.11953125 0.0796875
0 0.109375 0.94296875 0.08984375 0.1078125
0 0.02578125 0.4078125 0.05078125 0.16328125