0 0.32578125 0.459375 0.1015625 0.12578125
0 0.3953125 0.509375 0.05703125 0.196875
0 0.46484375 0.49375 0.1015625 0.14609375
0 0.51875 0.4421875 0.090625 0.15390625
0 0.75234375 0.48984375 0.0828125 0.14140625
0 0.64140625 0.396875 0.078125 0.1390625
0 0.8796875 0.503125 0.08515625 0.14765625
0 0.2921875 0.3703125 0.0984375 0.1140625
0 0.80546875 0.40859375 0.0828125 0.109375
0 0.05 0.40390625 0.08046875 0.125
0 0.7796875 0.33125 0.1 0.0796875
0 0.96875 0.5734375 0.0625 0.109375
0 0.03515625 0.4703125 0.0703125 0.1375
0 0.08203125 0.715625 0.08125 0.1578125
0 0.50078125 0.67109375 0.09453125 0.165625
0 0.903125 0.66875 0.109375 0.13125
0 0.02890625 0.66328125 0.05546875 0.16875
0 0.16328125 0.63046875 0.090625 0.10078125
0 0.29296875 0.26953125 0.103125 0.10078125
0 0.7875 0.259375 0.0921875 0.0671875
0 0.659375 0.12890625 0.08046875 0.10859375
0 0.18828125 0.43515625 0.10703125 0.1453125
0 0.18515625 0.8453125 0.08203125 0.17890625
0 0.38828125 0.115625 0.05546875 0.11640625
0 0.815625 0.1578125 0.0671875 0.0703125
0 0.15625 0.26484375 0.09375 0.1015625
0 0.32890625 0.1359375 0.08984375 0.08359375
0 0.8640625 0.14453125 0.0640625 0.09453125
0 0.56328125 0.21484375 0.0640625 0.19140625
0 0.5984375 0.890625 0.11484375 0.1484375
0 0.4421875 0.11640625 0.05625 0.11484375
0 0.215625 0.05 0.1125 0.096875
0 0.50546875 0.14609375 0.06953125 0.0703125
0 0.22109375 0.13828125 0.10234375 0.08203125
0 0.9765625 0.4640625 0.046875 0.140625
0 0.06796875 0.134375 0.08046875 0.10625
0 0.7328125 0.02734375 0.075 0.05234375
0 0.01328125 0.13515625 0.0265625 0.1
0 0.98046875 0.175 0.0390625 0.05390625
0 0.121875 0.61328125 0.04140625 0.1046875
0 0.01640625 0.34921875 0.0328125 0.078125
0 0.159375 0.72109375 0.1 0.1421875