0 0.23046875 0.0734375 0.06796875 0.146875
0 0.13359375 0.165625 0.09296875 0.10703125
0 0.36484375 0.1984375 0.05546875 0.125
0 0.74375 0.22265625 0.065625 0.1515625
0 0.29609375 0.20390625 0.06484375 0.10546875
0 0.5359375 0.71171875 0.07578125 0.15078125
0 0.753125 0.77421875 0.06328125 0.1546875
0 0.06015625 0.63125 0.07421875 0.16796875
0 0.97421875 0.303125 0.0515625 0.0984375
0 0.88125 0.21875 0.0859375 0.10703125
0 0.2109375 0.596875 0.07734375 0.159375
0 0.62421875 0.84921875 0.0828125 0.1125
0 0.653125 0.26484375 0.0671875 0.08671875
0 0.7859375 0.62578125 0.07734375 0.1546875
0 0.49375 0.95390625 0.078125 0.0921875
0 0.3890625 0.5765625 0.0703125 0.171875
0 0.03125 0.5 0.0625 0.1328125
0 0.0625 0.3890625 0.11328125 0.1265625
0 0.66640625 0.940625 0.0890625 0.11875
0 0.89375 0.39609375 0.0640625 0.1015625
0 0.97734375 0.62578125 0.0453125 0.13125
0 0.92890625 0.5859375 0.08125 0.10859375
0 0.92890625 0.7390625 0.0765625 0.1234375
0 0.4734375 0.5609375 0.078125 0.146875
0 0.87734375 0.809375 0.06953125 0.109375
0 0.7140625 0.35625 0.08671875 0.13671875
0 0.2765625 0.45 0.07890625 0.1140625
0 0.17265625 0.68828125 0.07578125 0.246875
0 0.84140625 0.3125 0.0546875 0.0953125
0 0.2515625 0.3515625 0.096875 0.15703125
0 0.68125 0.4859375 0.08359375 0.12578125
0 0.49609375 0.44140625 0.09453125 0.19375
0 0.93046875 0.503125 0.0625 0.07421875
0 0.01875 0.178125 0.03671875 0.06953125
0 0.93125 0.95625 0.1 0.0859375
0 0.6046875 0.38203125 0.06875 0.1109375
0 0.978125 0.7703125 0.04296875 0.125
0 0.43671875 0.62265625 0.07421875 0.115625
0 0.3015625 0.54453125 0.10234375 0.1609375
0 0.41640625 0.2234375 0.0546875 0.09140625
0 0.0296875 0.28671875 0.059375 0.0796875
0 0.484375 0.340625 0.071875 0.06015625