0 0.55078125 0.78203125 0.05703125 0.1
0 0.41484375 0.85234375 0.05546875 0.109375
0 0.3796875 0.88671875 0.0890625 0.10234375
0 0.3484375 0.93828125 0.0953125 0.06875
0 0.47890625 0.909375 0.0953125 0.078125
0 0.42578125 0.7015625 0.05859375 0.07890625
0 0.490625 0.69609375 0.07421875 0.078125
0 0.5515625 0.6625 0.07109375 0.0953125
0 0.640625 0.7171875 0.06796875 0.11328125
0 0.65 0.81171875 0.08984375 0.0796875
0 0.68359375 0.9125 0.07890625 0.0828125
0 0.80859375 0.79375 0.07890625 0.08203125
0 0.85859375 0.7484375 0.0671875 0.11796875
0 0.9328125 0.77265625 0.08984375 0.1234375
0 0.9140625 0.915625 0.07421875 0.115625
0 0.7859375 0.9078125 0.065625 0.11875
0 0.71015625 0.6984375 0.07109375 0.109375
0 0.7453125 0.5828125 0.059375 0.07734375
0 0.80625 0.57734375 0.05078125 0.08984375
0 0.89375 0.653125 0.0640625 0.07109375
0 0.9546875 0.59296875 0.05390625 0.11015625
0 0.9171875 0.60078125 0.05625 0.09296875
0 0.615625 0.58125 0.0421875 0.0875
0 0.6734375 0.5671875 0.06640625 0.07265625
0 0.4515625 0.62578125 0.0828125 0.06171875
0 0.3625 0.5609375 0.07421875 0.08515625
0 0.371875 0.64765625 0.0515625 0.08203125