0 0.45625 0.1421875 0.075 0.1875
0 0.39140625 0.228125 0.0890625 0.159375
0 0.5453125 0.23125 0.06875 0.15390625
0 0.63125 0.07265625 0.07421875 0.1390625
0 0.9625 0.1109375 0.07421875 0.14375
0 0.96796875 0.2890625 0.0640625 0.178125
0 0.7140625 0.18984375 0.1015625 0.16796875
0 0.93046875 0.65703125 0.0609375 0.1796875
0 0.6671875 0.6109375 0.05859375 0.19375
0 0.22890625 0.0640625 0.0734375 0.11640625
0 0.38046875 0.38046875 0.08984375 0.1296875
0 0.34921875 0.0921875 0.084375 0.1265625
0 0.07109375 0.19609375 0.08125 0.15625
0 0.31484375 0.41953125 0.05625 0.153125
0 0.171875 0.46875 0.078125 0.1453125
0 0.13984375 0.3015625 0.0453125 0.15
0 0.06953125 0.3609375 0.0875 0.14453125
0 0.871875 0.38671875 0.09453125 0.14140625
0 0.6015625 0.4578125 0.071875 0.13828125
0 0.02578125 0.18046875 0.0484375 0.14609375
0 0.57265625 0.5359375 0.06328125 0.13515625
0 0.93203125 0.453125 0.05546875 0.1828125
0 0.7625 0.4515625 0.0765625 0.1703125
0 0.67890625 0.33671875 0.07890625 0.15703125
0 0.0640625 0.63984375 0.0765625 0.184375
0 0.40390625 0.81171875 0.08046875 0.1609375
0 0.82890625 0.67109375 0.10859375 0.140625
0 0.0921875 0.8265625 0.07421875 0.15390625
0 0.975 0.6828125 0.04609375 0.2421875
0 0.578125 0.6609375 0.0703125 0.12265625
0 0.79140625 0.328125 0.0875 0.128125
0 0.0390625 0.75859375 0.04765625 0.15078125
0 0.628125 0.33359375 0.09453125 0.14375
0 0.203125 0.16484375 0.06875 0.12890625
0 0.5578125 0.946875 0.08515625 0.10546875
0 0.9375 0.9515625 0.08125 0.0859375
0 0.61796875 0.2359375 0.1109375 0.14375
0 0.46953125 0.59765625 0.0921875 0.165625
0 0.1765625 0.2796875 0.0421875 0.134375
0 0.07578125 0.4859375 0.08203125 0.134375
0 0.1671875 0.896875 0.04453125 0.11875
0 0.2234375 0.9546875 0.07265625 0.07890625
0 0.4546875 0.91796875 0.0890625 0.125
0 0.2171875 0.8734375 0.0546875 0.13828125
0 0.13046875 0.15078125 0.06015625 0.1140625
0 0.16171875 0.05078125 0.0453125 0.1015625
0 0.3453125 0.86015625 0.07109375 0.1640625
0 0.2890625 0.89921875 0.04375 0.1078125
0 0.8484375 0.89296875 0.08359375 0.11640625
0 0.90625 0.834375 0.078125 0.121875