0 0.5453125 0.18984375 0.08515625 0.2453125
0 0.21796875 0.14609375 0.11796875 0.14140625
0 0.2859375 0.37890625 0.0875 0.24921875
0 0.371875 0.40703125 0.078125 0.23828125
0 0.0421875 0.165625 0.08359375 0.16171875
0 0.41640625 0.73046875 0.08671875 0.2578125
0 0.79296875 0.85234375 0.084375 0.20546875
0 0.63359375 0.5109375 0.1140625 0.1609375
0 0.71640625 0.7671875 0.096875 0.234375
0 0.3375 0.67109375 0.11953125 0.2015625
0 0.51484375 0.74296875 0.078125 0.196875
0 0.55546875 0.89296875 0.12109375 0.16171875
0 0.87890625 0.3703125 0.10390625 0.23125
0 0.190625 0.6140625 0.13125 0.15390625
0 0.60234375 0.3296875 0.1484375 0.1
0 0.028125 0.5046875 0.0515625 0.16484375
0 0.20703125 0.7390625 0.1125 0.14765625
0 0.140625 0.9453125 0.09921875 0.10625
0 0.6484375 0.66640625 0.11171875 0.13984375
0 0.9390625 0.20625 0.121875 0.134375
0 0.79375 0.45078125 0.11171875 0.17265625
0 0.88046875 0.54140625 0.0890625 0.22421875
0 0.2875 0.80625 0.08984375 0.15390625
0 0.36796875 0.95546875 0.0953125 0.0890625
0 0.6890625 0.95703125 0.14921875 0.0859375
0 0.56328125 0.6359375 0.1140625 0.15078125
0 0.103125 0.03359375 0.07578125 0.0671875