0 0.50390625 0.521875 0.0609375 0.11484375
0 0.46171875 0.43828125 0.06953125 0.140625
0 0.325 0.696875 0.0625 0.11484375
0 0.16796875 0.61953125 0.06640625 0.109375
0 0.73359375 0.4828125 0.06171875 0.121875
0 0.759375 0.6203125 0.05546875 0.1140625
0 0.10703125 0.6703125 0.05546875 0.12890625
0 0.30078125 0.1125 0.05 0.10625
0 0.6703125 0.5953125 0.06015625 0.12265625
0 0.53984375 0.1125 0.05703125 0.121875
0 0.76640625 0.084375 0.08203125 0.096875
0 0.5328125 0.73671875 0.0546875 0.12734375
0 0.4859375 0.65546875 0.04609375 0.115625
0 0.56328125 0.6625 0.034375 0.13671875
0 0.5984375 0.7546875 0.046875 0.13828125
0 0.35078125 0.084375 0.0546875 0.1296875
0 0.78359375 0.7625 0.07734375 0.134375
0 0.22578125 0.76328125 0.05859375 0.10078125
0 0.6328125 0.41875 0.06484375 0.16015625
0 0.528125 0.8578125 0.053125 0.1328125
0 0.71640625 0.55625 0.053125 0.1078125
0 0.86015625 0.0953125 0.04140625 0.09296875
0 0.04296875 0.78046875 0.05546875 0.16015625
0 0.64375 0.17421875 0.04921875 0.0953125
0 0.1875 0.7515625 0.06328125 0.10625
0 0.1515625 0.84765625 0.053125 0.10078125
0 0.3859375 0.87265625 0.05625 0.090625
0 0.44453125 0.7609375 0.05234375 0.07421875
0 0.43828125 0.846875 0.06171875 0.10390625
0 0.64609375 0.85703125 0.05859375 0.1078125
0 0.709375 0.78515625 0.05546875 0.09375
0 0.71953125 0.86484375 0.05390625 0.10625
0 0.85859375 0.78359375 0.09765625 0.065625
0 0.95 0.81484375 0.04765625 0.1390625
0 0.59296875 0.63125 0.05625 0.115625