0 0.1828125 0.27109375 0.096875 0.1171875
0 0.41875 0.13828125 0.125 0.13515625
0 0.95390625 0.1046875 0.0921875 0.203125
0 0.1375 0.7171875 0.12265625 0.140625
0 0.39921875 0.2859375 0.1125 0.1671875
0 0.5609375 0.60546875 0.140625 0.13828125
0 0.50703125 0.71796875 0.1140625 0.14296875
0 0.46875 0.390625 0.12890625 0.125
0 0.96015625 0.69296875 0.07578125 0.2140625
0 0.6484375 0.65078125 0.096875 0.17578125
0 0.46328125 0.91953125 0.0890625 0.15859375
0 0.18984375 0.9359375 0.0921875 0.1265625
0 0.0484375 0.925 0.09453125 0.13984375
0 0.26796875 0.87578125 0.078125 0.2234375
0 0.7734375 0.9390625 0.071875 0.121875
0 0.40859375 0.5359375 0.0671875 0.2078125
0 0.4046875 0.75390625 0.1078125 0.1453125
0 0.615625 0.940625 0.0859375 0.11875
0 0.48125 0.49453125 0.1171875 0.17421875
0 0.365625 0.871875 0.1234375 0.12109375
0 0.746875 0.78046875 0.071875 0.21015625
0 0.90234375 0.7890625 0.071875 0.21640625
0 0.3078125 0.721875 0.07734375 0.175
0 0.68125 0.75859375 0.09296875 0.1609375
0 0.98125 0.2125 0.0375 0.203125
0 0.6765625 0.89765625 0.0859375 0.1484375
0 0.2953125 0.55546875 0.08046875 0.20234375
0 0.93671875 0.9546875 0.11796875 0.0859375