0 0.33828125 0.23125 0.0640625 0.17890625
0 0.40625 0.2765625 0.07890625 0.18125
0 0.29921875 0.31875 0.0765625 0.16328125
0 0.35390625 0.55078125 0.07890625 0.18984375
0 0.48359375 0.53125 0.07890625 0.19609375
0 0.640625 0.66484375 0.0734375 0.2203125
0 0.44921875 0.73984375 0.078125 0.19765625
0 0.32734375 0.66640625 0.0765625 0.18125
0 0.384375 0.13125 0.078125 0.1859375
0 0.709375 0.60078125 0.09375 0.18125
0 0.0765625 0.721875 0.08046875 0.23984375
0 0.3875 0.684375 0.071875 0.1859375
0 0.925 0.43359375 0.07265625 0.1265625
0 0.7296875 0.44375 0.12265625 0.1234375
0 0.3453125 0.825 0.0890625 0.1359375
0 0.21640625 0.76484375 0.08046875 0.2109375
0 0.4265625 0.0703125 0.075 0.13984375
0 0.89453125 0.19140625 0.075 0.1640625
0 0.71171875 0.76484375 0.08515625 0.16328125
0 0.421875 0.48359375 0.0953125 0.14375
0 0.83125 0.76640625 0.06953125 0.2078125
0 0.853125 0.58984375 0.08671875 0.18828125
0 0.534375 0.16171875 0.065625 0.22109375
0 0.7953125 0.25078125 0.0578125 0.14375
0 0.5859375 0.79609375 0.1078125 0.16171875
0 0.4859375 0.10546875 0.07890625 0.20234375
0 0.178125 0.634375 0.128125 0.1484375
0 0.8625 0.265625 0.1046875 0.15078125
0 0.684375 0.19921875 0.08125 0.19921875
0 0.503125 0.9234375 0.09921875 0.1515625
0 0.409375 0.91484375 0.10703125 0.16015625
0 0.0984375 0.11640625 0.09296875 0.21875
0 0.17890625 0.0703125 0.10078125 0.13671875
0 0.603125 0.25234375 0.0796875 0.12109375
0 0.96875 0.5265625 0.0625 0.115625
0 0.846875 0.43984375 0.09296875 0.1296875
0 0.93828125 0.07890625 0.1078125 0.13125
0 0.97265625 0.6421875 0.05390625 0.1203125
0 0.1453125 0.33828125 0.07109375 0.08359375
0 0.03671875 0.8515625 0.071875 0.140625
0 0.16328125 0.9015625 0.121875 0.1484375
0 0.3125 0.9515625 0.0828125 0.090625
0 0.971875 0.8625 0.05546875 0.1671875
0 0.8953125 0.04765625 0.06953125 0.0921875
0 0.82109375 0.04453125 0.0859375 0.08515625
0 0.74140625 0.29375 0.0546875 0.12265625
0 0.8859375 0.809375 0.05546875 0.215625
0 0.92421875 0.86953125 0.0546875 0.2265625