0 0.38359375 0.09140625 0.071875 0.10546875
0 0.21015625 0.1296875 0.0890625 0.1203125
0 0.1390625 0.0734375 0.05859375 0.146875
0 0.071875 0.05546875 0.0765625 0.1109375
0 0.2890625 0.10703125 0.06640625 0.14296875
0 0.32578125 0.1921875 0.0734375 0.11328125
0 0.4453125 0.26875 0.06015625 0.13515625
0 0.50546875 0.23203125 0.0640625 0.10390625
0 0.028125 0.48671875 0.05625 0.1859375
0 0.0515625 0.33203125 0.0953125 0.096875
0 0.1125 0.5234375 0.06484375 0.14609375
0 0.17421875 0.53515625 0.0640625 0.16015625
0 0.27109375 0.396875 0.10703125 0.103125
0 0.20078125 0.45078125 0.0890625 0.1046875
0 0.26640625 0.5015625 0.06875 0.15234375
0 0.10234375 0.23203125 0.0625 0.12109375
0 0.0296875 0.225 0.05859375 0.12109375
0 0.4890625 0.46640625 0.1 0.125
0 0.44296875 0.57578125 0.06953125 0.1875
0 0.31171875 0.56171875 0.08984375 0.11953125
0 0.38125 0.5609375 0.05234375 0.16484375
0 0.3765625 0.7109375 0.10078125 0.11171875
0 0.58125 0.6984375 0.0609375 0.17109375
0 0.7125 0.46484375 0.08828125 0.0921875
0 0.921875 0.55 0.0921875 0.0953125
0 0.896875 0.62890625 0.065625 0.15
0 0.86328125 0.66015625 0.05234375 0.1671875
0 0.81484375 0.63359375 0.046875 0.1828125
0 0.76640625 0.6078125 0.0546875 0.15
0 0.703125 0.6109375 0.06640625 0.1625
0 0.66171875 0.54140625 0.06484375 0.1296875
0 0.6 0.5078125 0.08125 0.1
0 0.74140625 0.896875 0.09296875 0.15546875
0 0.8640625 0.8296875 0.0921875 0.15234375
0 0.9109375 0.453125 0.08046875 0.10859375
0 0.92265625 0.2703125 0.04453125 0.1125
0 0.87734375 0.21796875 0.04140625 0.1296875
0 0.82421875 0.1609375 0.05234375 0.121875
0 0.65859375 0.2578125 0.0546875 0.115625
0 0.70078125 0.24140625 0.0578125 0.11875
0 0.7546875 0.27578125 0.059375 0.1078125
0 0.75078125 0.16015625 0.04375 0.153125
0 0.78828125 0.14140625 0.04140625 0.13671875
0 0.8140625 0.25859375 0.07109375 0.08671875
0 0.52421875 0.36328125 0.090625 0.08984375