0 0.53046875 0.284375 0.05078125 0.13359375
0 0.409375 0.21640625 0.05859375 0.1078125
0 0.38203125 0.228125 0.05078125 0.12265625
0 0.41015625 0.3453125 0.07265625 0.09765625
0 0.50859375 0.39921875 0.06171875 0.15234375
0 0.9421875 0.3859375 0.0515625 0.1265625
0 0.58984375 0.5171875 0.0859375 0.13828125
0 0.25234375 0.2453125 0.05546875 0.1296875
0 0.31640625 0.24453125 0.0546875 0.11171875
0 0.68203125 0.57265625 0.06015625 0.14375
0 0.90625 0.4015625 0.05546875 0.14140625
0 0.75859375 0.47421875 0.04921875 0.1296875
0 0.09609375 0.3390625 0.08984375 0.15546875
0 0.84140625 0.5484375 0.04765625 0.13515625
0 0.92421875 0.57421875 0.04765625 0.11875
0 0.38203125 0.4390625 0.07578125 0.12890625
0 0.7265625 0.4734375 0.05625 0.11171875
0 0.1625 0.3796875 0.05625 0.1203125
0 0.26484375 0.4375 0.06796875 0.09296875
0 0.8859375 0.59453125 0.0453125 0.10703125
0 0.2890625 0.1125 0.08125 0.1046875
0 0.7921875 0.58046875 0.05546875 0.146875
0 0.709375 0.60078125 0.06171875 0.11484375
0 0.3140625 0.434375 0.06328125 0.10546875
0 0.1875 0.078125 0.0796875 0.1296875
0 0.109375 0.64296875 0.0828125 0.1234375
0 0.9 0.25625 0.0546875 0.0671875
0 0.159375 0.7078125 0.06875 0.1203125
0 0.7546875 0.559375 0.03984375 0.096875
0 0.25546875 0.74375 0.059375 0.17890625
0 0.2796875 0.6609375 0.0640625 0.0953125
0 0.5125 0.82890625 0.06953125 0.12734375
0 0.9515625 0.7171875 0.06484375 0.1
0 0.19921875 0.78125 0.07265625 0.11484375
0 0.08984375 0.54453125 0.078125 0.07265625
0 0.3734375 0.79140625 0.0609375 0.11328125
0 0.8625 0.66953125 0.04765625 0.10859375
0 0.72578125 0.83984375 0.05859375 0.1078125
0 0.66328125 0.771875 0.07421875 0.10546875
0 0.38125 0.68671875 0.05703125 0.0875
0 0.5921875 0.7546875 0.06640625 0.1
0 0.90625 0.8828125 0.0421875 0.09296875
0 0.1765625 0.8953125 0.0703125 0.12421875
0 0.66328125 0.93203125 0.0734375 0.115625
0 0.57890625 0.84453125 0.0703125 0.12890625
0 0.4390625 0.51875 0.08359375 0.090625
0 0.9421875 0.8765625 0.0515625 0.0921875
0 0.34140625 0.70546875 0.07734375 0.09453125
0 0.6203125 0.846875 0.053125 0.12109375
0 0.64765625 0.6109375 0.05390625 0.1109375
0 0.43828125 0.70859375 0.05546875 0.084375
0 0.353125 0.5703125 0.05625 0.06875
0 0.46953125 0.7640625 0.0734375 0.115625
0 0.7484375 0.95078125 0.08203125 0.09765625
0 0.321875 0.63125 0.0640625 0.0765625
0 0.8703125 0.84453125 0.05 0.06875
0 0.790625 0.9328125 0.06015625 0.12109375
0 0.94921875 0.9578125 0.053125 0.07421875
0 0.83203125 0.934375 0.05 0.1203125
0 0.8546875 0.89921875 0.05625 0.10390625
0 0.20625 0.43671875 0.059375 0.06015625
0 0.865625 0.96875 0.04375 0.0625
0 0.84375 0.7859375 0.040625 0.08203125
0 0.009375 0.3359375 0.01875 0.11796875
0 0.07734375 0.615625 0.053125 0.0828125
0 0.5359375 0.9125 0.08046875 0.1375