0 0.73046875 0.10078125 0.0796875 0.10859375
0 0.3546875 0.12265625 0.0578125 0.221875
0 0.19609375 0.1578125 0.09765625 0.128125
0 0.96015625 0.1359375 0.0703125 0.12578125
0 0.5609375 0.09921875 0.07109375 0.1296875
0 0.20234375 0.3734375 0.065625 0.18359375
0 0.32265625 0.33671875 0.0890625 0.15546875
0 0.42109375 0.1328125 0.0734375 0.1671875
0 0.50078125 0.3125 0.07109375 0.19921875
0 0.40234375 0.3484375 0.06640625 0.1640625
0 0.18359375 0.8296875 0.1078125 0.14921875
0 0.5953125 0.8453125 0.08203125 0.1375
0 0.0921875 0.0875 0.0671875 0.1703125
0 0.56328125 0.7234375 0.06953125 0.18671875
0 0.96875 0.60546875 0.0625 0.0984375
0 0.75234375 0.5140625 0.08125 0.11015625
0 0.83359375 0.2359375 0.07265625 0.1515625
0 0.61015625 0.1046875 0.0671875 0.14453125
0 0.45078125 0.49453125 0.1 0.10390625
0 0.634375 0.17109375 0.0453125 0.1765625
0 0.85078125 0.7484375 0.06171875 0.14609375
0 0.090625 0.79453125 0.08359375 0.17734375
0 0.9265625 0.71796875 0.0859375 0.14921875
0 0.90234375 0.43359375 0.05703125 0.16796875
0 0.75390625 0.9078125 0.059375 0.17890625
0 0.421875 0.62578125 0.1015625 0.09921875
0 0.7328125 0.36796875 0.078125 0.12890625
0 0.35390625 0.73828125 0.0859375 0.140625
0 0.85703125 0.309375 0.06640625 0.10625
0 0.07421875 0.64375 0.09453125 0.1859375
0 0.28203125 0.7328125 0.08515625 0.17890625
0 0.15546875 0.5875 0.0625 0.1765625
0 0.91328125 0.884375 0.04140625 0.08984375
0 0.95 0.87578125 0.034375 0.1234375
0 0.98125 0.871875 0.03671875 0.11015625