0 0.53125 0.28984375 0.11015625 0.16171875
0 0.60078125 0.16953125 0.0875 0.18828125
0 0.77109375 0.37890625 0.078125 0.1734375
0 0.709375 0.2515625 0.08203125 0.20234375
0 0.559375 0.58515625 0.08359375 0.18125
0 0.203125 0.45234375 0.10703125 0.2359375
0 0.4328125 0.32890625 0.09140625 0.1421875
0 0.359375 0.37265625 0.08828125 0.2015625
0 0.79609375 0.8015625 0.084375 0.17421875
0 0.39453125 0.6796875 0.08515625 0.1734375
0 0.6765625 0.8578125 0.121875 0.1609375
0 0.73828125 0.69765625 0.0671875 0.1859375
0 0.3578125 0.52265625 0.12265625 0.14921875
0 0.47109375 0.78671875 0.1046875 0.14921875
0 0.31796875 0.83515625 0.08359375 0.16953125
0 0.11171875 0.740625 0.090625 0.196875
0 0.03359375 0.5078125 0.06640625 0.2515625
0 0.89921875 0.7984375 0.084375 0.18984375
0 0.1953125 0.6609375 0.1125 0.15703125
0 0.2625 0.59921875 0.071875 0.19921875
0 0.2296875 0.859375 0.078125 0.17890625
0 0.97109375 0.88828125 0.0578125 0.1796875
0 0.80859375 0.928125 0.10390625 0.13671875
0 0.90625 0.93984375 0.06328125 0.11015625
0 0.2765625 0.91953125 0.0796875 0.15390625
0 0.43359375 0.9 0.09375 0.1921875
0 0.1765625 0.8015625 0.1 0.17265625