0 0.83203125 0.640625 0.1359375 0.16171875
0 0.35 0.38359375 0.08984375 0.19921875
0 0.22109375 0.375 0.0890625 0.1984375
0 0.128125 0.18671875 0.0828125 0.2109375
0 0.51640625 0.10859375 0.0796875 0.20703125
0 0.9484375 0.17890625 0.103125 0.1640625
0 0.703125 0.0671875 0.1015625 0.13125
0 0.88125 0.0734375 0.1390625 0.1421875
0 0.44375 0.77265625 0.11328125 0.1234375
0 0.15 0.7140625 0.1125 0.12265625
0 0.2375 0.928125 0.0984375 0.14296875
0 0.94765625 0.30546875 0.10390625 0.13125
0 0.1890625 0.8734375 0.078125 0.103125
0 0.04296875 0.703125 0.0859375 0.1078125
0 0.10078125 0.9421875 0.0890625 0.11484375
0 0.57890625 0.8546875 0.11484375 0.14453125
0 0.78828125 0.07109375 0.13203125 0.13984375
0 0.0671875 0.8546875 0.08125 0.13125
0 0.97265625 0.85 0.0546875 0.1