0 0.84296875 0.1875 0.06328125 0.134375
0 0.64609375 0.3359375 0.07890625 0.16328125
0 0.46640625 0.36171875 0.06171875 0.16640625
0 0.40234375 0.84921875 0.07109375 0.16328125
0 0.46953125 0.7921875 0.08203125 0.13125
0 0.19609375 0.5953125 0.06953125 0.20546875
0 0.71875 0.65859375 0.05234375 0.12421875
0 0.659375 0.84296875 0.06796875 0.1515625
0 0.8671875 0.6109375 0.06640625 0.1375
0 0.25390625 0.60078125 0.06484375 0.2015625
0 0.2875 0.9 0.06015625 0.2
0 0.22734375 0.90859375 0.06484375 0.1828125
0 0.18203125 0.8296875 0.05703125 0.1859375
0 0.125 0.88984375 0.07578125 0.1609375
0 0.046875 0.9375 0.075 0.125
0 0.1578125 0.96328125 0.08203125 0.07265625
0 0.4640625 0.96015625 0.059375 0.0796875
0 0.596875 0.95703125 0.06484375 0.0859375
0 0.6640625 0.953125 0.0671875 0.09375
0 0.725 0.9390625 0.04921875 0.121875
0 0.74375 0.8671875 0.0640625 0.1
0 0.69375 0.72109375 0.06796875 0.1796875
0 0.7875 0.94765625 0.06328125 0.1046875
0 0.834375 0.9703125 0.040625 0.059375
0 0.84453125 0.67890625 0.05234375 0.09296875
0 0.9265625 0.95 0.06328125 0.09921875
0 0.93984375 0.88515625 0.08359375 0.0953125
0 0.8875 0.7734375 0.04609375 0.13984375
0 0.84375 0.878125 0.0625 0.08515625
0 0.8421875 0.80703125 0.0609375 0.09375