0 0.5578125 0.328125 0.10859375 0.17734375
0 0.75078125 0.41171875 0.09453125 0.17578125
0 0.9109375 0.3125 0.11640625 0.15
0 0.8640625 0.590625 0.09375 0.22890625
0 0.0671875 0.3875 0.09765625 0.134375
0 0.76640625 0.61875 0.10234375 0.165625
0 0.93203125 0.6546875 0.0796875 0.1734375
0 0.078125 0.11953125 0.084375 0.18046875
0 0.83828125 0.85859375 0.08125 0.2203125
0 0.928125 0.146875 0.096875 0.18515625
0 0.7453125 0.81796875 0.12421875 0.1859375
0 0.1625 0.14609375 0.09140625 0.14609375
0 0.2421875 0.21640625 0.1109375 0.1515625
0 0.675 0.4828125 0.1234375 0.14375
0 0.16875 0.30703125 0.0734375 0.19140625
0 0.11328125 0.64609375 0.0765625 0.24453125
0 0.2109375 0.0625 0.1015625 0.12265625
0 0.1234375 0.82890625 0.0921875 0.15625
0 0.565625 0.61796875 0.0921875 0.146875
0 0.2921875 0.1265625 0.121875 0.153125
0 0.67109375 0.60390625 0.1234375 0.1609375
0 0.4765625 0.4296875 0.08828125 0.228125
0 0.4 0.378125 0.115625 0.22421875
0 0.27734375 0.57578125 0.08125 0.2140625
0 0.2359375 0.80859375 0.07734375 0.20703125
0 0.33515625 0.66875 0.109375 0.14921875
0 0.34609375 0.5046875 0.07578125 0.19375
0 0.96640625 0.74140625 0.06640625 0.14140625
0 0.465625 0.63828125 0.09140625 0.17265625
0 0.275 0.41328125 0.09453125 0.153125
0 0.42421875 0.7125 0.0828125 0.19140625
0 0.1796875 0.68984375 0.084375 0.18203125
0 0.9609375 0.896875 0.078125 0.17421875
0 0.57109375 0.79375 0.09453125 0.17265625
0 0.24296875 0.3109375 0.090625 0.17421875
0 0.071875 0.93671875 0.109375 0.12265625
0 0.01953125 0.1984375 0.0375 0.14921875
0 0.31796875 0.81953125 0.071875 0.2046875
0 0.4484375 0.9078125 0.16484375 0.184375
0 0.79921875 0.946875 0.084375 0.1046875
0 0.19765625 0.5671875 0.07734375 0.1484375
0 0.50859375 0.740625 0.07421875 0.25234375
0 0.19140625 0.9640625 0.09296875 0.071875
0 0.975 0.0296875 0.04921875 0.059375
0 0.2875 0.9578125 0.040625 0.084375
0 0.35390625 0.90546875 0.0875 0.18671875
0 0.01953125 0.821875 0.0390625 0.2109375