0 0.51015625 0.2921875 0.07578125 0.178125
0 0.571875 0.38046875 0.08125 0.24453125
0 0.509375 0.43359375 0.08125 0.1609375
0 0.52890625 0.16875 0.09453125 0.13515625
0 0.4921875 0.08671875 0.096875 0.1734375
0 0.87109375 0.43046875 0.06484375 0.2015625
0 0.940625 0.67578125 0.07109375 0.21171875
0 0.1328125 0.14375 0.10703125 0.128125
0 0.1234375 0.240625 0.11484375 0.121875
0 0.13828125 0.3421875 0.08515625 0.18359375
0 0.95234375 0.30390625 0.0953125 0.1859375
0 0.3953125 0.85 0.0890625 0.15703125
0 0.571875 0.659375 0.08203125 0.1875
0 0.04921875 0.16953125 0.08125 0.2203125
0 0.0734375 0.36875 0.06640625 0.1953125
0 0.8203125 0.93125 0.0859375 0.1328125
0 0.7515625 0.88203125 0.1078125 0.17265625
0 0.3421875 0.9234375 0.0921875 0.146875
0 0.4203125 0.715625 0.13359375 0.121875
0 0.9 0.9453125 0.071875 0.1078125
0 0.05703125 0.67890625 0.0984375 0.14609375
0 0.30625 0.03671875 0.084375 0.071875
0 0.965625 0.93046875 0.06796875 0.13671875
0 0.1390625 0.8375 0.1375 0.16875
0 0.02265625 0.35234375 0.0453125 0.21328125