0 0.92578125 0.859375 0.09375 0.1328125
0 0.83125 0.690625 0.07734375 0.10390625
0 0.8421875 0.553125 0.0671875 0.1203125
0 0.91171875 0.51171875 0.06953125 0.1046875
0 0.95625 0.60078125 0.06015625 0.1625
0 0.97734375 0.64140625 0.0453125 0.1515625
0 0.71484375 0.64375 0.075 0.09921875
0 0.6390625 0.78671875 0.0828125 0.0953125
0 0.67265625 0.69765625 0.06953125 0.10859375
0 0.5828125 0.7125 0.10390625 0.13359375
0 0.59765625 0.60234375 0.0625 0.09609375
0 0.49375 0.79375 0.05703125 0.14375
0 0.38203125 0.80703125 0.05390625 0.13203125
0 0.32578125 0.796875 0.06640625 0.1390625
0 0.22265625 0.9015625 0.040625 0.103125
0 0.19453125 0.8453125 0.04921875 0.13203125
0 0.159375 0.79296875 0.0359375 0.1296875
0 0.27578125 0.82421875 0.05546875 0.11484375
0 0.253125 0.7921875 0.06875 0.11015625
0 0.22109375 0.71015625 0.05234375 0.078125
0 0.11015625 0.80234375 0.05859375 0.08125
0 0.0859375 0.8671875 0.053125 0.0953125
0 0.03671875 0.91953125 0.040625 0.08984375
0 0.46484375 0.65390625 0.04375 0.1296875
0 0.41640625 0.67578125 0.06015625 0.09765625
0 0.42734375 0.578125 0.065625 0.07578125
0 0.2515625 0.48671875 0.0390625 0.08125
0 0.18671875 0.415625 0.0484375 0.08984375
0 0.1796875 0.5515625 0.0578125 0.11171875
0 0.30703125 0.50390625 0.03984375 0.084375
0 0.41953125 0.4859375 0.0640625 0.06015625
0 0.37421875 0.47890625 0.0453125 0.096875
0 0.3484375 0.43125 0.04609375 0.12734375
0 0.4453125 0.375 0.06171875 0.0796875
0 0.47109375 0.42421875 0.05390625 0.0875
0 0.7578125 0.4109375 0.071875 0.12109375
0 0.69921875 0.371875 0.07265625 0.09296875
0 0.6546875 0.32734375 0.0703125 0.1265625
0 0.940625 0.30625 0.05703125 0.1140625
0 0.82890625 0.3546875 0.04296875 0.146875
0 0.58671875 0.36015625 0.05859375 0.11171875
0 0.53125 0.43515625 0.05234375 0.09453125
0 0.225 0.5 0.0234375 0.07734375
0 0.665625 0.078125 0.08203125 0.1015625
0 0.8546875 0.06953125 0.075 0.1390625
0 0.76640625 0.025 0.06796875 0.04296875
0 0.48359375 0.04921875 0.06171875 0.0984375
0 0.546875 0.071875 0.06015625 0.1
0 0.3390625 0.11796875 0.04453125 0.10390625
0 0.53125 0.35859375 0.0453125 0.09375
0 0.709375 0.51875 0.059375 0.1359375
0 0.1109375 0.5078125 0.0453125 0.08828125