0 0.34609375 0.31796875 0.0828125 0.1140625
0 0.42421875 0.2921875 0.0359375 0.16875
0 0.46484375 0.309375 0.0359375 0.15390625
0 0.5375 0.30234375 0.0625 0.13984375
0 0.50859375 0.39765625 0.06640625 0.1296875
0 0.47109375 0.49765625 0.09765625 0.10390625
0 0.5875 0.5875 0.065625 0.11171875
0 0.6203125 0.48828125 0.0625 0.13203125
0 0.653125 0.3796875 0.059375 0.10625
0 0.7 0.43046875 0.05625 0.14921875
0 0.3484375 0.54609375 0.06796875 0.14140625
0 0.7578125 0.559375 0.06875 0.11875
0 0.359375 0.703125 0.0875 0.13046875
0 0.68203125 0.8765625 0.0671875 0.11953125
0 0.85234375 0.49765625 0.06484375 0.11796875
0 0.51640625 0.73984375 0.05078125 0.16484375
0 0.0359375 0.7046875 0.0640625 0.15
0 0.7328125 0.8109375 0.08359375 0.11953125
0 0.7390625 0.40390625 0.07578125 0.12578125
0 0.89609375 0.4875 0.0421875 0.12578125
0 0.7296875 0.3109375 0.0484375 0.11875
0 0.6859375 0.7375 0.071875 0.13359375
0 0.6796875 0.2328125 0.059375 0.1078125
0 0.803125 0.60234375 0.0609375 0.1125
0 0.9015625 0.309375 0.05390625 0.125
0 0.85234375 0.6828125 0.065625 0.1640625
0 0.634375 0.265625 0.05078125 0.128125
0 0.40859375 0.6359375 0.06796875 0.15546875
0 0.2265625 0.67109375 0.084375 0.15
0 0.4046875 0.80546875 0.06015625 0.125
0 0.59453125 0.2046875 0.075 0.12578125
0 0.29375 0.75078125 0.07578125 0.12265625
0 0.88046875 0.38828125 0.0578125 0.1375
0 0.78828125 0.3890625 0.06953125 0.11640625
0 0.82890625 0.38125 0.06328125 0.13984375
0 0.28046875 0.4125 0.059375 0.165625
0 0.93359375 0.390625 0.04765625 0.1453125
0 0.9234375 0.6171875 0.05234375 0.1359375
0 0.45390625 0.74140625 0.07109375 0.1703125
0 0.221875 0.434375 0.0625 0.1578125
0 0.88125 0.72890625 0.05546875 0.1390625
0 0.140625 0.85 0.078125 0.1375
0 0.94140625 0.534375 0.0515625 0.12578125
0 0.17578125 0.55390625 0.0609375 0.17421875
0 0.8859375 0.646875 0.06171875 0.14921875
0 0.82890625 0.46796875 0.05 0.1265625
0 0.20625 0.82265625 0.09296875 0.15234375
0 0.30859375 0.165625 0.06015625 0.1359375
0 0.91484375 0.2125 0.05625 0.096875
0 0.0828125 0.38125 0.071875 0.13125
0 0.4546875 0.8953125 0.07421875 0.15234375
0 0.1390625 0.2890625 0.0609375 0.14453125
0 0.109375 0.5421875 0.07109375 0.190625
0 0.934375 0.2734375 0.0453125 0.09296875
0 0.20703125 0.29921875 0.06015625 0.16796875
0 0.0875 0.26796875 0.06328125 0.1375
0 0.23125 0.16875 0.0703125 0.1125
0 0.5421875 0.17421875 0.05 0.10078125
0 0.34296875 0.89921875 0.07421875 0.1625
0 0.9765625 0.4109375 0.046875 0.15
0 0.1328125 0.47109375 0.053125 0.1046875
0 0.38125 0.18828125 0.08125 0.12265625
0 0.40859375 0.925 0.0703125 0.1375
0 0.76328125 0.9390625 0.071875 0.12109375
0 0.42734375 0.55703125 0.06875 0.11953125
0 0.17734375 0.353125 0.05234375 0.15078125
0 0.98125 0.6515625 0.0375 0.12578125
0 0.05 0.19140625 0.08046875 0.1203125
0 0.80234375 0.25 0.06171875 0.1328125
0 0.8390625 0.20078125 0.05078125 0.1015625
0 0.95703125 0.934375 0.05859375 0.1203125
0 0.19609375 0.74609375 0.08515625 0.1203125
0 0.3046875 0.91171875 0.08125 0.13046875
0 0.1921875 0.9734375 0.078125 0.0515625
0 0.36875 0.12734375 0.059375 0.06796875
0 0.98359375 0.540625 0.0328125 0.103125
0 0.8265625 0.096875 0.0625 0.159375
0 0.24296875 0.078125 0.1109375 0.07578125
0 0.88984375 0.12578125 0.06796875 0.07734375
0 0.65703125 0.1515625 0.06328125 0.0890625