0 0.22265625 0.415625 0.08125 0.221875
0 0.31484375 0.5296875 0.09921875 0.10859375
0 0.67421875 0.05 0.10078125 0.1
0 0.765625 0.0625 0.09453125 0.1125
0 0.44765625 0.13359375 0.09765625 0.08828125
0 0.72109375 0.1609375 0.0546875 0.12109375
0 0.25078125 0.81953125 0.08671875 0.12578125
0 0.30625 0.0796875 0.08828125 0.0953125
0 0.79375 0.37265625 0.0953125 0.13203125
0 0.44140625 0.375 0.07265625 0.134375
0 0.80234375 0.22734375 0.0953125 0.15390625
0 0.63671875 0.7359375 0.090625 0.14375
0 0.54140625 0.653125 0.06484375 0.23359375
0 0.234375 0.0609375 0.07109375 0.1
0 0.321875 0.840625 0.07421875 0.20625
0 0.5296875 0.328125 0.1046875 0.1109375
0 0.02578125 0.21015625 0.0515625 0.15859375
0 0.07421875 0.165625 0.05703125 0.1703125
0 0.025 0.33046875 0.05 0.1234375
0 0.3734375 0.2046875 0.0609375 0.1984375
0 0.565625 0.11640625 0.0984375 0.1421875
0 0.64765625 0.23828125 0.06640625 0.18046875
0 0.12265625 0.07890625 0.0921875 0.15078125
0 0.8046875 0.5328125 0.071875 0.1953125
0 0.87890625 0.23046875 0.06171875 0.17734375
0 0.35390625 0.6515625 0.06875 0.18203125
0 0.959375 0.303125 0.065625 0.18359375
0 0.1921875 0.09453125 0.05546875 0.128125
0 0.9796875 0.0984375 0.03984375 0.1296875
0 0.315625 0.19765625 0.0953125 0.18671875
0 0.53359375 0.4265625 0.0890625 0.15078125