0 0.340625 0.1546875 0.08125 0.15703125
0 0.534375 0.4765625 0.1015625 0.1453125
0 0.25234375 0.5640625 0.096875 0.15234375
0 0.89140625 0.55546875 0.08828125 0.1390625
0 0.725 0.675 0.08984375 0.16875
0 0.4765625 0.6546875 0.0828125 0.16640625
0 0.8296875 0.7640625 0.0921875 0.17734375
0 0.8703125 0.9359375 0.12265625 0.1234375
0 0.084375 0.7375 0.1171875 0.21796875
0 0.9359375 0.034375 0.08671875 0.06875
0 0.9703125 0.61875 0.05859375 0.14375
0 0.565625 0.6703125 0.071875 0.1921875
0 0.20234375 0.68515625 0.0890625 0.1359375
0 0.1625 0.77890625 0.05546875 0.18359375