0 0.55859375 0.60546875 0.05234375 0.12578125
0 0.28515625 0.76796875 0.07109375 0.1
0 0.696875 0.7984375 0.08203125 0.128125
0 0.08125 0.43515625 0.05 0.134375
0 0.6765625 0.38125 0.0515625 0.128125
0 0.209375 0.9421875 0.05 0.11328125
0 0.778125 0.3796875 0.0890625 0.14296875
0 0.98125 0.32265625 0.0375 0.1375
0 0.73515625 0.271875 0.08125 0.109375
0 0.1296875 0.328125 0.05703125 0.1265625
0 0.096875 0.2875 0.05 0.1109375
0 0.04375 0.3265625 0.05390625 0.12890625
0 0.8109375 0.2109375 0.06484375 0.1171875
0 0.09140625 0.1640625 0.05 0.13125
0 0.1390625 0.090625 0.04765625 0.08671875
0 0.6578125 0.19140625 0.06484375 0.153125
0 0.546875 0.2484375 0.071875 0.0890625
0 0.46484375 0.246875 0.075 0.11328125
0 0.29375 0.284375 0.06328125 0.1265625
0 0.21796875 0.32578125 0.0828125 0.1
0 0.3125 0.215625 0.04921875 0.11484375
0 0.17578125 0.19609375 0.04609375 0.096875
0 0.50859375 0.0796875 0.0609375 0.09296875
0 0.4296875 0.0859375 0.04765625 0.075
0 0.1859375 0.12265625 0.05703125 0.0828125
0 0.7234375 0.34921875 0.05078125 0.07734375
0 0.47578125 0.1578125 0.05546875 0.0984375
0 0.86015625 0.18125 0.06875 0.12890625
0 0.73515625 0.07734375 0.05546875 0.11796875
0 0.77421875 0.06796875 0.05 0.11015625
0 0.25546875 0.0890625 0.05 0.08828125
0 0.52109375 0.18515625 0.0421875 0.11484375
0 0.3609375 0.11796875 0.0640625 0.09140625
0 0.84453125 0.090625 0.05546875 0.12890625