0 0.159375 0.08984375 0.07265625 0.09375
0 0.1171875 0.28046875 0.06328125 0.11015625
0 0.4359375 0.06875 0.07890625 0.11640625
0 0.2859375 0.64375 0.06484375 0.13046875
0 0.33046875 0.72265625 0.0671875 0.084375
0 0.275 0.775 0.08515625 0.09609375
0 0.22578125 0.70625 0.059375 0.1265625
0 0.046875 0.66953125 0.05 0.1546875
0 0.0328125 0.56171875 0.065625 0.1078125
0 0.12734375 0.70390625 0.0671875 0.140625
0 0.15859375 0.76484375 0.06171875 0.1609375
0 0.0546875 0.93359375 0.06953125 0.1328125
0 0.03125 0.86953125 0.05 0.13203125
0 0.17734375 0.92109375 0.06640625 0.1109375
0 0.2296875 0.8703125 0.071875 0.1703125
0 0.30625 0.90859375 0.06328125 0.1578125
0 0.38125 0.85 0.0609375 0.15703125
0 0.4296875 0.91328125 0.06171875 0.13515625
0 0.45859375 0.76328125 0.065625 0.1078125
0 0.48984375 0.86875 0.09140625 0.11015625
0 0.5328125 0.83125 0.07890625 0.13515625
0 0.50546875 0.9625 0.06484375 0.075
0 0.534375 0.74140625 0.05546875 0.10390625
0 0.57890625 0.63984375 0.078125 0.10859375
0 0.59140625 0.75078125 0.05234375 0.15859375
0 0.63671875 0.90546875 0.05625 0.153125
0 0.6828125 0.93046875 0.071875 0.1390625
0 0.54609375 0.96484375 0.04375 0.0703125
0 0.59921875 0.9625 0.0671875 0.075
0 0.8515625 0.66171875 0.08125 0.1546875
0 0.91953125 0.61484375 0.065625 0.18359375
0 0.9015625 0.74765625 0.08125 0.0984375
0 0.94296875 0.784375 0.1046875 0.13671875
0 0.96875 0.8921875 0.059375 0.14453125
0 0.90625 0.96953125 0.07578125 0.0609375
0 0.29453125 0.3015625 0.1 0.1625
0 0.28515625 0.07734375 0.0640625 0.13984375
0 0.49296875 0.3421875 0.1109375 0.1265625
0 0.6671875 0.346875 0.10390625 0.1390625
0 0.7859375 0.11484375 0.07265625 0.1734375
0 0.7078125 0.16171875 0.090625 0.1140625
0 0.603125 0.103125 0.08359375 0.09140625
0 0.60234375 0.02578125 0.0765625 0.05078125
0 0.5453125 0.1734375 0.0546875 0.09296875