0 0.059375 0.0953125 0.07578125 0.184375
0 0.175 0.1109375 0.1 0.1359375
0 0.33125 0.05546875 0.1 0.1109375
0 0.34375 0.165625 0.10234375 0.1109375
0 0.23984375 0.3546875 0.08515625 0.146875
0 0.378125 0.30625 0.0640625 0.16640625
0 0.77421875 0.365625 0.07265625 0.13203125
0 0.5109375 0.2578125 0.0796875 0.13359375
0 0.10546875 0.43203125 0.08828125 0.19140625
0 0.12265625 0.58984375 0.09296875 0.1546875
0 0.50859375 0.13125 0.09140625 0.12890625
0 0.07109375 0.33125 0.0890625 0.12265625
0 0.4859375 0.50859375 0.065625 0.1609375
0 0.70859375 0.47109375 0.08828125 0.19453125
0 0.7 0.25078125 0.059375 0.16328125
0 0.290625 0.559375 0.07578125 0.1390625
0 0.80234375 0.25 0.05859375 0.140625
0 0.115625 0.721875 0.1 0.125
0 0.66875 0.04296875 0.06328125 0.0828125
0 0.9671875 0.65703125 0.0546875 0.1390625
0 0.975 0.40390625 0.05 0.15
0 0.6296875 0.53984375 0.0890625 0.1875
0 0.97421875 0.7984375 0.0515625 0.175
0 0.36484375 0.540625 0.08125 0.13203125
0 0.565625 0.08828125 0.08125 0.13984375
0 0.615625 0.36328125 0.08125 0.16171875
0 0.421875 0.02890625 0.06953125 0.053125
0 0.90546875 0.59453125 0.06953125 0.14296875
0 0.33359375 0.665625 0.0828125 0.14921875
0 0.86484375 0.7609375 0.08984375 0.15
0 0.60390625 0.1234375 0.09765625 0.12109375
0 0.85625 0.4203125 0.07265625 0.14765625
0 0.92421875 0.8578125 0.0515625 0.12890625
0 0.7078125 0.7015625 0.0796875 0.1171875
0 0.60390625 0.23515625 0.08671875 0.12578125
0 0.7515625 0.80234375 0.06875 0.134375
0 0.14921875 0.95234375 0.0796875 0.09296875
0 0.240625 0.93984375 0.0828125 0.10546875
0 0.39921875 0.93359375 0.0796875 0.1328125
0 0.28671875 0.93125 0.059375 0.13671875
0 0.4125 0.659375 0.08671875 0.1203125
0 0.53671875 0.62109375 0.07109375 0.1046875
0 0.47734375 0.43203125 0.1078125 0.1078125
0 0.57890625 0.43671875 0.06953125 0.10390625
0 0.53828125 0.353125 0.08046875 0.0890625
0 0.6640625 0.19609375 0.059375 0.0875
0 0.7515625 0.22421875 0.05390625 0.09296875
0 0.615625 0.03125 0.0703125 0.06171875
0 0.840625 0.140625 0.0796875 0.09609375
0 0.8671875 0.071875 0.06015625 0.14375
0 0.9390625 0.12578125 0.0515625 0.171875
0 0.9546875 0.03984375 0.07578125 0.07890625
0 0.98046875 0.14765625 0.0390625 0.12421875
0 0.89609375 0.259375 0.07578125 0.0625
0 0.9046875 0.32421875 0.09375 0.07890625
0 0.98125 0.56875 0.0375 0.075
0 0.5734375 0.72734375 0.0609375 0.08515625
0 0.5671875 0.8390625 0.0671875 0.096875
0 0.6 0.7640625 0.08984375 0.09375
0 0.51015625 0.9171875 0.0453125 0.16484375
0 0.46171875 0.94296875 0.0453125 0.1140625
0 0.646875 0.89453125 0.04375 0.14296875
0 0.6984375 0.89453125 0.05546875 0.1140625
0 0.73515625 0.93203125 0.0765625 0.1359375
0 0.775 0.96875 0.05390625 0.0625
0 0.82734375 0.91484375 0.04609375 0.146875
0 0.8796875 0.9421875 0.0703125 0.10859375
0 0.91015625 0.96953125 0.04765625 0.0609375