0 0.6109375 0.453125 0.10625 0.15625
0 0.465625 0.30234375 0.12109375 0.13046875
0 0.4640625 0.4140625 0.14140625 0.18125
0 0.3921875 0.49921875 0.1 0.21015625
0 0.25859375 0.4046875 0.0796875 0.15078125
0 0.221875 0.315625 0.078125 0.1625
0 0.2203125 0.16640625 0.06953125 0.14296875
0 0.73359375 0.509375 0.11953125 0.17734375
0 0.0453125 0.0640625 0.07734375 0.1234375
0 0.115625 0.76796875 0.0796875 0.209375
0 0.96953125 0.1734375 0.05625 0.18984375
0 0.88046875 0.4828125 0.10546875 0.14375
0 0.8421875 0.540625 0.09296875 0.19375
0 0.14765625 0.9203125 0.08515625 0.153125
0 0.65546875 0.934375 0.16953125 0.12734375
0 0.9234375 0.9265625 0.08671875 0.14296875
0 0.70390625 0.3625 0.07421875 0.1421875
0 0.06953125 0.96171875 0.0828125 0.0765625
0 0.9765625 0.85859375 0.04453125 0.16484375