0 0.18671875 0.3703125 0.071875 0.0796875
0 0.32734375 0.603125 0.08125 0.16015625
0 0.5578125 0.70078125 0.0625 0.140625
0 0.63359375 0.8015625 0.0703125 0.153125
0 0.70234375 0.73125 0.08515625 0.146875
0 0.896875 0.66875 0.08203125 0.13984375
0 0.8171875 0.58671875 0.0765625 0.14609375
0 0.4546875 0.8109375 0.06484375 0.1703125
0 0.40859375 0.7140625 0.07109375 0.14609375
0 0.765625 0.78984375 0.0703125 0.1328125
0 0.22890625 0.74921875 0.08203125 0.16328125
0 0.784375 0.69375 0.075 0.1359375
0 0.56875 0.8296875 0.084375 0.1578125
0 0.03203125 0.69765625 0.06328125 0.14375
0 0.06328125 0.83515625 0.06328125 0.11484375
0 0.3515625 0.725 0.10078125 0.0859375
0 0.85234375 0.8796875 0.0828125 0.1109375
0 0.78515625 0.8875 0.078125 0.07890625
0 0.3921875 0.8390625 0.07265625 0.13203125
0 0.11875 0.80234375 0.06796875 0.0921875