0 0.6140625 0.73046875 0.0671875 0.09921875
0 0.7140625 0.72734375 0.07109375 0.11328125
0 0.7359375 0.86484375 0.05390625 0.09765625
0 0.41328125 0.80625 0.0640625 0.12265625
0 0.528125 0.8015625 0.0546875 0.12578125
0 0.340625 0.875 0.05078125 0.11484375
0 0.0671875 0.8453125 0.05390625 0.11015625
0 0.8515625 0.75859375 0.05625 0.103125
0 0.2125 0.8765625 0.0484375 0.11015625
0 0.6 0.8515625 0.07421875 0.11328125
0 0.18828125 0.61328125 0.0484375 0.10703125
0 0.89375 0.68984375 0.059375 0.1109375
0 0.19453125 0.515625 0.0546875 0.08984375
0 0.89921875 0.8125 0.078125 0.11328125
0 0.85234375 0.8703125 0.06015625 0.08359375
0 0.61015625 0.11875 0.05 0.10625
0 0.46796875 0.87421875 0.04296875 0.10234375
0 0.11171875 0.89609375 0.046875 0.096875
0 0.40546875 0.0921875 0.07421875 0.0796875
0 0.79453125 0.07109375 0.07109375 0.08984375
0 0.90703125 0.0625 0.05703125 0.1046875
0 0.61796875 0.03515625 0.05546875 0.06953125
0 0.478125 0.06875 0.0453125 0.103125
0 0.5671875 0.04140625 0.053125 0.08203125
0 0.5140625 0.13359375 0.05546875 0.09375
0 0.05390625 0.50078125 0.05546875 0.10625
0 0.47421875 0.15 0.06015625 0.0984375
0 0.22265625 0.1546875 0.0484375 0.08203125
0 0.86953125 0.03515625 0.046875 0.06953125