0 0.4046875 0.24609375 0.08203125 0.20390625
0 0.36875 0.375 0.10234375 0.125
0 0.38125 0.49296875 0.1046875 0.09375
0 0.8171875 0.44453125 0.0734375 0.13671875
0 0.490625 0.16875 0.0625 0.19765625
0 0.17109375 0.19375 0.0609375 0.184375
0 0.58515625 0.13359375 0.06640625 0.1984375
0 0.53515625 0.0875 0.0625 0.13046875
0 0.5546875 0.78046875 0.08203125 0.13515625
0 0.365625 0.81328125 0.06640625 0.196875
0 0.13359375 0.61015625 0.06875 0.125
0 0.0296875 0.74921875 0.05625 0.134375
0 0.3203125 0.06875 0.06328125 0.1328125
0 0.1578125 0.79765625 0.053125 0.11796875
0 0.39765625 0.61796875 0.11171875 0.10703125
0 0.1875 0.5671875 0.06484375 0.1546875
0 0.2390625 0.865625 0.07109375 0.17421875
0 0.1359375 0.903125 0.0578125 0.16953125
0 0.0203125 0.1578125 0.040625 0.13203125
0 0.828125 0.06171875 0.09921875 0.11796875
0 0.92109375 0.6578125 0.11640625 0.13125
0 0.3046875 0.7453125 0.071875 0.13515625
0 0.55 0.5203125 0.12890625 0.1078125
0 0.90078125 0.10703125 0.10859375 0.11484375
0 0.296875 0.8546875 0.06796875 0.1421875
0 0.59921875 0.590625 0.103125 0.07421875
0 0.803125 0.73359375 0.11953125 0.14453125