0 0.35703125 0.14921875 0.1203125 0.1484375
0 0.13671875 0.12890625 0.0859375 0.19296875
0 0.13125 0.5953125 0.078125 0.17578125
0 0.75078125 0.51328125 0.1171875 0.15234375
0 0.928125 0.203125 0.13828125 0.15390625
0 0.62421875 0.6578125 0.12578125 0.12109375
0 0.0421875 0.0578125 0.0828125 0.11484375
0 0.6171875 0.04296875 0.1046875 0.08359375
0 0.128125 0.8921875 0.1 0.1734375
0 0.46484375 0.03828125 0.08515625 0.07421875
0 0.9046875 0.05625 0.11328125 0.11015625
0 0.771875 0.746875 0.13203125 0.128125
0 0.959375 0.8078125 0.07734375 0.17109375
0 0.74921875 0.871875 0.12890625 0.1296875
0 0.4984375 0.86015625 0.0875 0.18359375