0 0.5640625 0.5328125 0.096875 0.21015625
0 0.26953125 0.46640625 0.11875 0.1203125
0 0.3453125 0.5265625 0.13671875 0.146875
0 0.40546875 0.25546875 0.1109375 0.15
0 0.7625 0.409375 0.08671875 0.209375
0 0.93125 0.9171875 0.07578125 0.1609375
0 0.6859375 0.2171875 0.10078125 0.184375
0 0.821875 0.46484375 0.1078125 0.15703125
0 0.79375 0.896875 0.07734375 0.1765625
0 0.48515625 0.1375 0.08203125 0.2234375
0 0.04921875 0.38515625 0.078125 0.16796875
0 0.0515625 0.2671875 0.0765625 0.15390625
0 0.025 0.4703125 0.04921875 0.14609375
0 0.54140625 0.7484375 0.1015625 0.1046875
0 0.6359375 0.315625 0.1125 0.14765625
0 0.16484375 0.20546875 0.09375 0.1734375
0 0.93984375 0.628125 0.09765625 0.1703125
0 0.35625 0.10703125 0.08203125 0.20546875
0 0.8 0.7484375 0.09375 0.13046875
0 0.55390625 0.87734375 0.1203125 0.11953125
0 0.2078125 0.35390625 0.1203125 0.15078125
0 0.4109375 0.925 0.08359375 0.14609375
0 0.62421875 0.909375 0.06640625 0.16796875
0 0.915625 0.31171875 0.09921875 0.1625
0 0.55703125 0.03984375 0.13515625 0.075
0 0.89140625 0.7859375 0.10625 0.096875
0 0.121875 0.134375 0.08125 0.25
0 0.415625 0.0703125 0.0703125 0.13984375
0 0.52578125 0.959375 0.0984375 0.08125
0 0.4875 0.69375 0.1546875 0.13203125