0 0.36015625 0.3796875 0.0828125 0.18203125
0 0.4484375 0.45 0.11171875 0.1375
0 0.9203125 0.6984375 0.084375 0.1890625
0 0.17578125 0.4 0.09453125 0.1484375
0 0.05625 0.396875 0.1015625 0.1375
0 0.17734375 0.7328125 0.0921875 0.2078125
0 0.1609375 0.5890625 0.096875 0.096875
0 0.6703125 0.94609375 0.11953125 0.1078125
0 0.94453125 0.20546875 0.08203125 0.24921875
0 0.90234375 0.08046875 0.0734375 0.1609375
0 0.96484375 0.0640625 0.0703125 0.115625
0 0.08203125 0.76875 0.0765625 0.190625
0 0.046875 0.9125 0.090625 0.15625
0 0.88984375 0.89296875 0.10390625 0.1703125