0 0.30703125 0.74765625 0.0515625 0.0984375
0 0.33984375 0.85625 0.07109375 0.090625
0 0.6984375 0.846875 0.06640625 0.109375
0 0.63359375 0.83359375 0.06015625 0.0890625
0 0.52890625 0.74765625 0.05390625 0.11015625
0 0.78828125 0.88203125 0.0703125 0.08203125
0 0.265625 0.93984375 0.071875 0.109375
0 0.14609375 0.6421875 0.0578125 0.0875
0 0.284375 0.63984375 0.059375 0.078125
0 0.85703125 0.834375 0.0578125 0.09296875
0 0.93984375 0.7609375 0.04375 0.090625
0 0.20859375 0.659375 0.06015625 0.1296875
0 0.96953125 0.8609375 0.0609375 0.1015625
0 0.88828125 0.928125 0.10859375 0.13671875
0 0.54921875 0.6765625 0.06875 0.0828125
0 0.784375 0.7890625 0.075 0.11953125
0 0.15390625 0.74375 0.10078125 0.1390625
0 0.08671875 0.73203125 0.05859375 0.115625
0 0.734375 0.71953125 0.05234375 0.09921875
0 0.07265625 0.94296875 0.06015625 0.10546875
0 0.615625 0.96875 0.059375 0.0625
0 0.06484375 0.61484375 0.05 0.096875
0 0.3421875 0.646875 0.0671875 0.09609375
0 0.78984375 0.96015625 0.0609375 0.075
0 0.6828125 0.74921875 0.07109375 0.11796875
0 0.49609375 0.7828125 0.05625 0.1375
0 0.8734375 0.7328125 0.0609375 0.084375
0 0.47578125 0.678125 0.046875 0.08359375
0 0.97734375 0.7578125 0.0453125 0.0875
0 0.65703125 0.97109375 0.0625 0.05703125
0 0.41171875 0.8203125 0.046875 0.078125
0 0.01640625 0.69296875 0.0328125 0.0921875
0 0.653125 0.69375 0.04609375 0.10859375
0 0.359375 0.79375 0.03828125 0.05859375
0 0.73359375 0.9765625 0.05078125 0.046875
0 0.5421875 0.85859375 0.04296875 0.0953125
0 0.39609375 0.97421875 0.06328125 0.0515625
0 0.015625 0.83671875 0.03125 0.0984375
0 0.4390625 0.68125 0.059375 0.08984375
0 0.81171875 0.7203125 0.0546875 0.09375
0 0.01875 0.615625 0.0359375 0.10703125
0 0.04375 0.7234375 0.0328125 0.08515625
0 0.69453125 0.71640625 0.03984375 0.078125
0 0.54140625 0.934375 0.02890625 0.0796875
0 0.171875 0.603125 0.03359375 0.05546875
0 0.78125 0.73828125 0.040625 0.07734375
0 0.5703125 0.75703125 0.02265625 0.0640625
0 0.83984375 0.72734375 0.053125 0.08125
0 0.378125 0.7515625 0.02578125 0.09375
0 0.28125 0.6109375 0.04453125 0.0421875