0 0.3640625 0.52421875 0.05390625 0.12890625
0 0.42890625 0.4078125 0.065625 0.07734375
0 0.50234375 0.3984375 0.06484375 0.08203125
0 0.72109375 0.371875 0.07578125 0.0765625
0 0.38203125 0.04375 0.0640625 0.0796875
0 0.4390625 0.05078125 0.046875 0.1015625
0 0.3 0.13515625 0.0453125 0.10625
0 0.36640625 0.1609375 0.04921875 0.078125
0 0.5109375 0.14140625 0.03125 0.07109375
0 0.59609375 0.06015625 0.05 0.084375
0 0.6453125 0.128125 0.04140625 0.084375
0 0.6015625 0.15078125 0.0390625 0.05546875
0 0.7671875 0.134375 0.06328125 0.0484375
0 0.984375 0.071875 0.03125 0.09375
0 0.89765625 0.36015625 0.065625 0.09609375
0 0.93515625 0.5015625 0.05703125 0.13203125
0 0.2421875 0.6375 0.05 0.12265625
0 0.89765625 0.615625 0.065625 0.134375
0 0.77578125 0.69375 0.06953125 0.13359375
0 0.4921875 0.6 0.05 0.11171875
0 0.6265625 0.690625 0.05546875 0.1453125
0 0.69296875 0.16015625 0.04296875 0.0640625
0 0.20703125 0.43984375 0.06640625 0.06875
0 0.57734375 0.69453125 0.065625 0.096875
0 0.13359375 0.6765625 0.0515625 0.096875
0 0.8625 0.78828125 0.05234375 0.1203125
0 0.05625 0.70078125 0.0484375 0.15078125
0 0.54140625 0.76328125 0.05625 0.10390625
0 0.37421875 0.80390625 0.08984375 0.1390625
0 0.2015625 0.6125 0.06953125 0.1296875
0 0.975 0.58125 0.05 0.11328125
0 0.46796875 0.68828125 0.075 0.10859375
0 0.4625 0.8015625 0.0515625 0.1234375
0 0.71640625 0.70625 0.065625 0.1609375
0 0.3015625 0.03125 0.059375 0.06171875
0 0.65078125 0.8703125 0.04375 0.0875
0 0.0796875 0.75 0.05625 0.103125
0 0.975 0.70078125 0.05 0.1453125
0 0.29296875 0.8609375 0.046875 0.12265625
0 0.39609375 0.8734375 0.04375 0.1078125
0 0.50390625 0.79140625 0.0421875 0.11796875
0 0.9234375 0.775 0.08515625 0.16484375
0 0.14140625 0.76875 0.05859375 0.12265625
0 0.20078125 0.8515625 0.0765625 0.11328125
0 0.721875 0.83671875 0.05390625 0.13671875
0 0.34453125 0.88046875 0.0515625 0.09453125
0 0.584375 0.88203125 0.075 0.0921875
0 0.77734375 0.35234375 0.04296875 0.059375
0 0.10078125 0.8640625 0.05078125 0.15390625
0 0.8421875 0.6453125 0.05859375 0.18984375
0 0.87890625 0.109375 0.0734375 0.08125
0 0.02421875 0.87578125 0.0484375 0.1109375
0 0.7890625 0.80859375 0.0828125 0.09296875
0 0.15 0.89765625 0.05703125 0.1125
0 0.484375 0.89296875 0.053125 0.05078125
0 0.06796875 0.925 0.03203125 0.06015625
0 0.0125 0.48046875 0.025 0.06484375
0 0.840625 0.97421875 0.046875 0.0515625
0 0.23203125 0.878125 0.06484375 0.0890625
0 0.94453125 0.86953125 0.06484375 0.08515625