0 0.19921875 0.3515625 0.0984375 0.2140625
0 0.32734375 0.50390625 0.115625 0.1828125
0 0.3765625 0.6765625 0.11875 0.2015625
0 0.090625 0.70703125 0.103125 0.23203125
0 0.21640625 0.79375 0.1109375 0.17265625
0 0.50625 0.778125 0.0953125 0.18203125
0 0.6109375 0.571875 0.10859375 0.12265625
0 0.58828125 0.73828125 0.1015625 0.1625
0 0.8953125 0.61015625 0.10859375 0.16796875
0 0.8453125 0.734375 0.0875 0.11328125
0 0.8921875 0.80625 0.07578125 0.19609375
0 0.88671875 0.94375 0.11484375 0.11171875
0 0.9578125 0.7546875 0.08203125 0.11875