0 0.22734375 0.1390625 0.07109375 0.16875
0 0.2109375 0.3 0.121875 0.14921875
0 0.29765625 0.4265625 0.11640625 0.134375
0 0.40234375 0.15390625 0.10234375 0.17109375
0 0.54296875 0.18046875 0.11796875 0.14765625
0 0.659375 0.11171875 0.121875 0.15078125
0 0.80546875 0.1234375 0.0796875 0.18125
0 0.815625 0.27421875 0.11171875 0.1859375
0 0.9125 0.2859375 0.10625 0.19296875
0 0.971875 0.21015625 0.05625 0.25390625
0 0.91171875 0.6140625 0.1203125 0.20859375
0 0.97421875 0.6609375 0.0515625 0.20546875
0 0.94140625 0.85625 0.1171875 0.165625
0 0.74453125 0.83203125 0.08984375 0.24140625
0 0.6484375 0.8515625 0.075 0.175
0 0.8015625 0.484375 0.11875 0.08046875
0 0.72890625 0.52890625 0.09921875 0.1296875
0 0.6125 0.5234375 0.13203125 0.128125
0 0.60546875 0.6671875 0.08671875 0.16875
0 0.521875 0.70234375 0.14375 0.1734375
0 0.51171875 0.3171875 0.11171875 0.159375
0 0.39140625 0.325 0.0921875 0.12890625
0 0.33515625 0.61640625 0.07890625 0.2484375
0 0.2546875 0.640625 0.08125 0.17890625
0 0.15703125 0.64296875 0.1203125 0.17421875
0 0.1015625 0.7625 0.075 0.2375
0 0.2859375 0.92890625 0.096875 0.1421875
0 0.04140625 0.48984375 0.0828125 0.08984375
0 0.05078125 0.3390625 0.0703125 0.10625
0 0.0703125 0.95546875 0.09921875 0.0890625
0 0.03359375 0.76015625 0.0671875 0.19140625
0 0.903125 0.02578125 0.10625 0.0453125