0 0.3203125 0.6125 0.08125 0.09140625
0 0.403125 0.7453125 0.08515625 0.11796875
0 0.32734375 0.8109375 0.08515625 0.15859375
0 0.8078125 0.515625 0.06875 0.10703125
0 0.13828125 0.57578125 0.09765625 0.121875
0 0.10390625 0.68828125 0.134375 0.1734375
0 0.17578125 0.89140625 0.096875 0.14375
0 0.384375 0.35859375 0.078125 0.12421875
0 0.546875 0.42265625 0.06953125 0.1390625
0 0.77890625 0.653125 0.0734375 0.09375
0 0.840625 0.7609375 0.07109375 0.11640625
0 0.390625 0.54921875 0.065625 0.15703125
0 0.03984375 0.4625 0.06875 0.1671875
0 0.4640625 0.7765625 0.065625 0.14453125
0 0.94765625 0.625 0.06171875 0.1125
0 0.378125 0.18671875 0.0734375 0.1171875
0 0.14140625 0.421875 0.084375 0.1203125
0 0.94296875 0.7171875 0.05703125 0.11328125
0 0.22734375 0.565625 0.06484375 0.17109375
0 0.64609375 0.528125 0.08125 0.15625
0 0.675 0.24765625 0.1046875 0.171875
0 0.24375 0.878125 0.0703125 0.15234375
0 0.2703125 0.34609375 0.07578125 0.13046875
0 0.4859375 0.67265625 0.0703125 0.1734375
0 0.53125 0.5828125 0.11328125 0.171875
0 0.815625 0.25234375 0.06953125 0.1171875
0 0.90078125 0.1890625 0.0625 0.10859375
0 0.03046875 0.8328125 0.0609375 0.14453125
0 0.3390625 0.31484375 0.05859375 0.09375
0 0.02890625 0.5984375 0.0578125 0.16875
0 0.28125 0.4875 0.06953125 0.16640625
0 0.0484375 0.20234375 0.07890625 0.12421875
0 0.68671875 0.73828125 0.0453125 0.1453125
0 0.18359375 0.3328125 0.0890625 0.1265625
0 0.903125 0.39921875 0.04921875 0.1125
0 0.7875 0.4046875 0.05859375 0.12265625
0 0.11328125 0.3390625 0.06171875 0.14375
0 0.3296875 0.46015625 0.05 0.15
0 0.84921875 0.40546875 0.05703125 0.11796875
0 0.6921875 0.44296875 0.0625 0.11953125
0 0.965625 0.946875 0.0640625 0.10546875
0 0.7578125 0.33203125 0.05234375 0.121875
0 0.40625 0.253125 0.059375 0.11015625
0 0.609375 0.37734375 0.05 0.1296875
0 0.76640625 0.76875 0.05390625 0.12265625
0 0.63359375 0.73359375 0.06953125 0.203125
0 0.93671875 0.496875 0.0515625 0.153125
0 0.2828125 0.0953125 0.059375 0.103125
0 0.82109375 0.15546875 0.07265625 0.1203125
0 0.96796875 0.57109375 0.04765625 0.12265625
0 0.35859375 0.08671875 0.078125 0.07734375
0 0.9765625 0.4078125 0.046875 0.11875
0 0.49375 0.3234375 0.05625 0.15078125
0 0.834375 0.0328125 0.04765625 0.065625
0 0.94609375 0.38515625 0.04375 0.0890625
0 0.60234375 0.1671875 0.05078125 0.1296875
0 0.5734375 0.365625 0.04375 0.13046875
0 0.69375 0.865625 0.07421875 0.10546875
0 0.6609375 0.903125 0.05234375 0.090625
0 0.703125 0.95703125 0.06875 0.0859375