0 0.62421875 0.103125 0.08515625 0.1375
0 0.64296875 0.2015625 0.08203125 0.121875
0 0.63515625 0.4078125 0.0765625 0.12890625
0 0.5546875 0.528125 0.08984375 0.0875
0 0.3546875 0.575 0.0625 0.11953125
0 0.27734375 0.50703125 0.0765625 0.2015625
0 0.23671875 0.7234375 0.07734375 0.10625
0 0.7671875 0.81328125 0.05859375 0.12265625
0 0.9359375 0.8890625 0.075 0.11171875
0 0.71953125 0.92734375 0.06640625 0.1234375
0 0.76484375 0.93203125 0.05078125 0.12734375
0 0.81953125 0.946875 0.0609375 0.10625