0 0.8375 0.48515625 0.075 0.10859375
0 0.86796875 0.40234375 0.07734375 0.1203125
0 0.43046875 0.48359375 0.075 0.10859375
0 0.59609375 0.10546875 0.06640625 0.13046875
0 0.46796875 0.33046875 0.06171875 0.15234375
0 0.4453125 0.1390625 0.0546875 0.15859375
0 0.528125 0.22890625 0.0828125 0.115625
0 0.5421875 0.36484375 0.059375 0.15859375
0 0.26484375 0.23671875 0.0703125 0.1046875
0 0.040625 0.34453125 0.071875 0.1015625
0 0.01953125 0.44140625 0.03828125 0.13359375
0 0.23203125 0.1 0.0671875 0.1203125
0 0.21796875 0.48828125 0.053125 0.1671875
0 0.1734375 0.521875 0.05703125 0.15859375
0 0.39765625 0.24921875 0.071875 0.1359375
0 0.27890625 0.47578125 0.0734375 0.146875
0 0.58515625 0.44453125 0.084375 0.19296875
0 0.19375 0.40703125 0.07421875 0.109375
0 0.21953125 0.3140625 0.078125 0.10703125
0 0.509375 0.0421875 0.08125 0.084375
0 0.0421875 0.640625 0.053125 0.1203125
0 0.328125 0.36875 0.05546875 0.109375
0 0.36640625 0.37578125 0.0796875 0.1046875
0 0.09453125 0.43203125 0.06171875 0.14921875
0 0.46640625 0.59609375 0.0828125 0.15859375
0 0.1265625 0.228125 0.07109375 0.09765625
0 0.6890625 0.8328125 0.08984375 0.13984375
0 0.61328125 0.74453125 0.10546875 0.08828125
0 0.48671875 0.85859375 0.121875 0.11484375
0 0.2546875 0.85078125 0.0921875 0.11796875
0 0.71328125 0.72734375 0.1125 0.0765625
0 0.821875 0.78125 0.10390625 0.1140625
0 0.90703125 0.85625 0.08515625 0.17265625
0 0.15546875 0.05546875 0.046875 0.1046875
0 0.3125 0.0484375 0.08671875 0.096875
0 0.2296875 0.18359375 0.0828125 0.1234375