0 0.28125 0.64609375 0.07265625 0.12265625
0 0.32578125 0.71015625 0.0734375 0.13203125
0 0.425 0.62734375 0.07109375 0.10546875
0 0.61328125 0.7953125 0.08515625 0.1359375
0 0.2484375 0.70625 0.08359375 0.1484375
0 0.565625 0.88125 0.08125 0.1546875
0 0.73671875 0.66875 0.0796875 0.13125
0 0.2046875 0.76875 0.06953125 0.146875
0 0.72890625 0.921875 0.0578125 0.0890625
0 0.08828125 0.50546875 0.06484375 0.12734375
0 0.534375 0.7078125 0.08359375 0.10546875
0 0.9234375 0.74375 0.0640625 0.14296875
0 0.9125 0.4625 0.0609375 0.096875
0 0.7796875 0.49609375 0.08515625 0.11953125
0 0.30703125 0.884375 0.06328125 0.11796875
0 0.83984375 0.61875 0.06796875 0.14765625
0 0.37890625 0.84921875 0.08984375 0.20078125
0 0.76328125 0.5875 0.078125 0.09609375
0 0.15234375 0.471875 0.0921875 0.109375
0 0.9578125 0.63046875 0.0609375 0.1265625
0 0.71796875 0.55390625 0.05703125 0.10546875
0 0.603125 0.653125 0.05859375 0.146875
0 0.6546875 0.9359375 0.05859375 0.075
0 0.0515625 0.8140625 0.0984375 0.11796875
0 0.659375 0.740625 0.071875 0.14765625
0 0.25625 0.88828125 0.07265625 0.10390625
0 0.140625 0.54609375 0.06328125 0.15390625
0 0.278125 0.3515625 0.0609375 0.0734375
0 0.8484375 0.41484375 0.06171875 0.05390625
0 0.53203125 0.6 0.05703125 0.16015625
0 0.19296875 0.3453125 0.05625 0.07109375
0 0.06328125 0.32890625 0.05234375 0.06171875
0 0.07578125 0.934375 0.08125 0.12421875
0 0.21875 0.9078125 0.06015625 0.078125
0 0.14375 0.33671875 0.05546875 0.059375
0 0.803125 0.253125 0.0828125 0.0484375
0 0.9796875 0.5265625 0.040625 0.10390625
0 0.7796875 0.95 0.0625 0.06015625
0 0.984375 0.8015625 0.03125 0.11328125
0 0.93515625 0.0625 0.04609375 0.09296875
0 0.65 0.2265625 0.071875 0.0515625
0 0.1640625 0.04296875 0.059375 0.0859375
0 0.77578125 0.10625 0.05859375 0.096875
0 0.81953125 0.1078125 0.06171875 0.08203125
0 0.88203125 0.13515625 0.04453125 0.09296875
0 0.87578125 0.03671875 0.0515625 0.0734375