0 0.703125 0.54375 0.0703125 0.11953125
0 0.81015625 0.45390625 0.10859375 0.11484375
0 0.91796875 0.41640625 0.06640625 0.13125
0 0.503125 0.6015625 0.08203125 0.13125
0 0.5875 0.44609375 0.0921875 0.12109375
0 0.91640625 0.64453125 0.07890625 0.134375
0 0.7640625 0.79375 0.08125 0.16015625
0 0.6265625 0.925 0.1046875 0.15
0 0.196875 0.8296875 0.10859375 0.134375
0 0.71796875 0.71171875 0.0796875 0.1203125
0 0.63984375 0.80390625 0.08984375 0.125
0 0.390625 0.740625 0.09140625 0.140625
0 0.18046875 0.23984375 0.06015625 0.146875
0 0.2984375 0.6921875 0.1140625 0.13828125
0 0.4390625 0.33203125 0.0796875 0.1265625
0 0.6546875 0.721875 0.07734375 0.11484375
0 0.9171875 0.16015625 0.0625 0.11328125
0 0.37578125 0.95 0.1296875 0.1
0 0.7203125 0.9484375 0.11484375 0.103125
0 0.4546875 0.140625 0.08203125 0.10390625
0 0.43046875 0.21640625 0.0953125 0.1296875
0 0.5734375 0.75703125 0.06796875 0.18515625
0 0.746875 0.33984375 0.0703125 0.175
0 0.8265625 0.3578125 0.1015625 0.1484375
0 0.63984375 0.14453125 0.09296875 0.1171875
0 0.953125 0.7875 0.06953125 0.20390625
0 0.1046875 0.40625 0.078125 0.18828125
0 0.1390625 0.67734375 0.0671875 0.190625
0 0.5109375 0.36953125 0.07890625 0.17578125
0 0.3265625 0.44609375 0.084375 0.1609375
0 0.38671875 0.6125 0.11015625 0.171875
0 0.08125 0.71796875 0.075 0.1703125
0 0.6359375 0.33359375 0.0640625 0.159375
0 0.690625 0.3375 0.0546875 0.1625
0 0.35390625 0.278125 0.06640625 0.17578125
0 0.2515625 0.5875 0.08515625 0.1328125
0 0.82109375 0.259375 0.0875 0.128125
0 0.24296875 0.928125 0.12421875 0.14296875
0 0.57109375 0.1796875 0.075 0.13359375
0 0.265625 0.48671875 0.09296875 0.16484375
0 0.1984375 0.084375 0.09296875 0.08984375
0 0.11328125 0.93828125 0.10078125 0.1125
0 0.628125 0.05078125 0.11875 0.0984375
0 0.4921875 0.46796875 0.0578125 0.125
0 0.9828125 0.3859375 0.03359375 0.15625
0 0.859375 0.21484375 0.0609375 0.11015625
0 0.09921875 0.8609375 0.09296875 0.08125
0 0.965625 0.96171875 0.06875 0.0765625
0 0.084375 0.16953125 0.05546875 0.16953125
0 0.12890625 0.22265625 0.046875 0.09765625
0 0.0390625 0.39140625 0.078125 0.12265625
0 0.51796875 0.16796875 0.05625 0.10546875
0 0.38671875 0.43359375 0.05859375 0.15625
0 0.421875 0.51640625 0.07421875 0.14296875
0 0.446875 0.4546875 0.05859375 0.1125
0 0.66484375 0.21640625 0.0890625 0.12890625
0 0.71640625 0.2390625 0.05234375 0.11171875