0 0.23359375 0.72109375 0.0421875 0.1015625
0 0.2921875 0.7359375 0.046875 0.10390625
0 0.34296875 0.73359375 0.05390625 0.1046875
0 0.3953125 0.715625 0.05703125 0.084375
0 0.071875 0.7984375 0.046875 0.08203125
0 0.12890625 0.7875 0.05078125 0.08828125
0 0.20078125 0.80078125 0.08984375 0.08359375
0 0.4625 0.721875 0.06171875 0.0921875
0 0.23203125 0.8609375 0.071875 0.11484375
0 0.57265625 0.784375 0.05859375 0.10625
0 0.56171875 0.6625 0.0625 0.10078125
0 0.5171875 0.75078125 0.071875 0.1
0 0.42578125 0.925 0.0671875 0.1125
0 0.32421875 0.6359375 0.06484375 0.090625
0 0.190625 0.6765625 0.05859375 0.1046875
0 0.11953125 0.6828125 0.08046875 0.109375
0 0.73984375 0.9171875 0.07734375 0.1171875
0 0.1234375 0.86171875 0.0859375 0.090625
0 0.746875 0.684375 0.0765625 0.09765625
0 0.52421875 0.8484375 0.05859375 0.11484375
0 0.01796875 0.7671875 0.0359375 0.09765625
0 0.58515625 0.86953125 0.075 0.125
0 0.3296875 0.8375 0.0859375 0.09921875
0 0.32421875 0.934375 0.09765625 0.1078125
0 0.24453125 0.64453125 0.0625 0.075
0 0.5921875 0.96015625 0.0890625 0.07734375
0 0.22578125 0.95 0.0734375 0.1
0 0.803125 0.71640625 0.07890625 0.11015625
0 0.0703125 0.67890625 0.0734375 0.08046875
0 0.40234375 0.815625 0.06171875 0.146875
0 0.78828125 0.95 0.0734375 0.0921875
0 0.9078125 0.73203125 0.0609375 0.11328125
0 0.8296875 0.6296875 0.0953125 0.14140625
0 0.81484375 0.79765625 0.0671875 0.08828125
0 0.6390625 0.69375 0.07890625 0.103125
0 0.725 0.5921875 0.08359375 0.09609375
0 0.659375 0.7609375 0.05859375 0.1265625
0 0.878125 0.86796875 0.10078125 0.1375
0 0.625 0.62421875 0.06875 0.07890625
0 0.38125 0.62578125 0.0484375 0.09296875
0 0.57890625 0.59453125 0.075 0.0765625
0 0.43671875 0.653125 0.06796875 0.103125
0 0.73828125 0.81796875 0.09453125 0.1015625
0 0.65390625 0.5984375 0.0671875 0.084375
0 0.94921875 0.77265625 0.06796875 0.0890625
0 0.9125 0.58515625 0.08125 0.09140625
0 0.1671875 0.94375 0.07734375 0.1125
0 0.47578125 0.609375 0.0703125 0.08359375
0 0.78203125 0.853125 0.065625 0.121875
0 0.0234375 0.67109375 0.04609375 0.071875
0 0.9671875 0.8921875 0.06484375 0.09609375
0 0.51328125 0.978125 0.06171875 0.0390625
0 0.84296875 0.975 0.0578125 0.04921875
0 0.41796875 0.59765625 0.046875 0.075