0 0.7046875 0.421875 0.05234375 0.14296875
0 0.74921875 0.33984375 0.05078125 0.13828125
0 0.578125 0.66328125 0.053125 0.1578125
0 0.84296875 0.5140625 0.0578125 0.1515625
0 0.41484375 0.75625 0.06796875 0.19921875
0 0.7875 0.46875 0.0546875 0.18828125
0 0.47109375 0.5046875 0.06484375 0.1640625
0 0.58515625 0.34765625 0.0640625 0.14765625
0 0.74140625 0.5640625 0.0609375 0.11328125
0 0.7890625 0.7015625 0.059375 0.14140625
0 0.2546875 0.4828125 0.06640625 0.196875
0 0.7375 0.68984375 0.06171875 0.14609375
0 0.29140625 0.70625 0.07578125 0.1921875
0 0.684375 0.86015625 0.059375 0.1546875
0 0.88828125 0.3203125 0.0609375 0.12265625
0 0.5296875 0.49921875 0.075 0.14921875
0 0.64375 0.7140625 0.07578125 0.17890625
0 0.4390625 0.89921875 0.0703125 0.18359375
0 0.946875 0.46328125 0.0578125 0.171875
0 0.19765625 0.61640625 0.0703125 0.15703125
0 0.1453125 0.5546875 0.0625 0.2125
0 0.7 0.1328125 0.06953125 0.15078125
0 0.36640625 0.5796875 0.07421875 0.1625
0 0.715625 0.7765625 0.0515625 0.1625
0 0.9203125 0.53984375 0.05703125 0.12265625
0 0.57109375 0.94140625 0.06640625 0.1140625
0 0.94375 0.3375 0.0703125 0.15390625
0 0.19140625 0.4625 0.0625 0.17109375
0 0.30546875 0.4328125 0.05390625 0.134375
0 0.96875 0.73203125 0.05859375 0.1921875
0 0.92109375 0.7984375 0.0578125 0.15546875
0 0.37265625 0.41796875 0.0625 0.178125
0 0.72421875 0.2359375 0.07109375 0.1125
0 0.8875 0.7125 0.07734375 0.1359375
0 0.17265625 0.18125 0.07109375 0.1546875
0 0.096875 0.76640625 0.0703125 0.2125
0 0.8734375 0.4109375 0.06171875 0.13125
0 0.93359375 0.1015625 0.06328125 0.10859375
0 0.9796875 0.56484375 0.040625 0.1203125
0 0.240625 0.0921875 0.078125 0.1546875
0 0.03046875 0.7390625 0.0609375 0.18359375
0 0.978125 0.4484375 0.04375 0.175
0 0.5671875 0.18671875 0.06875 0.10234375
0 0.03359375 0.9015625 0.0640625 0.1734375
0 0.5453125 0.09296875 0.06875 0.14765625
0 0.415625 0.096875 0.071875 0.15703125
0 0.31953125 0.13359375 0.09140625 0.18125
0 0.40703125 0.5078125 0.07421875 0.2015625
0 0.46484375 0.0453125 0.07890625 0.08828125
0 0.15390625 0.759375 0.0671875 0.1703125
0 0.25078125 0.96640625 0.08359375 0.065625
0 0.59765625 0.0375 0.0578125 0.0734375
0 0.8984375 0.16953125 0.0546875 0.15546875
0 0.04921875 0.2078125 0.0953125 0.14609375
0 0.32109375 0.35234375 0.0828125 0.08046875
0 0.21328125 0.75 0.0703125 0.18359375
0 0.103125 0.078125 0.05390625 0.115625
0 0.16953125 0.02578125 0.09453125 0.0515625
0 0.0296875 0.12734375 0.059375 0.12109375
0 0.7859375 0.03828125 0.04453125 0.0765625
0 0.83359375 0.0359375 0.04609375 0.071875