0 0.57890625 0.91015625 0.0453125 0.08359375
0 0.62734375 0.903125 0.05390625 0.078125
0 0.753125 0.70625 0.05 0.08359375
0 0.809375 0.72734375 0.05234375 0.0796875
0 0.95 0.69765625 0.040625 0.0921875
0 0.9890625 0.67265625 0.021875 0.08984375
0 0.56640625 0.80078125 0.0453125 0.0859375
0 0.378125 0.8109375 0.03203125 0.06015625
0 0.25859375 0.85078125 0.05390625 0.06328125
0 0.31796875 0.865625 0.0359375 0.084375
0 0.34609375 0.8875 0.0421875 0.05390625
0 0.34765625 0.93515625 0.03984375 0.0921875
0 0.38828125 0.87109375 0.0328125 0.07578125
0 0.41953125 0.86484375 0.03203125 0.06484375
0 0.52578125 0.840625 0.03046875 0.075
0 0.65859375 0.75859375 0.04140625 0.0734375
0 0.6234375 0.74375 0.05625 0.06484375
0 0.86875 0.8453125 0.03203125 0.084375
0 0.8734375 0.9109375 0.04765625 0.08046875
0 0.9546875 0.94296875 0.065625 0.0640625
0 0.7671875 0.80703125 0.04296875 0.0765625
0 0.7875 0.84375 0.03828125 0.08203125
0 0.91328125 0.7375 0.04921875 0.08515625
0 0.49140625 0.8390625 0.0359375 0.08203125
0 0.4234375 0.9234375 0.06796875 0.075
0 0.45625 0.8421875 0.04375 0.090625
0 0.55390625 0.76171875 0.0390625 0.0578125