0 0.26171875 0.79375 0.05859375 0.10390625
0 0.171875 0.7328125 0.06171875 0.10234375
0 0.11953125 0.73671875 0.04921875 0.08359375
0 0.11484375 0.8296875 0.04765625 0.10078125
0 0.03828125 0.8359375 0.0390625 0.11015625
0 0.0671875 0.85703125 0.04609375 0.10625
0 0.059375 0.71484375 0.04765625 0.06796875
0 0.0921875 0.6546875 0.05390625 0.10078125
0 0.134375 0.653125 0.0390625 0.05390625
0 0.17421875 0.64921875 0.04296875 0.07265625
0 0.32421875 0.759375 0.06328125 0.09296875
0 0.15546875 0.915625 0.06015625 0.12734375
0 0.284375 0.69609375 0.06171875 0.1
0 0.225 0.646875 0.0640625 0.084375
0 0.11875 0.93828125 0.06015625 0.11328125
0 0.04921875 0.9515625 0.05546875 0.09140625
0 0.53125 0.6453125 0.053125 0.09140625
0 0.39140625 0.82109375 0.08671875 0.09296875
0 0.5734375 0.6078125 0.0671875 0.071875
0 0.3 0.61796875 0.0640625 0.07578125
0 0.47265625 0.653125 0.05078125 0.08203125
0 0.71875 0.8671875 0.075 0.134375
0 0.2421875 0.69609375 0.0515625 0.0984375
0 0.49453125 0.86953125 0.0578125 0.12109375
0 0.43828125 0.71796875 0.0640625 0.0875
0 0.7390625 0.725 0.05703125 0.09921875
0 0.38203125 0.73125 0.06015625 0.11015625
0 0.34765625 0.67109375 0.05390625 0.09375
0 0.01640625 0.81875 0.0328125 0.1125
0 0.41640625 0.675 0.05390625 0.0984375
0 0.77578125 0.57421875 0.0609375 0.0671875
0 0.690625 0.6765625 0.05625 0.0875
0 0.42421875 0.6078125 0.0546875 0.0671875
0 0.5171875 0.79765625 0.05546875 0.078125
0 0.60859375 0.7765625 0.06171875 0.09296875
0 0.34921875 0.87109375 0.06015625 0.109375
0 0.29453125 0.89140625 0.0640625 0.0953125
0 0.6890625 0.80390625 0.07421875 0.10546875
0 0.771875 0.746875 0.05703125 0.11640625
0 0.83515625 0.9140625 0.0796875 0.1
0 0.81484375 0.62421875 0.0703125 0.1109375
0 0.63359375 0.9203125 0.053125 0.12421875
0 0.88984375 0.73359375 0.06015625 0.11484375
0 0.740625 0.63203125 0.05546875 0.10234375
0 0.8015625 0.834375 0.06328125 0.1203125
0 0.23671875 0.8921875 0.07109375 0.0859375
0 0.4484375 0.8921875 0.07109375 0.14140625
0 0.82109375 0.7484375 0.05546875 0.11484375
0 0.89140625 0.87421875 0.0859375 0.096875
0 0.55 0.84765625 0.0625 0.1109375
0 0.69453125 0.59296875 0.07421875 0.0828125
0 0.271875 0.940625 0.05859375 0.08984375
0 0.35078125 0.95234375 0.05234375 0.09453125
0 0.47265625 0.70703125 0.046875 0.0765625
0 0.64453125 0.68828125 0.0484375 0.09140625
0 0.54375 0.7296875 0.0640625 0.09453125
0 0.93359375 0.959375 0.0625 0.08046875
0 0.2203125 0.95859375 0.0828125 0.0828125
0 0.88046875 0.58515625 0.05 0.0953125
0 0.6203125 0.7140625 0.0640625 0.0890625
0 0.5296875 0.9734375 0.090625 0.053125
0 0.97734375 0.93359375 0.0453125 0.1140625
0 0.0140625 0.68203125 0.028125 0.084375
0 0.39921875 0.9609375 0.06171875 0.078125
0 0.57734375 0.9109375 0.0546875 0.09453125