0 0.50703125 0.21640625 0.0765625 0.15703125
0 0.30546875 0.20234375 0.0921875 0.153125
0 0.765625 0.6609375 0.06328125 0.22421875
0 0.82890625 0.78671875 0.09140625 0.11328125
0 0.875 0.9328125 0.1234375 0.134375
0 0.60625 0.8671875 0.1109375 0.1015625
0 0.571875 0.75 0.07890625 0.15625
0 0.021875 0.3453125 0.04296875 0.18984375
0 0.6171875 0.5390625 0.05703125 0.153125
0 0.5515625 0.51015625 0.05078125 0.17109375
0 0.4875 0.47890625 0.06796875 0.1265625
0 0.47265625 0.56875 0.053125 0.11171875
0 0.50859375 0.64921875 0.07890625 0.0796875
0 0.1390625 0.50703125 0.065625 0.09140625
0 0.0609375 0.45703125 0.04921875 0.0734375
0 0.2046875 0.43125 0.05234375 0.08515625
0 0.28359375 0.4484375 0.0671875 0.09296875
0 0.23984375 0.57265625 0.0578125 0.1140625
0 0.2859375 0.878125 0.0875 0.1328125
0 0.12578125 0.84609375 0.05078125 0.17265625
0 0.01796875 0.75859375 0.0359375 0.1609375
0 0.50078125 0.95859375 0.06875 0.0828125
0 0.04765625 0.93984375 0.05546875 0.1