0 0.13046875 0.28671875 0.10703125 0.12578125
0 0.03984375 0.38828125 0.0796875 0.15859375
0 0.21015625 0.59375 0.1109375 0.11328125
0 0.38515625 0.4890625 0.0859375 0.165625
0 0.46796875 0.40625 0.1015625 0.12578125
0 0.8171875 0.3734375 0.096875 0.16171875
0 0.915625 0.51171875 0.09140625 0.196875
0 0.94375 0.06796875 0.10703125 0.1359375
0 0.446875 0.65 0.07578125 0.19140625
0 0.72734375 0.9046875 0.07890625 0.18515625
0 0.090625 0.9640625 0.08359375 0.071875
0 0.39140625 0.93203125 0.06484375 0.13515625
0 0.46796875 0.94765625 0.09609375 0.1046875