0 0.88046875 0.609375 0.0578125 0.0984375
0 0.821875 0.61171875 0.0625 0.0921875
0 0.75 0.78125 0.09375 0.09375
0 0.7375 0.60234375 0.078125 0.10234375
0 0.57890625 0.584375 0.06015625 0.0875
0 0.659375 0.62421875 0.05625 0.12890625
0 0.94140625 0.79609375 0.06484375 0.103125
0 0.846875 0.7859375 0.07109375 0.1171875
0 0.4984375 0.59921875 0.06328125 0.11328125
0 0.715625 0.653125 0.05625 0.11640625
0 0.5375 0.72421875 0.065625 0.11015625
0 0.6125 0.71953125 0.0609375 0.14765625
0 0.36015625 0.93046875 0.0734375 0.134375
0 0.80625 0.93203125 0.08515625 0.09609375
0 0.41953125 0.5734375 0.08828125 0.1
0 0.43046875 0.68515625 0.06015625 0.134375
0 0.6109375 0.6 0.06796875 0.10859375
0 0.8765625 0.8578125 0.0640625 0.09609375
0 0.4234375 0.90703125 0.06171875 0.0828125
0 0.41953125 0.96328125 0.0796875 0.06953125
0 0.82890625 0.871875 0.06484375 0.06796875