0 0.86953125 0.2453125 0.07421875 0.20546875
0 0.73203125 0.128125 0.11484375 0.11875
0 0.67890625 0.04609375 0.09453125 0.0921875
0 0.5515625 0.209375 0.08828125 0.1921875
0 0.65390625 0.4703125 0.1125 0.109375
0 0.434375 0.31171875 0.103125 0.125
0 0.11953125 0.209375 0.096875 0.1265625
0 0.25390625 0.265625 0.0765625 0.16171875
0 0.384375 0.79140625 0.09921875 0.20546875
0 0.334375 0.12734375 0.1140625 0.13515625
0 0.2125 0.9671875 0.09140625 0.0640625
0 0.1421875 0.346875 0.06171875 0.07578125
0 0.19921875 0.11953125 0.090625 0.15390625
0 0.07578125 0.96484375 0.09140625 0.0703125
0 0.1015625 0.81875 0.13671875 0.15625
0 0.09453125 0.5203125 0.11640625 0.153125
0 0.0359375 0.059375 0.06953125 0.115625
0 0.328125 0.0484375 0.11953125 0.0953125
0 0.253125 0.04453125 0.059375 0.0859375
0 0.18125 0.03671875 0.0875 0.07109375
0 0.03671875 0.25390625 0.07265625 0.16953125