0 0.290625 0.434375 0.05546875 0.12578125
0 0.590625 0.5265625 0.0671875 0.1234375
0 0.77578125 0.36953125 0.05625 0.10703125
0 0.8453125 0.30390625 0.04140625 0.115625
0 0.88515625 0.2234375 0.04609375 0.12890625
0 0.62734375 0.225 0.0515625 0.175
0 0.16796875 0.34140625 0.0625 0.153125
0 0.27890625 0.296875 0.059375 0.11484375
0 0.22421875 0.37421875 0.06875 0.1015625
0 0.45 0.3140625 0.06875 0.15234375
0 0.603125 0.2828125 0.071875 0.13671875
0 0.0671875 0.23125 0.071875 0.14375
0 0.4234375 0.21484375 0.06953125 0.12578125
0 0.7203125 0.27265625 0.07109375 0.11953125
0 0.5671875 0.3671875 0.075 0.14375
0 0.12890625 0.64765625 0.090625 0.15234375
0 0.74609375 0.0515625 0.0546875 0.103125
0 0.50546875 0.03828125 0.0453125 0.0765625
0 0.38984375 0.13671875 0.06328125 0.0671875
0 0.82890625 0.03671875 0.06875 0.0734375
0 0.940625 0.1140625 0.04453125 0.06328125
0 0.31328125 0.721875 0.07421875 0.1828125
0 0.40390625 0.934375 0.06875 0.13125
0 0.9828125 0.08984375 0.034375 0.0734375
0 0.4625 0.0390625 0.065625 0.0765625
0 0.07109375 0.04921875 0.0765625 0.09765625
0 0.20859375 0.02421875 0.06328125 0.0484375