0 0.5421875 0.25546875 0.06171875 0.11875
0 0.36015625 0.21015625 0.10234375 0.19296875
0 0.4859375 0.52578125 0.078125 0.10546875
0 0.97734375 0.15 0.0453125 0.103125
0 0.82265625 0.06015625 0.05625 0.1171875
0 0.1265625 0.05078125 0.08359375 0.09765625
0 0.2625 0.54609375 0.10625 0.11640625
0 0.3265625 0.9265625 0.07421875 0.11171875
0 0.1 0.9515625 0.096875 0.09609375
0 0.253125 0.78671875 0.07578125 0.16953125
0 0.23828125 0.61796875 0.07734375 0.0953125
0 0.50703125 0.77578125 0.0796875 0.10859375
0 0.32265625 0.74453125 0.065625 0.09921875
0 0.64375 0.8578125 0.059375 0.175
0 0.6234375 0.72109375 0.06875 0.12109375
0 0.85546875 0.87578125 0.0640625 0.1546875
0 0.58203125 0.8453125 0.05703125 0.1515625
0 0.56875 0.68046875 0.04921875 0.07578125
0 0.76328125 0.83671875 0.0609375 0.13515625
0 0.7359375 0.74296875 0.06875 0.1125
0 0.8171875 0.840625 0.0640625 0.12578125
0 0.41015625 0.7265625 0.0828125 0.15625
0 0.92578125 0.88125 0.0546875 0.159375
0 0.97890625 0.8796875 0.04140625 0.1421875