0 0.1015625 0.04375 0.075 0.0875
0 0.278125 0.1828125 0.0625 0.19375
0 0.1734375 0.21328125 0.09140625 0.07109375
0 0.27421875 0.4046875 0.0859375 0.15859375
0 0.178125 0.46640625 0.096875 0.1609375
0 0.06015625 0.55390625 0.06328125 0.2234375
0 0.1015625 0.55390625 0.04140625 0.22265625
0 0.1359375 0.53046875 0.05078125 0.1953125
0 0.25078125 0.74765625 0.10546875 0.1828125
0 0.1046875 0.5828125 0.06015625 0.14921875
0 0.47421875 0.8921875 0.075 0.14140625
0 0.7984375 0.4328125 0.0625 0.17890625
0 0.95625 0.54765625 0.08046875 0.15078125
0 0.653125 0.87421875 0.08359375 0.1671875
0 0.72734375 0.7671875 0.0734375 0.12265625
0 0.8375 0.40234375 0.05 0.15703125
0 0.7578125 0.3859375 0.06640625 0.184375
0 0.38671875 0.42421875 0.0890625 0.20625
0 0.5796875 0.32890625 0.07421875 0.10859375
0 0.378125 0.3015625 0.08671875 0.09765625
0 0.5515625 0.43671875 0.06796875 0.146875
0 0.04921875 0.865625 0.08984375 0.1625
0 0.88984375 0.2125 0.065625 0.1015625
0 0.4265625 0.5890625 0.08828125 0.1671875
0 0.871875 0.28359375 0.05078125 0.14609375
0 0.946875 0.884375 0.06171875 0.20625
0 0.11015625 0.5015625 0.0328125 0.109375
0 0.57890625 0.2671875 0.07890625 0.08828125
0 0.89453125 0.0984375 0.059375 0.07578125
0 0.23984375 0.95078125 0.11796875 0.0953125
0 0.97109375 0.06015625 0.0375 0.08828125
0 0.7171875 0.121875 0.06796875 0.096875
0 0.56484375 0.115625 0.06796875 0.146875
0 0.37890625 0.12578125 0.0921875 0.1703125
0 0.10546875 0.946875 0.09296875 0.0984375
0 0.01484375 0.4859375 0.0296875 0.2375
0 0.43046875 0.4640625 0.08671875 0.171875
0 0.49453125 0.503125 0.06484375 0.221875
0 0.415625 0.08515625 0.08125 0.1390625
0 0.74296875 0.05234375 0.0734375 0.1015625
0 0.7078125 0.24921875 0.09453125 0.10703125
0 0.71796875 0.32109375 0.09765625 0.1421875