0 0.628125 0.48359375 0.1203125 0.1265625
0 0.825 0.334375 0.08828125 0.17734375
0 0.29296875 0.134375 0.06875 0.14921875
0 0.43359375 0.21015625 0.06484375 0.18671875
0 0.5484375 0.178125 0.08359375 0.16015625
0 0.96015625 0.67734375 0.0796875 0.14921875
0 0.92734375 0.39296875 0.07421875 0.16484375
0 0.92265625 0.28359375 0.12421875 0.11875
0 0.3640625 0.16171875 0.09921875 0.14453125
0 0.3640625 0.8578125 0.08828125 0.21640625
0 0.0796875 0.36796875 0.06484375 0.14609375
0 0.14453125 0.1515625 0.07578125 0.1546875
0 0.421875 0.81875 0.09375 0.14921875
0 0.81875 0.071875 0.05546875 0.1125
0 0.1859375 0.834375 0.08359375 0.1546875
0 0.75078125 0.1203125 0.10078125 0.128125
0 0.2453125 0.65703125 0.07890625 0.21328125
0 0.82109375 0.171875 0.0984375 0.115625
0 0.12265625 0.265625 0.0734375 0.11953125
0 0.1421875 0.378125 0.0671875 0.18046875
0 0.1875 0.946875 0.1234375 0.10390625