0 0.98125 0.978125 0.0375 0.04375
0 0.94140625 0.73046875 0.03984375 0.09765625
0 0.75859375 0.8453125 0.05078125 0.10390625
0 0.65078125 0.85234375 0.040625 0.10625
0 0.48046875 0.94765625 0.0453125 0.08046875
0 0.42421875 0.90546875 0.04765625 0.10078125
0 0.47109375 0.86640625 0.0453125 0.065625
0 0.40859375 0.7796875 0.05390625 0.10390625
0 0.47109375 0.86640625 0.0453125 0.065625
0 0.484375 0.809375 0.059375 0.0609375
0 0.5625 0.94140625 0.03515625 0.090625
0 0.6046875 0.90390625 0.0421875 0.1
0 0.53984375 0.89375 0.040625 0.1
0 0.6515625 0.715625 0.05 0.06796875
0 0.63984375 0.8109375 0.0609375 0.0859375
0 0.90625 0.68671875 0.04921875 0.06796875
0 0.9765625 0.665625 0.046875 0.08828125
0 0.975 0.840625 0.04921875 0.12578125
0 0.96640625 0.78515625 0.06640625 0.11640625
0 0.73984375 0.76484375 0.05234375 0.10078125
0 0.834375 0.76015625 0.0546875 0.07890625