0 0.59296875 0.12890625 0.09140625 0.10390625
0 0.19296875 0.05625 0.1015625 0.1125
0 0.0671875 0.1859375 0.05625 0.18515625
0 0.10546875 0.4375 0.12421875 0.11328125
0 0.2078125 0.8609375 0.09765625 0.178125
0 0.32421875 0.64453125 0.0953125 0.12265625
0 0.2484375 0.40078125 0.08515625 0.13046875
0 0.303125 0.49140625 0.07109375 0.14609375
0 0.35234375 0.5296875 0.0640625 0.14453125
0 0.39921875 0.53203125 0.0453125 0.1578125
0 0.43671875 0.52734375 0.04765625 0.16796875
0 0.46953125 0.46953125 0.0765625 0.13203125
0 0.48984375 0.40546875 0.0921875 0.10859375
0 0.4515625 0.528125 0.05625 0.1671875
0 0.61171875 0.63125 0.08984375 0.1609375
0 0.9234375 0.55234375 0.08046875 0.16015625
0 0.74140625 0.57109375 0.0734375 0.20234375
0 0.03671875 0.33984375 0.071875 0.11796875
0 0.25 0.2015625 0.08671875 0.18828125
0 0.69140625 0.446875 0.0984375 0.13359375
0 0.5875 0.45 0.08046875 0.2015625
0 0.88046875 0.58671875 0.0734375 0.153125
0 0.840625 0.60390625 0.07890625 0.15703125
0 0.390625 0.17890625 0.05859375 0.1203125
0 0.4578125 0.13046875 0.10859375 0.171875
0 0.328125 0.16953125 0.06015625 0.13671875
0 0.71015625 0.24765625 0.065625 0.134375
0 0.9515625 0.49296875 0.053125 0.10625
0 0.81953125 0.75078125 0.0890625 0.1765625
0 0.75546875 0.23671875 0.0546875 0.109375
0 0.125 0.35625 0.07734375 0.07734375
0 0.28125 0.16171875 0.06640625 0.1328125
0 0.5453125 0.2703125 0.0828125 0.1421875
0 0.93125 0.30390625 0.0578125 0.10390625
0 0.87578125 0.29609375 0.04921875 0.0765625
0 0.47578125 0.27734375 0.103125 0.14140625
0 0.0359375 0.26796875 0.071875 0.0515625
0 0.88125 0.43203125 0.06875 0.1078125