0 0.678125 0.29140625 0.0765625 0.12421875
0 0.784375 0.28359375 0.096875 0.10546875
0 0.96640625 0.10859375 0.0671875 0.1609375
0 0.79296875 0.81640625 0.1140625 0.1453125
0 0.44921875 0.60703125 0.06796875 0.17578125
0 0.31796875 0.646875 0.06875 0.165625
0 0.11953125 0.18828125 0.0796875 0.12734375
0 0.59375 0.940625 0.1140625 0.115625
0 0.35703125 0.84609375 0.07109375 0.17890625
0 0.20390625 0.93515625 0.08359375 0.1265625
0 0.21875 0.23671875 0.0734375 0.153125
0 0.03125 0.34609375 0.06015625 0.159375
0 0.11953125 0.03828125 0.053125 0.075
0 0.24140625 0.0703125 0.0734375 0.06328125
0 0.50078125 0.9265625 0.06171875 0.146875