0 0.53515625 0.446875 0.10390625 0.11796875
0 0.76796875 0.403125 0.10546875 0.10546875
0 0.69609375 0.5140625 0.07890625 0.12109375
0 0.77734375 0.5875 0.090625 0.1109375
0 0.90546875 0.45 0.0984375 0.1234375
0 0.22109375 0.37421875 0.06875 0.209375
0 0.2 0.67265625 0.05078125 0.1203125
0 0.253125 0.71484375 0.08671875 0.18046875
0 0.40546875 0.67578125 0.07109375 0.103125
0 0.46953125 0.6375 0.0828125 0.10234375
0 0.44140625 0.7390625 0.09921875 0.12109375
0 0.62109375 0.66953125 0.078125 0.12578125
0 0.596875 0.75859375 0.05703125 0.07734375
0 0.52734375 0.8171875 0.0734375 0.11875
0 0.465625 0.8296875 0.046875 0.1
0 0.684375 0.721875 0.05078125 0.125
0 0.728125 0.7984375 0.075 0.1203125
0 0.053125 0.63203125 0.10546875 0.14921875
0 0.059375 0.7875 0.040625 0.1265625
0 0.10078125 0.8109375 0.040625 0.1203125
0 0.13984375 0.8265625 0.04609375 0.1046875
0 0.175 0.86015625 0.05859375 0.06796875
0 0.42890625 0.85859375 0.05703125 0.0515625
0 0.59140625 0.85078125 0.05234375 0.0671875
0 0.878125 0.84375 0.0671875 0.0921875
0 0.9453125 0.8328125 0.05390625 0.10078125
0 0.86640625 0.71796875 0.08203125 0.11015625