0 0.29375 0.453125 0.14375 0.11015625
0 0.27109375 0.2609375 0.1265625 0.165625
0 0.128125 0.19375 0.125 0.11953125
0 0.16484375 0.08828125 0.0921875 0.1609375
0 0.0734375 0.0703125 0.1 0.140625
0 0.2171875 0.590625 0.12890625 0.14375
0 0.125 0.6328125 0.096875 0.128125
0 0.178125 0.72734375 0.16171875 0.13828125
0 0.0453125 0.8859375 0.090625 0.221875
0 0.40390625 0.596875 0.0890625 0.2421875
0 0.4515625 0.45 0.09140625 0.14921875
0 0.44296875 0.26875 0.11015625 0.13203125
0 0.46484375 0.171875 0.08828125 0.17890625
0 0.5703125 0.11640625 0.075 0.1890625
0 0.66015625 0.1234375 0.11171875 0.146875
0 0.73671875 0.1828125 0.0859375 0.134375
0 0.8140625 0.18671875 0.06171875 0.19140625
0 0.80078125 0.3265625 0.08984375 0.16328125
0 0.7390625 0.4125 0.065625 0.140625
0 0.59609375 0.64765625 0.07421875 0.25703125
0 0.675 0.5859375 0.125 0.15625
0 0.78515625 0.69921875 0.0890625 0.2015625
0 0.87890625 0.6546875 0.0796875 0.24140625
0 0.79765625 0.47265625 0.0796875 0.1796875
0 0.87890625 0.44296875 0.0796875 0.1984375
0 0.9296875 0.09375 0.084375 0.1875
0 0.959375 0.6484375 0.08125 0.18359375