0 0.75546875 0.93515625 0.0625 0.08203125
0 0.77421875 0.86328125 0.08203125 0.059375
0 0.6515625 0.909375 0.06796875 0.06640625
0 0.640625 0.96875 0.08046875 0.0625
0 0.42109375 0.915625 0.04609375 0.10546875
0 0.36484375 0.9453125 0.05 0.07265625
0 0.5015625 0.8390625 0.04140625 0.0953125
0 0.553125 0.83984375 0.04921875 0.0890625
0 0.65234375 0.7390625 0.0453125 0.14609375
0 0.6234375 0.725 0.04296875 0.08203125
0 0.68046875 0.77578125 0.04140625 0.08125
0 0.7140625 0.75546875 0.04296875 0.07265625
0 0.76015625 0.7328125 0.0609375 0.10703125
0 0.809375 0.70859375 0.03828125 0.1171875
0 0.94921875 0.75703125 0.046875 0.10078125
0 0.98203125 0.74453125 0.0359375 0.1203125
0 0.4078125 0.82421875 0.04453125 0.0984375
0 0.58515625 0.7625 0.03984375 0.1171875
0 0.8515625 0.72578125 0.03359375 0.11484375