0 0.04765625 0.61484375 0.08515625 0.0546875
0 0.0296875 0.66171875 0.059375 0.0734375
0 0.0234375 0.784375 0.046875 0.13125
0 0.01953125 0.915625 0.0390625 0.109375
0 0.0671875 0.9453125 0.05625 0.109375
0 0.121875 0.93828125 0.075 0.1234375
0 0.3671875 0.83125 0.06015625 0.12109375
0 0.37890625 0.94375 0.0625 0.109375
0 0.24453125 0.95078125 0.0609375 0.0984375
0 0.30859375 0.940625 0.0703125 0.0734375
0 0.24609375 0.88203125 0.05234375 0.10546875
0 0.2953125 0.84921875 0.0703125 0.125
0 0.29453125 0.7921875 0.07890625 0.08125
0 0.19375 0.859375 0.0671875 0.09921875
0 0.1359375 0.8890625 0.0890625 0.09375
0 0.16796875 0.625 0.08125 0.0703125
0 0.32890625 0.66171875 0.06640625 0.08984375
0 0.2546875 0.64375 0.09609375 0.065625
0 0.41171875 0.6859375 0.09140625 0.0828125
0 0.4625 0.92578125 0.05625 0.121875
0 0.784375 0.93671875 0.06953125 0.08984375
0 0.85390625 0.96328125 0.059375 0.07265625
0 0.940625 0.94765625 0.05390625 0.103125
0 0.97734375 0.9171875 0.0453125 0.08125
0 0.97890625 0.84375 0.04140625 0.08828125
0 0.896875 0.85859375 0.0421875 0.0921875
0 0.93515625 0.83203125 0.0484375 0.13203125
0 0.83984375 0.88359375 0.0859375 0.1078125
0 0.7171875 0.9171875 0.059375 0.11484375
0 0.53671875 0.746875 0.0625 0.09375
0 0.51171875 0.68046875 0.05703125 0.0859375
0 0.62421875 0.70078125 0.06640625 0.06875
0 0.74765625 0.8078125 0.0546875 0.09765625
0 0.92265625 0.75078125 0.0765625 0.0921875