0 0.8375 0.1359375 0.10703125 0.16484375
0 0.7328125 0.059375 0.09296875 0.11875
0 0.6203125 0.103125 0.07890625 0.20625
0 0.4765625 0.0671875 0.07890625 0.134375
0 0.534375 0.0546875 0.06796875 0.109375
0 0.52890625 0.284375 0.0828125 0.21171875
0 0.45390625 0.27109375 0.09609375 0.21796875
0 0.17421875 0.2828125 0.14921875 0.15859375
0 0.37421875 0.4625 0.0921875 0.1875
0 0.7625 0.5078125 0.071875 0.21953125
0 0.54140625 0.77421875 0.090625 0.228125
0 0.12578125 0.47421875 0.10078125 0.18515625
0 0.0453125 0.440625 0.0703125 0.21796875
0 0.2578125 0.640625 0.10859375 0.175
0 0.41015625 0.66875 0.1234375 0.1765625
0 0.840625 0.6296875 0.08671875 0.20234375
0 0.68671875 0.8734375 0.1203125 0.15234375
0 0.23046875 0.43984375 0.06796875 0.22109375
0 0.3015625 0.4390625 0.06953125 0.1765625
0 0.31953125 0.8375 0.08984375 0.22265625
0 0.6171875 0.93671875 0.0828125 0.12265625
0 0.228125 0.90390625 0.09921875 0.1921875
0 0.984375 0.88046875 0.03125 0.140625
0 0.2546875 0.7859375 0.0796875 0.14453125
0 0.98125 0.6296875 0.0375 0.115625
0 0.94609375 0.9640625 0.0953125 0.06796875
0 0.26953125 0.503125 0.1046875 0.16015625