0 0.59375 0.6375 0.10625 0.1359375
0 0.64140625 0.79609375 0.121875 0.1203125
0 0.68359375 0.95 0.09921875 0.09453125
0 0.8640625 0.8609375 0.1140625 0.0953125
0 0.95078125 0.7328125 0.078125 0.13359375
0 0.90546875 0.496875 0.05859375 0.14921875
0 0.853125 0.4984375 0.0625 0.15078125
0 0.82890625 0.4453125 0.07734375 0.13515625
0 0.9703125 0.45 0.05859375 0.11953125
0 0.80859375 0.3953125 0.07265625 0.1
0 0.77421875 0.3390625 0.0828125 0.11484375
0 0.1203125 0.575 0.11875 0.1421875
0 0.34296875 0.27421875 0.07109375 0.11640625
0 0.37734375 0.20859375 0.04765625 0.125
0 0.96796875 0.134375 0.06328125 0.12265625
0 0.56875 0.29375 0.11328125 0.0765625
0 0.56484375 0.36875 0.09296875 0.11796875
0 0.5609375 0.209375 0.10390625 0.10390625
0 0.19921875 0.42421875 0.07109375 0.12734375
0 0.04453125 0.56953125 0.05859375 0.15625
0 0.675 0.18359375 0.0671875 0.075
0 0.81953125 0.175 0.0671875 0.1125
0 0.6296875 0.3890625 0.09296875 0.165625
0 0.5265625 0.49140625 0.05625 0.1515625
0 0.47890625 0.5109375 0.04609375 0.13984375
0 0.43203125 0.53828125 0.040625 0.1609375
0 0.346875 0.51484375 0.0984375 0.14609375
0 0.28046875 0.44375 0.0890625 0.0734375
0 0.13984375 0.68828125 0.121875 0.11640625
0 0.07109375 0.80390625 0.1109375 0.15234375
0 0.25546875 0.27265625 0.075 0.15078125
0 0.4890625 0.05234375 0.0890625 0.09765625
0 0.42890625 0.17421875 0.053125 0.12578125
0 0.4953125 0.1671875 0.06171875 0.1
0 0.59296875 0.090625 0.09453125 0.14765625
0 0.26875 0.1140625 0.08984375 0.109375
0 0.3375 0.0765625 0.08359375 0.1
0 0.11796875 0.4578125 0.09765625 0.11015625