0 0.203125 0.18125 0.12265625 0.11953125
0 0.37265625 0.72265625 0.09375 0.15390625
0 0.26640625 0.684375 0.075 0.18046875
0 0.79453125 0.4234375 0.1125 0.10625
0 0.73125 0.24375 0.07734375 0.16328125
0 0.93203125 0.1828125 0.078125 0.12578125
0 0.41796875 0.19609375 0.07265625 0.11796875
0 0.17890625 0.7171875 0.0890625 0.19140625
0 0.1359375 0.1265625 0.1 0.1015625
0 0.34296875 0.284375 0.08125 0.140625
0 0.046875 0.1671875 0.084375 0.125
0 0.60234375 0.19375 0.10703125 0.1390625
0 0.7515625 0.56328125 0.08046875 0.15546875
0 0.54296875 0.65390625 0.08046875 0.15859375
0 0.28203125 0.353125 0.10546875 0.13359375
0 0.41015625 0.9015625 0.0828125 0.19375
0 0.884375 0.4359375 0.075 0.12109375
0 0.159375 0.4875 0.084375 0.1828125
0 0.653125 0.6421875 0.084375 0.184375
0 0.79765625 0.88359375 0.08203125 0.1453125
0 0.9625 0.5375 0.075 0.1625
0 0.815625 0.340625 0.0875 0.10546875
0 0.69453125 0.10859375 0.09921875 0.140625
0 0.29453125 0.4578125 0.10625 0.13984375
0 0.60078125 0.66328125 0.075 0.14296875
0 0.1703125 0.8828125 0.075 0.19609375
0 0.40234375 0.5453125 0.09921875 0.13203125
0 0.5171875 0.1046875 0.07890625 0.1734375
0 0.48359375 0.73125 0.075 0.1265625
0 0.7109375 0.7 0.07109375 0.140625
0 0.48046875 0.8390625 0.10078125 0.121875
0 0.5609375 0.77421875 0.0875 0.13515625
0 0.1390625 0.2796875 0.10625 0.12421875
0 0.0171875 0.271875 0.034375 0.16171875
0 0.12421875 0.815625 0.0484375 0.178125
0 0.503125 0.9359375 0.10390625 0.128125
0 0.23515625 0.86640625 0.075 0.18359375
0 0.01796875 0.44296875 0.03515625 0.1203125
0 0.984375 0.37734375 0.03125 0.109375
0 0.07734375 0.91484375 0.0765625 0.16015625
0 0.0421875 0.0578125 0.07578125 0.10625
0 0.66328125 0.88515625 0.096875 0.121875
0 0.29375 0.88984375 0.0578125 0.16484375
0 0.73359375 0.78515625 0.06328125 0.11640625
0 0.7921875 0.72421875 0.071875 0.171875
0 0.47890625 0.221875 0.075 0.1875
0 0.53671875 0.27890625 0.0796875 0.10625