0 0.6171875 0.14375 0.07734375 0.13203125
0 0.64921875 0.1109375 0.0609375 0.14140625
0 0.68828125 0.12109375 0.0359375 0.1328125
0 0.52421875 0.1671875 0.0890625 0.1125
0 0.43984375 0.16640625 0.0609375 0.1328125
0 0.38046875 0.19140625 0.04921875 0.1015625
0 0.2171875 0.39140625 0.065625 0.16953125
0 0.09453125 0.50859375 0.10859375 0.14765625
0 0.2703125 0.4625 0.059375 0.165625
0 0.32421875 0.39453125 0.08671875 0.1015625
0 0.3390625 0.51171875 0.13046875 0.1484375
0 0.4203125 0.55703125 0.06640625 0.16171875
0 0.48359375 0.5140625 0.05859375 0.140625
0 0.465625 0.70234375 0.078125 0.1171875
0 0.56328125 0.5640625 0.1171875 0.19375
0 0.5625 0.440625 0.10546875 0.115625
0 0.5609375 0.3609375 0.09765625 0.09140625
0 0.659375 0.2890625 0.078125 0.09453125
0 0.546875 0.284375 0.11796875 0.078125
0 0.74296875 0.278125 0.0796875 0.10546875
0 0.72421875 0.42265625 0.08203125 0.1875
0 0.77890625 0.36796875 0.05703125 0.15390625
0 0.596875 0.89375 0.12890625 0.18203125
0 0.9734375 0.93984375 0.053125 0.1203125
0 0.85546875 0.49375 0.0734375 0.17734375
0 0.84375 0.35625 0.05625 0.11953125
0 0.9171875 0.4796875 0.04921875 0.19765625
0 0.97265625 0.4578125 0.0546875 0.159375
0 0.84375 0.08359375 0.065625 0.1671875
0 0.90859375 0.12578125 0.0609375 0.1234375
0 0.97421875 0.115625 0.0515625 0.13125