0 0.57734375 0.3734375 0.109375 0.1734375
0 0.22109375 0.7671875 0.1171875 0.1296875
0 0.8859375 0.296875 0.1125 0.1390625
0 0.81875 0.140625 0.07890625 0.1703125
0 0.08125 0.24609375 0.0703125 0.1484375
0 0.20625 0.3796875 0.06796875 0.1859375
0 0.42578125 0.4484375 0.08203125 0.165625
0 0.14140625 0.23671875 0.053125 0.1421875
0 0.36640625 0.3359375 0.0796875 0.159375
0 0.31171875 0.29765625 0.06875 0.1453125
0 0.2640625 0.23828125 0.065625 0.140625
0 0.25859375 0.0921875 0.0578125 0.1515625
0 0.190625 0.22421875 0.0671875 0.1875
0 0.30546875 0.17265625 0.08671875 0.1203125
0 0.325 0.07578125 0.10078125 0.115625
0 0.20234375 0.065625 0.05703125 0.1265625
0 0.03359375 0.20234375 0.06640625 0.15859375
0 0.8140625 0.67578125 0.08515625 0.16015625
0 0.8015625 0.82109375 0.11640625 0.1515625