0 0.81640625 0.18671875 0.07734375 0.190625
0 0.6203125 0.2984375 0.08125 0.09609375
0 0.81328125 0.46171875 0.08125 0.18359375
0 0.74921875 0.56328125 0.115625 0.17109375
0 0.84765625 0.6015625 0.109375 0.134375
0 0.78984375 0.74765625 0.09765625 0.18046875
0 0.828125 0.82890625 0.090625 0.17890625
0 0.93984375 0.809375 0.0921875 0.19921875
0 0.8828125 0.88125 0.1015625 0.1578125
0 0.56875 0.575 0.11171875 0.14765625
0 0.40234375 0.603125 0.128125 0.1578125
0 0.359375 0.759375 0.10234375 0.16015625
0 0.42890625 0.384375 0.10234375 0.14375
0 0.5265625 0.37265625 0.09140625 0.20625
0 0.48828125 0.753125 0.0828125 0.2109375
0 0.4640625 0.51328125 0.11640625 0.16328125
0 0.1140625 0.1890625 0.10546875 0.13515625
0 0.37109375 0.4328125 0.0828125 0.21015625
0 0.21171875 0.78515625 0.13984375 0.1703125
0 0.33125 0.865625 0.125 0.1421875
0 0.04296875 0.303125 0.0828125 0.16875
0 0.46953125 0.965625 0.0921875 0.06875
0 0.04921875 0.81875 0.09453125 0.24140625
0 0.565625 0.76953125 0.109375 0.19921875
0 0.15 0.94609375 0.0984375 0.1046875
0 0.16953125 0.090625 0.1078125 0.175
0 0.07578125 0.07109375 0.09609375 0.1390625
0 0.284375 0.1328125 0.0921875 0.14140625
0 0.57421875 0.934375 0.1140625 0.08984375