0 0.7125 0.303125 0.0796875 0.14921875
0 0.8203125 0.21015625 0.078125 0.09296875
0 0.91796875 0.16796875 0.07734375 0.16640625
0 0.79296875 0.04609375 0.0859375 0.0921875
0 0.4203125 0.47734375 0.06328125 0.2046875
0 0.209375 0.4984375 0.0484375 0.16171875
0 0.59609375 0.10546875 0.0703125 0.13671875
0 0.090625 0.2953125 0.05 0.15859375
0 0.6734375 0.18359375 0.07109375 0.1390625
0 0.2984375 0.096875 0.06796875 0.12734375
0 0.2078125 0.1390625 0.05390625 0.13984375
0 0.1578125 0.234375 0.05390625 0.14296875
0 0.96640625 0.1078125 0.05078125 0.13359375
0 0.928125 0.04921875 0.05390625 0.096875
0 0.32421875 0.753125 0.07890625 0.1234375
0 0.41875 0.7 0.07421875 0.1203125
0 0.30078125 0.30546875 0.06015625 0.11015625
0 0.0484375 0.190625 0.08828125 0.13671875
0 0.059375 0.06953125 0.03515625 0.10859375
0 0.26171875 0.2265625 0.065625 0.10390625
0 0.56953125 0.03671875 0.04765625 0.0703125
0 0.1953125 0.8375 0.06640625 0.12109375
0 0.79765625 0.7125 0.07578125 0.165625
0 0.3875 0.2 0.04921875 0.109375
0 0.0203125 0.04765625 0.040625 0.0859375
0 0.22109375 0.95078125 0.0609375 0.0984375
0 0.290625 0.903125 0.11953125 0.15625
0 0.50234375 0.1546875 0.07421875 0.090625
0 0.45 0.115625 0.065625 0.0875
0 0.4578125 0.196875 0.05078125 0.11875
0 0.42265625 0.20703125 0.04375 0.140625