0 0.25546875 0.1140625 0.10859375 0.17890625
0 0.4796875 0.04609375 0.11015625 0.0921875
0 0.59921875 0.1046875 0.0890625 0.209375
0 0.7265625 0.0484375 0.15 0.096875
0 0.6875 0.2484375 0.109375 0.22421875
0 0.459375 0.26640625 0.10703125 0.1703125
0 0.528125 0.22890625 0.10546875 0.14609375
0 0.45 0.534375 0.0921875 0.21640625
0 0.559375 0.57109375 0.125 0.2484375
0 0.70390625 0.54765625 0.1140625 0.21015625
0 0.94296875 0.71171875 0.1 0.23671875
0 0.10546875 0.6125 0.090625 0.21171875
0 0.32265625 0.63125 0.08515625 0.221875
0 0.17578125 0.55234375 0.1109375 0.134375
0 0.2296875 0.728125 0.1046875 0.22265625
0 0.76796875 0.63984375 0.08515625 0.26875
0 0.73515625 0.79140625 0.121875 0.16953125
0 0.13359375 0.41484375 0.096875 0.078125
0 0.9265625 0.17890625 0.08203125 0.22578125
0 0.6453125 0.6921875 0.12265625 0.15234375
0 0.6546875 0.86796875 0.11796875 0.13359375
0 0.04921875 0.8515625 0.09609375 0.25078125
0 0.575 0.7828125 0.11171875 0.128125
0 0.61875 0.9515625 0.13125 0.096875