0 0.55390625 0.70703125 0.06328125 0.1125
0 0.48125 0.7984375 0.05 0.1203125
0 0.878125 0.7421875 0.05546875 0.10546875
0 0.6109375 0.80703125 0.06328125 0.10625
0 0.4125 0.7953125 0.06484375 0.1078125
0 0.2140625 0.675 0.0578125 0.08984375
0 0.2984375 0.88984375 0.0609375 0.13515625
0 0.8484375 0.89140625 0.06015625 0.0921875
0 0.5453125 0.86328125 0.04609375 0.08671875
0 0.9515625 0.8703125 0.05390625 0.0984375
0 0.58671875 0.9 0.04921875 0.121875
0 0.89765625 0.92109375 0.06328125 0.10546875
0 0.0671875 0.73515625 0.0703125 0.1046875
0 0.35859375 0.90546875 0.06484375 0.11484375
0 0.265625 0.6671875 0.059375 0.10859375
0 0.70078125 0.890625 0.0625 0.0828125
0 0.72890625 0.79375 0.0703125 0.11640625
0 0.3171875 0.7671875 0.08046875 0.109375
0 0.309375 0.6578125 0.07578125 0.0953125
0 0.81171875 0.75078125 0.06328125 0.07890625
0 0.2078125 0.87734375 0.07734375 0.11328125
0 0.1234375 0.8796875 0.0796875 0.10078125
0 0.146875 0.6515625 0.059375 0.1015625
0 0.784375 0.79140625 0.059375 0.13984375
0 0.96015625 0.7890625 0.06328125 0.0890625
0 0.021875 0.62578125 0.04375 0.0859375
0 0.06640625 0.6515625 0.0609375 0.08203125
0 0.12578125 0.6984375 0.0515625 0.0671875
0 0.19375 0.9546875 0.0890625 0.08203125