0 0.13515625 0.2703125 0.10078125 0.20625
0 0.315625 0.3125 0.14140625 0.21484375
0 0.45234375 0.27421875 0.1390625 0.1671875
0 0.915625 0.3125 0.08515625 0.209375
0 0.73515625 0.45703125 0.09453125 0.1859375
0 0.8359375 0.5125 0.096875 0.18828125
0 0.96484375 0.51875 0.0703125 0.17421875
0 0.50703125 0.56875 0.13828125 0.13671875
0 0.07890625 0.671875 0.09140625 0.24140625
0 0.20625 0.67578125 0.090625 0.23359375
0 0.15859375 0.7546875 0.08203125 0.203125
0 0.09296875 0.93046875 0.0953125 0.1390625
0 0.22421875 0.890625 0.1015625 0.21875
0 0.33359375 0.84765625 0.1296875 0.1515625
0 0.3234375 0.93671875 0.078125 0.1265625
0 0.4359375 0.79296875 0.11484375 0.2015625
0 0.503125 0.7078125 0.10234375 0.1625
0 0.5828125 0.6953125 0.07890625 0.18046875
0 0.5109375 0.9296875 0.0875 0.140625
0 0.43203125 0.940625 0.0796875 0.11875
0 0.7171875 0.71875 0.09921875 0.15703125
0 0.66640625 0.81953125 0.0859375 0.18828125
0 0.86015625 0.7828125 0.0890625 0.24609375
0 0.77734375 0.85859375 0.10078125 0.17421875
0 0.95859375 0.834375 0.0828125 0.159375
0 0.79609375 0.96328125 0.10703125 0.0734375