0 0.65390625 0.0578125 0.1109375 0.115625
0 0.72265625 0.1875 0.125 0.15625
0 0.43046875 0.30859375 0.14453125 0.15859375
0 0.75546875 0.403125 0.1171875 0.178125
0 0.86640625 0.45859375 0.1140625 0.15859375
0 0.97421875 0.47890625 0.0515625 0.16171875
0 0.8421875 0.60625 0.11875 0.16875
0 0.7109375 0.65703125 0.1078125 0.17890625
0 0.06015625 0.64140625 0.1203125 0.1578125
0 0.87734375 0.790625 0.13515625 0.146875
0 0.2203125 0.0546875 0.140625 0.109375
0 0.12265625 0.30390625 0.1421875 0.1296875
0 0.1921875 0.15078125 0.1265625 0.15
0 0.36484375 0.73203125 0.1140625 0.203125
0 0.81171875 0.06796875 0.128125 0.134375
0 0.553125 0.925 0.14453125 0.1484375
0 0.28984375 0.9671875 0.08984375 0.065625