0 0.6515625 0.71796875 0.11328125 0.13515625
0 0.54453125 0.6796875 0.07265625 0.13984375
0 0.46875 0.653125 0.0921875 0.15234375
0 0.30390625 0.7921875 0.11796875 0.12734375
0 0.20390625 0.753125 0.109375 0.15625
0 0.109375 0.7015625 0.11796875 0.153125
0 0.4875 0.378125 0.08828125 0.0875
0 0.05390625 0.6171875 0.09921875 0.109375
0 0.46953125 0.84765625 0.07109375 0.12265625
0 0.42265625 0.5765625 0.1546875 0.14140625
0 0.37265625 0.90078125 0.0875 0.1515625
0 0.26640625 0.465625 0.10078125 0.090625
0 0.54765625 0.8390625 0.0859375 0.1328125
0 0.140625 0.5953125 0.09609375 0.1015625
0 0.134375 0.38515625 0.06875 0.12890625
0 0.16640625 0.50859375 0.10859375 0.11640625
0 0.3734375 0.3578125 0.12890625 0.12578125
0 0.18828125 0.39375 0.09296875 0.14921875
0 0.94140625 0.584375 0.1171875 0.1109375
0 0.85 0.71640625 0.103125 0.13515625
0 0.56796875 0.31015625 0.06796875 0.07734375
0 0.08828125 0.2984375 0.0546875 0.0953125
0 0.9 0.87890625 0.06875 0.128125
0 0.9484375 0.86875 0.059375 0.14921875
0 0.8296875 0.903125 0.07890625 0.0796875
0 0.0359375 0.8578125 0.0703125 0.13125
0 0.96796875 0.70703125 0.0640625 0.17890625
0 0.93515625 0.340625 0.090625 0.08203125
0 0.6625 0.33046875 0.0671875 0.10859375
0 0.228125 0.2953125 0.0609375 0.08125
0 0.89609375 0.7734375 0.08515625 0.14765625
0 0.27578125 0.565625 0.08828125 0.11328125
0 0.309375 0.92265625 0.06484375 0.121875