0 0.67578125 0.0921875 0.13046875 0.165625
0 0.565625 0.09375 0.071875 0.1875
0 0.446875 0.08359375 0.12578125 0.1671875
0 0.16015625 0.1125 0.1140625 0.16484375
0 0.0484375 0.12109375 0.08125 0.21796875
0 0.3734375 0.34296875 0.103125 0.18515625
0 0.9578125 0.39296875 0.07578125 0.2140625
0 0.8765625 0.26171875 0.11640625 0.16796875
0 0.2546875 0.6265625 0.1046875 0.15390625
0 0.521875 0.57109375 0.10078125 0.20625
0 0.39375 0.6234375 0.09453125 0.178125
0 0.221875 0.425 0.103125 0.175
0 0.125 0.52265625 0.0875 0.1921875
0 0.146875 0.3265625 0.08515625 0.22734375
0 0.06171875 0.434375 0.07109375 0.23203125
0 0.7546875 0.778125 0.11328125 0.18359375
0 0.41171875 0.9265625 0.1328125 0.128125
0 0.08671875 0.89296875 0.0890625 0.18046875
0 0.74375 0.9484375 0.103125 0.08125
0 0.9359375 0.93515625 0.10625 0.1265625