0 0.44453125 0.590625 0.10859375 0.13125
0 0.48984375 0.61953125 0.11015625 0.16953125
0 0.4921875 0.48125 0.103125 0.1328125
0 0.3140625 0.47734375 0.10859375 0.12578125
0 0.26015625 0.55390625 0.071875 0.14765625
0 0.2296875 0.4953125 0.07890625 0.1109375
0 0.23125 0.39296875 0.06875 0.103125
0 0.28125 0.3375 0.0890625 0.11171875
0 0.1796875 0.6265625 0.109375 0.12421875
0 0.06875 0.66875 0.1234375 0.0953125
0 0.07578125 0.7421875 0.0953125 0.09375
0 0.10234375 0.81015625 0.0859375 0.175
0 0.0359375 0.86015625 0.07109375 0.10546875
0 0.56171875 0.83359375 0.08515625 0.23359375
0 0.46953125 0.95546875 0.153125 0.08828125
0 0.7390625 0.81640625 0.10234375 0.1140625
0 0.78125 0.89140625 0.14609375 0.09375
0 0.7703125 0.96171875 0.11640625 0.0765625
0 0.8640625 0.8078125 0.1234375 0.15078125
0 0.93515625 0.72109375 0.1015625 0.14453125
0 0.90703125 0.5375 0.06328125 0.2015625
0 0.84140625 0.44609375 0.075 0.16015625
0 0.784375 0.4125 0.084375 0.15703125
0 0.76484375 0.54140625 0.10234375 0.1296875
0 0.66328125 0.5671875 0.0921875 0.153125
0 0.55859375 0.3765625 0.0625 0.19375
0 0.615625 0.43359375 0.11875 0.1390625
0 0.6625 0.37421875 0.08046875 0.12578125
0 0.71953125 0.30859375 0.090625 0.159375
0 0.621875 0.28515625 0.078125 0.16796875
0 0.17109375 0.30625 0.08828125 0.11484375
0 0.159375 0.4046875 0.078125 0.15703125
0 0.1109375 0.4625 0.065625 0.1140625
0 0.05234375 0.49453125 0.0953125 0.13125
0 0.0578125 0.2859375 0.1 0.11484375
0 0.09375 0.1546875 0.06328125 0.14609375
0 0.1421875 0.07109375 0.0875 0.1421875
0 0.21953125 0.07578125 0.07734375 0.1453125
0 0.284375 0.08828125 0.09765625 0.1203125
0 0.396875 0.10234375 0.0828125 0.09921875
0 0.9453125 0.04453125 0.1046875 0.0890625
0 0.5671875 0.071875 0.06875 0.125