0 0.56875 0.34296875 0.1125 0.11640625
0 0.45703125 0.42421875 0.06328125 0.190625
0 0.3703125 0.36640625 0.1046875 0.12421875
0 0.33046875 0.2328125 0.0796875 0.13515625
0 0.69140625 0.54453125 0.0953125 0.14296875
0 0.16015625 0.228125 0.0796875 0.15078125
0 0.10234375 0.31796875 0.08359375 0.10625
0 0.55390625 0.44453125 0.11015625 0.134375
0 0.82421875 0.41796875 0.10546875 0.16328125
0 0.8234375 0.58671875 0.08515625 0.14765625
0 0.234375 0.32578125 0.09296875 0.12578125
0 0.7609375 0.46484375 0.0734375 0.1921875
0 0.22734375 0.1921875 0.071875 0.1578125
0 0.22890625 0.5984375 0.07421875 0.1296875
0 0.06171875 0.89140625 0.1109375 0.1765625
0 0.0953125 0.65234375 0.1015625 0.203125
0 0.25859375 0.2515625 0.0859375 0.134375
0 0.9359375 0.6640625 0.09296875 0.19375
0 0.1859375 0.38828125 0.07890625 0.13046875
0 0.94921875 0.08671875 0.1015625 0.15625
0 0.59453125 0.6 0.084375 0.15390625
0 0.46640625 0.69375 0.1 0.171875
0 0.19921875 0.50078125 0.07578125 0.13359375
0 0.5296875 0.5203125 0.08828125 0.11953125
0 0.1765625 0.084375 0.0546875 0.125
0 0.15390625 0.60234375 0.0640625 0.16328125
0 0.6375 0.878125 0.07734375 0.19140625
0 0.121875 0.45 0.05703125 0.1921875
0 0.39375 0.8140625 0.07890625 0.1859375
0 0.76953125 0.0484375 0.07734375 0.096875
0 0.746875 0.3125 0.0671875 0.13515625
0 0.4984375 0.78984375 0.0796875 0.16171875
0 0.23515625 0.75703125 0.06328125 0.1484375
0 0.7015625 0.21015625 0.0734375 0.1796875
0 0.57890625 0.80546875 0.090625 0.19921875
0 0.26171875 0.82734375 0.11640625 0.30078125
0 0.8125 0.95390625 0.11796875 0.0890625
0 0.51796875 0.88125 0.07578125 0.14765625
0 0.28046875 0.76875 0.05234375 0.12421875
0 0.8109375 0.29765625 0.08671875 0.16328125