0 0.57109375 0.4203125 0.1296875 0.11328125
0 0.659375 0.490625 0.13359375 0.11640625
0 0.965625 0.4953125 0.06796875 0.13984375
0 0.94765625 0.6828125 0.1046875 0.1375
0 0.82890625 0.81015625 0.115625 0.1609375
0 0.36796875 0.79765625 0.10625 0.115625
0 0.1015625 0.76875 0.07265625 0.12890625
0 0.06171875 0.83828125 0.103125 0.12109375
0 0.3546875 0.91953125 0.1 0.10234375
0 0.28828125 0.34765625 0.1078125 0.1296875
0 0.128125 0.3328125 0.08984375 0.09765625
0 0.25703125 0.1578125 0.09296875 0.19296875
0 0.39453125 0.0765625 0.10625 0.14140625