0 0.54921875 0.5875 0.10625 0.128125
0 0.8171875 0.59453125 0.0828125 0.1078125
0 0.86328125 0.64609375 0.07578125 0.1234375
0 0.9546875 0.5796875 0.05546875 0.10859375
0 0.1828125 0.56875 0.0984375 0.11640625
0 0.60390625 0.80546875 0.07734375 0.13046875
0 0.29296875 0.7015625 0.08125 0.1484375
0 0.42421875 0.68671875 0.10390625 0.16015625
0 0.68125 0.9328125 0.08828125 0.1234375
0 0.95 0.83125 0.0796875 0.12265625
0 0.03203125 0.6234375 0.0546875 0.146875
0 0.6046875 0.9359375 0.096875 0.1125
0 0.490625 0.875 0.09375 0.10546875
0 0.03671875 0.74140625 0.07265625 0.115625
0 0.9578125 0.921875 0.07890625 0.1078125
0 0.8921875 0.846875 0.05078125 0.1046875
0 0.415625 0.92109375 0.071875 0.11328125
0 0.9703125 0.0859375 0.05859375 0.103125
0 0.76328125 0.9421875 0.0609375 0.115625
0 0.0828125 0.878125 0.0625 0.13984375
0 0.81328125 0.94453125 0.059375 0.10859375
0 0.67890625 0.0921875 0.08515625 0.1078125
0 0.7578125 0.13125 0.09453125 0.1
0 0.315625 0.915625 0.07421875 0.11171875
0 0.3609375 0.89140625 0.06328125 0.15859375
0 0.915625 0.95625 0.08046875 0.0875
0 0.15078125 0.9328125 0.07734375 0.04921875
0 0.9328125 0.040625 0.059375 0.07890625
0 0.14140625 0.053125 0.075 0.10625
0 0.32421875 0.05703125 0.07109375 0.1109375
0 0.746875 0.04296875 0.05703125 0.08203125
0 0.51015625 0.1390625 0.06953125 0.06484375
0 0.2109375 0.04765625 0.06484375 0.0953125
0 0.46015625 0.96171875 0.06953125 0.04765625
0 0.2921875 0.934375 0.05859375 0.0796875