0 0.68671875 0.47421875 0.0828125 0.0984375
0 0.80390625 0.53046875 0.06328125 0.1109375
0 0.95703125 0.484375 0.0765625 0.10234375
0 0.75703125 0.80390625 0.0796875 0.1203125
0 0.68046875 0.79921875 0.06171875 0.1296875
0 0.53203125 0.90078125 0.06328125 0.1359375
0 0.4125 0.853125 0.08515625 0.13125
0 0.8484375 0.95625 0.06328125 0.0875
0 0.3375 0.8484375 0.084375 0.13046875
0 0.109375 0.7609375 0.071875 0.15
0 0.02578125 0.796875 0.0515625 0.1625
0 0.40703125 0.10703125 0.08203125 0.11171875
0 0.7171875 0.09765625 0.09453125 0.11484375
0 0.16953125 0.74140625 0.0734375 0.15859375
0 0.4640625 0.821875 0.0671875 0.1640625
0 0.87265625 0.2578125 0.06640625 0.1203125
0 0.7828125 0.02578125 0.0625 0.0515625
0 0.5171875 0.09296875 0.04609375 0.1046875
0 0.49765625 0.22890625 0.065625 0.05546875
0 0.2703125 0.8953125 0.07890625 0.11328125
0 0.36875 0.2078125 0.06484375 0.06171875
0 0.971875 0.08984375 0.05546875 0.14375
0 0.0734375 0.86953125 0.09609375 0.1109375