0 0.61015625 0.74296875 0.08984375 0.09375
0 0.7953125 0.571875 0.05703125 0.1265625
0 0.8453125 0.57265625 0.03671875 0.12890625
0 0.9 0.63359375 0.0640625 0.071875
0 0.95234375 0.58203125 0.08203125 0.06953125
0 0.878125 0.7015625 0.065625 0.07890625
0 0.8125 0.78828125 0.07890625 0.0734375
0 0.7546875 0.828125 0.07265625 0.1125
0 0.54375 0.60234375 0.0546875 0.11640625
0 0.49375 0.8796875 0.0609375 0.125
0 0.6125 0.91875 0.06328125 0.12421875
0 0.39375 0.8296875 0.059375 0.11953125
0 0.60546875 0.6140625 0.06796875 0.1078125
0 0.2984375 0.7984375 0.05703125 0.1046875
0 0.34375 0.8578125 0.065625 0.11796875
0 0.03359375 0.846875 0.05546875 0.1125
0 0.44921875 0.946875 0.05859375 0.0921875
0 0.371875 0.95390625 0.06015625 0.09140625
0 0.41640625 0.73046875 0.0734375 0.1
0 0.42734375 0.615625 0.040625 0.1
0 0.23046875 0.9421875 0.09296875 0.10390625
0 0.18828125 0.8875 0.065625 0.12578125
0 0.91328125 0.84765625 0.09296875 0.12734375
0 0.34921875 0.62265625 0.0609375 0.10390625
0 0.128125 0.88203125 0.0578125 0.12109375
0 0.678125 0.575 0.0984375 0.05390625
0 0.3921875 0.684375 0.0546875 0.1109375
0 0.065625 0.753125 0.05625 0.10234375
0 0.46796875 0.64609375 0.05859375 0.10234375
0 0.18125 0.63359375 0.07578125 0.10859375
0 0.31796875 0.7046875 0.065625 0.115625
0 0.0265625 0.7453125 0.05234375 0.09453125
0 0.159375 0.77890625 0.05390625 0.1
0 0.9625 0.6734375 0.075 0.16953125
0 0.2171875 0.7234375 0.0515625 0.11484375
0 0.97109375 0.79765625 0.05234375 0.0828125
0 0.67890625 0.63671875 0.115625 0.075
0 0.27265625 0.6671875 0.05625 0.1078125
0 0.10078125 0.69921875 0.05625 0.05234375
0 0.121875 0.7578125 0.06328125 0.09296875