0 0.809375 0.3265625 0.0953125 0.16015625
0 0.70546875 0.321875 0.08203125 0.17734375
0 0.6578125 0.18125 0.10390625 0.09453125
0 0.42578125 0.26875 0.07578125 0.19921875
0 0.49296875 0.2921875 0.06640625 0.19453125
0 0.55390625 0.2515625 0.08046875 0.16875
0 0.75 0.22421875 0.1140625 0.13125
0 0.909375 0.334375 0.0984375 0.14765625
0 0.15234375 0.42734375 0.08046875 0.2140625
0 0.1734375 0.2828125 0.09296875 0.125
0 0.28515625 0.13671875 0.11015625 0.1609375
0 0.8625 0.81171875 0.075 0.18359375
0 0.1828125 0.0578125 0.103125 0.115625
0 0.76875 0.1140625 0.0890625 0.0984375
0 0.659375 0.03984375 0.07421875 0.078125