0 0.2375 0.040625 0.10546875 0.08125
0 0.453125 0.2984375 0.1125 0.1375
0 0.61171875 0.5109375 0.0609375 0.19140625
0 0.55 0.64921875 0.11015625 0.14453125
0 0.39140625 0.7296875 0.10859375 0.1875
0 0.2734375 0.55390625 0.11171875 0.1390625
0 0.41171875 0.54765625 0.096875 0.196875
0 0.29375 0.69609375 0.08984375 0.2296875
0 0.9546875 0.696875 0.090625 0.234375
0 0.94375 0.5734375 0.10703125 0.14140625
0 0.04921875 0.57109375 0.08515625 0.175
0 0.490625 0.9453125 0.0796875 0.109375
0 0.2640625 0.65546875 0.11875 0.11328125