0 0.30546875 0.5828125 0.06953125 0.1078125
0 0.06875 0.503125 0.06953125 0.10703125
0 0.0546875 0.63984375 0.1 0.11953125
0 0.85078125 0.73359375 0.0625 0.13671875
0 0.484375 0.60078125 0.07734375 0.0953125
0 0.93359375 0.70390625 0.0609375 0.08046875
0 0.053125 0.896875 0.07265625 0.1453125
0 0.6265625 0.63046875 0.08125 0.0859375
0 0.16171875 0.50390625 0.059375 0.0671875
0 0.29140625 0.915625 0.1 0.13203125
0 0.25078125 0.834375 0.08203125 0.09296875
0 0.44296875 0.765625 0.0890625 0.12734375
0 0.975 0.8421875 0.05 0.1234375
0 0.2640625 0.7375 0.08359375 0.12578125
0 0.50546875 0.72734375 0.07578125 0.1015625
0 0.85859375 0.8484375 0.06328125 0.125
0 0.659375 0.4625 0.0484375 0.0671875
0 0.55 0.6703125 0.059375 0.09140625
0 0.78046875 0.653125 0.07890625 0.0703125
0 0.9171875 0.91015625 0.0546875 0.1109375
0 0.39765625 0.87578125 0.09140625 0.1515625
0 0.94765625 0.54765625 0.06328125 0.07578125
0 0.10078125 0.3296875 0.10078125 0.07421875
0 0.70859375 0.6671875 0.0671875 0.09453125
0 0.528125 0.90546875 0.06171875 0.1015625
0 0.6640625 0.865625 0.07109375 0.12265625
0 0.746875 0.95 0.0765625 0.0890625
0 0.73125 0.8625 0.06953125 0.08046875
0 0.06484375 0.0984375 0.06015625 0.0953125
0 0.45703125 0.95 0.08515625 0.1
0 0.34296875 0.79140625 0.05859375 0.11640625
0 0.3078125 0.7578125 0.07109375 0.10703125
0 0.5609375 0.9390625 0.059375 0.11953125
0 0.6296875 0.965625 0.075 0.06484375
0 0.68203125 0.96875 0.05546875 0.0625
0 0.740625 0.746875 0.040625 0.109375
0 0.5765625 0.80234375 0.05703125 0.1015625
0 0.86484375 0.378125 0.03984375 0.08359375
0 0.80703125 0.36953125 0.05390625 0.109375
0 0.74453125 0.35625 0.05859375 0.10625
0 0.896875 0.34375 0.04296875 0.1171875
0 0.94921875 0.34921875 0.05234375 0.1015625
0 0.78125 0.265625 0.0359375 0.0765625
0 0.86171875 0.25625 0.04609375 0.07421875
0 0.9515625 0.94921875 0.02734375 0.1015625
0 0.83984375 0.934375 0.05546875 0.0875
0 0.66328125 0.7875 0.05234375 0.09765625
0 0.6171875 0.7796875 0.0578125 0.08828125
0 0.71015625 0.7890625 0.03984375 0.08828125
0 0.17734375 0.9671875 0.046875 0.06484375
0 0.1109375 0.96875 0.04765625 0.0625