0 0.5171875 0.07578125 0.09609375 0.1515625
0 0.44296875 0.56953125 0.10078125 0.19921875
0 0.04453125 0.115625 0.08828125 0.2171875
0 0.7984375 0.43125 0.09140625 0.2375
0 0.271875 0.7546875 0.12265625 0.1625
0 0.05703125 0.7484375 0.10703125 0.2296875
0 0.64921875 0.628125 0.0921875 0.22734375
0 0.7875 0.67421875 0.09765625 0.17265625
0 0.84453125 0.94453125 0.08203125 0.1
0 0.82734375 0.20859375 0.0796875 0.20546875
0 0.875 0.24140625 0.06484375 0.15234375
0 0.93828125 0.21640625 0.07734375 0.1640625
0 0.940625 0.08203125 0.1125 0.13828125
0 0.740625 0.05859375 0.07421875 0.1171875