0 0.24765625 0.0984375 0.12265625 0.125
0 0.3140625 0.04921875 0.090625 0.0984375
0 0.27421875 0.25078125 0.11328125 0.16328125
0 0.2109375 0.2578125 0.096875 0.15234375
0 0.14296875 0.26796875 0.0953125 0.18671875
0 0.0453125 0.32421875 0.090625 0.09140625
0 0.04140625 0.471875 0.0828125 0.10078125
0 0.2671875 0.47734375 0.12265625 0.1015625
0 0.30078125 0.55859375 0.12890625 0.1421875
0 0.3671875 0.62421875 0.14609375 0.15703125
0 0.4703125 0.7375 0.0875 0.20546875
0 0.45546875 0.92421875 0.09296875 0.1515625
0 0.659375 0.75078125 0.13046875 0.1671875
0 0.72890625 0.91484375 0.1359375 0.1703125
0 0.6203125 0.9453125 0.08203125 0.109375
0 0.34140625 0.90078125 0.0859375 0.1984375
0 0.1546875 0.7828125 0.096875 0.221875
0 0.22578125 0.76875 0.06640625 0.19609375
0 0.26171875 0.8609375 0.07265625 0.22890625
0 0.63359375 0.55546875 0.11640625 0.19296875
0 0.73828125 0.53828125 0.1328125 0.16328125
0 0.915625 0.59765625 0.13125 0.15234375
0 0.95703125 0.68515625 0.0859375 0.1984375
0 0.9109375 0.93984375 0.084375 0.1203125
0 0.97109375 0.91171875 0.0578125 0.1765625
0 0.8796875 0.45625 0.13515625 0.10625
0 0.9234375 0.203125 0.08203125 0.21875
0 0.8375 0.140625 0.10234375 0.17734375
0 0.884375 0.05390625 0.08203125 0.1078125
0 0.79765625 0.2203125 0.1015625 0.18984375
0 0.759375 0.321875 0.1 0.08828125
0 0.67578125 0.3046875 0.0859375 0.13515625
0 0.6046875 0.27109375 0.08203125 0.1515625
0 0.56328125 0.16953125 0.0796875 0.20078125
0 0.60625 0.0671875 0.08125 0.134375
0 0.68984375 0.1125 0.0921875 0.225
0 0.49140625 0.11328125 0.07734375 0.16796875
0 0.43046875 0.05 0.0890625 0.1
0 0.428125 0.1984375 0.07890625 0.20390625
0 0.371875 0.2515625 0.08046875 0.15234375