0 0.284375 0.75390625 0.08359375 0.13671875
0 0.26484375 0.5734375 0.06875 0.21484375
0 0.51328125 0.553125 0.07421875 0.234375
0 0.4390625 0.63046875 0.07734375 0.2203125
0 0.21015625 0.9328125 0.1140625 0.13125
0 0.7390625 0.53203125 0.08203125 0.19375
0 0.05546875 0.896875 0.09296875 0.196875
0 0.58984375 0.48984375 0.09453125 0.1640625
0 0.1 0.5765625 0.12109375 0.2078125
0 0.903125 0.53828125 0.07109375 0.25703125
0 0.42734375 0.884375 0.12421875 0.15625
0 0.61640625 0.73984375 0.15 0.11328125
0 0.52578125 0.91015625 0.0859375 0.15
0 0.04765625 0.10859375 0.07734375 0.12890625
0 0.67890625 0.61015625 0.06640625 0.16328125
0 0.61171875 0.83828125 0.1375 0.10703125
0 0.30703125 0.0953125 0.11640625 0.146875
0 0.3609375 0.51640625 0.12890625 0.1578125
0 0.234375 0.41953125 0.13125 0.23984375
0 0.9671875 0.50390625 0.065625 0.1859375
0 0.2203125 0.109375 0.08125 0.1625
0 0.1109375 0.25 0.084375 0.1421875
0 0.1421875 0.0671875 0.0671875 0.1328125
0 0.42265625 0.05390625 0.10859375 0.10625
0 0.2484375 0.203125 0.078125 0.2234375
0 0.90625 0.16328125 0.08671875 0.134375
0 0.5765625 0.2203125 0.10390625 0.1078125
0 0.84609375 0.5203125 0.07421875 0.15546875
0 0.665625 0.36328125 0.06171875 0.14140625
0 0.40703125 0.3890625 0.07421875 0.14921875
0 0.16015625 0.190625 0.065625 0.1625
0 0.0828125 0.46015625 0.1359375 0.08671875
0 0.62890625 0.5796875 0.0640625 0.19921875