0 0.71875 0.3859375 0.05546875 0.1125
0 0.76796875 0.4109375 0.05625 0.11328125
0 0.7609375 0.5546875 0.065625 0.10625
0 0.8359375 0.628125 0.0421875 0.11796875
0 0.90625 0.48359375 0.05 0.13984375
0 0.48359375 0.459375 0.0546875 0.1296875
0 0.4203125 0.45703125 0.07734375 0.13984375
0 0.6890625 0.2578125 0.06875 0.10703125
0 0.37734375 0.51953125 0.06953125 0.14453125
0 0.15078125 0.54765625 0.06171875 0.15234375
0 0.3015625 0.25078125 0.065625 0.13671875
0 0.44375 0.409375 0.059375 0.13046875
0 0.18828125 0.49765625 0.06640625 0.19140625
0 0.13828125 0.32109375 0.07421875 0.14921875
0 0.30703125 0.4703125 0.075 0.14140625
0 0.325 0.9234375 0.0625 0.14140625
0 0.9765625 0.40703125 0.04609375 0.1015625
0 0.11015625 0.3921875 0.07421875 0.14921875
0 0.2453125 0.4625 0.05546875 0.18203125
0 0.37109375 0.2296875 0.07265625 0.12578125
0 0.334375 0.34140625 0.0609375 0.1328125
0 0.76328125 0.0515625 0.0453125 0.09609375
0 0.58984375 0.27109375 0.05625 0.14140625
0 0.390625 0.3296875 0.06484375 0.1125
0 0.909375 0.33984375 0.05078125 0.1546875
0 0.76015625 0.93828125 0.0671875 0.1234375
0 0.0390625 0.40859375 0.078125 0.1515625
0 0.96171875 0.08125 0.04921875 0.0921875
0 0.95234375 0.3390625 0.05 0.146875
0 0.3546875 0.39921875 0.0703125 0.1234375
0 0.70703125 0.08125 0.06328125 0.07265625
0 0.23203125 0.8859375 0.06484375 0.17890625
0 0.04609375 0.315625 0.0859375 0.10546875
0 0.60234375 0.178125 0.0703125 0.11171875
0 0.19140625 0.95703125 0.0796875 0.08515625
0 0.93125 0.2234375 0.07265625 0.10078125
0 0.8734375 0.04140625 0.046875 0.08125
0 0.74375 0.834375 0.04375 0.12421875
0 0.58515625 0.0328125 0.07421875 0.06328125
0 0.809375 0.96953125 0.071875 0.06015625
0 0.28515625 0.94453125 0.0640625 0.10625
0 0.78125 0.82734375 0.0640625 0.20546875
0 0.3296875 0.128125 0.06171875 0.07109375
0 0.128125 0.86796875 0.09140625 0.15546875
0 0.53046875 0.03984375 0.03984375 0.078125
0 0.0796875 0.16796875 0.09140625 0.1671875
0 0.2546875 0.02734375 0.096875 0.0546875
0 0.3515625 0.0390625 0.0859375 0.0734375
0 0.7046875 0.16640625 0.06796875 0.05234375
0 0.84921875 0.0890625 0.0421875 0.07109375
0 0.79609375 0.071875 0.040625 0.071875
0 0.853125 0.22578125 0.0453125 0.134375