0 0.859375 0.0859375 0.0875 0.12421875
0 0.82734375 0.24765625 0.0921875 0.11640625
0 0.7265625 0.253125 0.09375 0.125
0 0.63359375 0.20625 0.08671875 0.140625
0 0.40078125 0.18515625 0.0734375 0.0921875
0 0.33125 0.1609375 0.06171875 0.17109375
0 0.271875 0.14921875 0.07109375 0.14140625
0 0.08515625 0.16484375 0.12265625 0.1171875
0 0.2234375 0.23671875 0.121875 0.1265625
0 0.24765625 0.36796875 0.12109375 0.1109375
0 0.03515625 0.29140625 0.0703125 0.10859375
0 0.03046875 0.4171875 0.0609375 0.15625
0 0.1265625 0.46953125 0.084375 0.13828125
0 0.04375 0.665625 0.0875 0.14765625
0 0.0984375 0.83828125 0.10078125 0.184375
0 0.39375 0.8484375 0.12265625 0.140625
0 0.53203125 0.80234375 0.11015625 0.1609375
0 0.61328125 0.77578125 0.08515625 0.1578125
0 0.28046875 0.49296875 0.1109375 0.1453125
0 0.3546875 0.52734375 0.090625 0.1640625
0 0.4171875 0.5375 0.065625 0.146875
0 0.4328125 0.66328125 0.109375 0.10859375
0 0.48125 0.53984375 0.04375 0.12421875
0 0.54453125 0.56953125 0.07109375 0.1453125
0 0.515625 0.67890625 0.08125 0.15390625
0 0.48359375 0.41953125 0.1265625 0.10234375
0 0.459375 0.334375 0.09375 0.10390625
0 0.534375 0.315625 0.04921875 0.134375
0 0.5703125 0.42578125 0.071875 0.1609375
0 0.64140625 0.54140625 0.0796875 0.17734375
0 0.746875 0.66875 0.09609375 0.171875
0 0.7546875 0.55546875 0.10625 0.0796875
0 0.6921875 0.47421875 0.125 0.0828125
0 0.82890625 0.50703125 0.06953125 0.10234375
0 0.90078125 0.47421875 0.07734375 0.11015625
0 0.96953125 0.5015625 0.0609375 0.125
0 0.884375 0.5984375 0.07421875 0.16875
0 0.97109375 0.6328125 0.0578125 0.14609375
0 0.940625 0.790625 0.09375 0.13046875
0 0.9015625 0.87890625 0.096875 0.1859375