0 0.6203125 0.06875 0.10546875 0.1375
0 0.86640625 0.13125 0.1078125 0.19609375
0 0.75546875 0.30546875 0.10078125 0.2234375
0 0.33125 0.14296875 0.1125 0.153125
0 0.85859375 0.40703125 0.1 0.1859375
0 0.41171875 0.28359375 0.09609375 0.1546875
0 0.225 0.33125 0.11953125 0.16875
0 0.8234375 0.659375 0.09296875 0.2125
0 0.45625 0.40546875 0.10859375 0.1578125
0 0.44296875 0.13203125 0.10546875 0.25078125
0 0.25859375 0.4828125 0.09609375 0.1734375
0 0.7359375 0.87578125 0.0828125 0.221875
0 0.17890625 0.809375 0.08359375 0.21953125
0 0.27265625 0.65234375 0.09453125 0.17265625
0 0.06953125 0.8328125 0.09765625 0.1890625
0 0.49921875 0.634375 0.11875 0.190625
0 0.546875 0.19765625 0.11328125 0.13984375
0 0.0890625 0.51875 0.08671875 0.2578125
0 0.628125 0.60859375 0.10546875 0.16640625
0 0.9546875 0.91875 0.0875 0.16015625
0 0.6328125 0.36328125 0.1265625 0.1265625
0 0.62265625 0.47421875 0.10078125 0.14140625
0 0.3328125 0.8671875 0.13203125 0.20859375
0 0.55234375 0.31328125 0.10390625 0.1453125
0 0.71484375 0.59765625 0.08828125 0.1453125
0 0.70859375 0.46875 0.0796875 0.14375
0 0.6078125 0.85625 0.09296875 0.25625