0 0.35 0.8125 0.0609375 0.103125
0 0.21953125 0.81171875 0.0640625 0.1125
0 0.3109375 0.93671875 0.075 0.084375
0 0.45390625 0.80546875 0.05703125 0.09765625
0 0.4046875 0.696875 0.07265625 0.0828125
0 0.340625 0.684375 0.05859375 0.0875
0 0.178125 0.66328125 0.03671875 0.1
0 0.56953125 0.80859375 0.08203125 0.075
0 0.85 0.93125 0.07265625 0.10234375
0 0.753125 0.925 0.0671875 0.1265625
0 0.946875 0.79140625 0.0453125 0.11953125
0 0.83046875 0.7484375 0.059375 0.071875
0 0.79140625 0.7203125 0.040625 0.08515625
0 0.74921875 0.7171875 0.05234375 0.07734375
0 0.54765625 0.69453125 0.0484375 0.08125
0 0.50703125 0.7046875 0.0734375 0.06875
0 0.071875 0.759375 0.0734375 0.10625
0 0.07265625 0.89140625 0.07734375 0.08984375