0 0.90234375 0.5671875 0.08125 0.153125
0 0.96328125 0.62265625 0.059375 0.1265625
0 0.90859375 0.7796875 0.07578125 0.09765625
0 0.8390625 0.3703125 0.08203125 0.15625
0 0.1078125 0.51640625 0.05703125 0.1359375
0 0.11328125 0.74140625 0.06640625 0.10078125
0 0.03046875 0.8390625 0.053125 0.1296875
0 0.3796875 0.38828125 0.05546875 0.09453125
0 0.73828125 0.35078125 0.0859375 0.09921875
0 0.553125 0.3625 0.0640625 0.084375
0 0.72109375 0.57890625 0.109375 0.21953125
0 0.44375 0.11015625 0.05859375 0.115625
0 0.79765625 0.35 0.05546875 0.1046875
0 0.3828125 0.07109375 0.065625 0.140625
0 0.27265625 0.4015625 0.05859375 0.0859375
0 0.26875 0.09296875 0.06953125 0.09453125
0 0.24140625 0.821875 0.0484375 0.14453125
0 0.1046875 0.84453125 0.05078125 0.11796875
0 0.78046875 0.821875 0.0734375 0.0859375
0 0.58125 0.8234375 0.078125 0.14453125
0 0.07265625 0.4265625 0.0578125 0.06953125
0 0.16328125 0.85078125 0.05234375 0.09296875
0 0.9765625 0.896875 0.04609375 0.10703125
0 0.71484375 0.84375 0.05625 0.08984375
0 0.8640625 0.95625 0.07578125 0.075
0 0.428125 0.83828125 0.05078125 0.0984375
0 0.465625 0.87890625 0.06328125 0.14296875
0 0.2515625 0.96484375 0.053125 0.06640625