0 0.5765625 0.62578125 0.0671875 0.14609375
0 0.253125 0.52734375 0.10078125 0.10546875
0 0.25234375 0.66328125 0.07265625 0.1359375
0 0.23203125 0.753125 0.078125 0.10546875
0 0.22265625 0.8265625 0.06953125 0.1421875
0 0.13125 0.8921875 0.07890625 0.11328125
0 0.5265625 0.78515625 0.11015625 0.10234375
0 0.9625 0.90859375 0.071875 0.11875
0 0.03359375 0.73203125 0.0671875 0.1796875
0 0.3671875 0.9140625 0.0671875 0.1328125
0 0.80859375 0.05625 0.0703125 0.1125
0 0.4390625 0.8359375 0.0703125 0.11796875
0 0.81796875 0.7703125 0.08203125 0.13671875
0 0.30078125 0.8 0.05859375 0.12734375
0 0.9078125 0.75625 0.0453125 0.12890625
0 0.51640625 0.9203125 0.084375 0.11484375
0 0.71640625 0.84296875 0.071875 0.13828125
0 0.86796875 0.85390625 0.07109375 0.1203125
0 0.353125 0.0828125 0.07734375 0.0796875
0 0.965625 0.83671875 0.06875 0.084375
0 0.83203125 0.484375 0.059375 0.1078125
0 0.4125 0.075 0.06328125 0.1140625
0 0.42734375 0.9078125 0.04921875 0.134375
0 0.45625 0.76796875 0.0625 0.13203125
0 0.85 0.91328125 0.078125 0.16640625
0 0.959375 0.11953125 0.07421875 0.11328125
0 0.88828125 0.07109375 0.0578125 0.1140625
0 0.278125 0.0734375 0.0609375 0.09765625