0 0.60546875 0.4234375 0.10234375 0.21875
0 0.67578125 0.57421875 0.1125 0.171875
0 0.875 0.62109375 0.0921875 0.23046875
0 0.37109375 0.93125 0.13046875 0.1375
0 0.1921875 0.7359375 0.12265625 0.1703125
0 0.228125 0.25859375 0.12578125 0.134375
0 0.896875 0.928125 0.0890625 0.14296875
0 0.221875 0.384375 0.078125 0.1296875
0 0.06640625 0.103125 0.0546875 0.18515625
0 0.25 0.12734375 0.0828125 0.1546875
0 0.2234375 0.86015625 0.1140625 0.171875
0 0.13203125 0.11640625 0.0734375 0.17421875
0 0.2109375 0.07421875 0.08203125 0.13671875