0 0.38359375 0.071875 0.096875 0.14296875
0 0.2046875 0.0546875 0.084375 0.109375
0 0.115625 0.13125 0.0875 0.09609375
0 0.7171875 0.85234375 0.109375 0.17890625
0 0.2421875 0.20859375 0.08046875 0.1265625
0 0.05078125 0.37890625 0.1015625 0.1546875
0 0.684375 0.45078125 0.075 0.17109375
0 0.20625 0.6125 0.08359375 0.1453125
0 0.5296875 0.46875 0.13359375 0.18671875
0 0.43828125 0.5 0.0953125 0.175
0 0.2546875 0.91796875 0.1 0.1640625
0 0.5484375 0.02578125 0.1015625 0.05
0 0.95 0.471875 0.09453125 0.1453125
0 0.2734375 0.36875 0.1 0.115625
0 0.75625 0.41171875 0.07109375 0.1171875
0 0.82265625 0.4328125 0.06796875 0.12734375
0 0.865625 0.559375 0.0796875 0.2375
0 0.97734375 0.5984375 0.0453125 0.15
0 0.303125 0.4921875 0.08046875 0.15390625
0 0.2296875 0.46953125 0.0546875 0.178125
0 0.1625 0.38828125 0.08046875 0.13515625
0 0.41875 0.36953125 0.07109375 0.08671875
0 0.16953125 0.709375 0.10703125 0.15078125
0 0.31796875 0.93828125 0.0890625 0.1234375