0 0.7578125 0.634375 0.09921875 0.20625
0 0.828125 0.8546875 0.13046875 0.15390625
0 0.09765625 0.6828125 0.0890625 0.19375
0 0.03984375 0.88671875 0.0796875 0.1546875
0 0.26875 0.57109375 0.096875 0.1796875
0 0.2921875 0.49453125 0.059375 0.16015625
0 0.3578125 0.45859375 0.08203125 0.13671875
0 0.3328125 0.346875 0.065625 0.134375
0 0.44296875 0.52734375 0.0828125 0.21015625
0 0.48203125 0.4375 0.07734375 0.19375
0 0.55078125 0.41640625 0.0609375 0.16953125
0 0.59375 0.50234375 0.103125 0.16171875
0 0.67265625 0.46796875 0.0890625 0.15078125
0 0.79140625 0.49921875 0.1046875 0.1546875
0 0.84765625 0.475 0.0671875 0.1375
0 0.92421875 0.496875 0.07109375 0.184375
0 0.78828125 0.37265625 0.1421875 0.0890625
0 0.778125 0.2921875 0.12265625 0.06640625
0 0.771875 0.228125 0.084375 0.0625
0 0.80078125 0.15 0.08984375 0.08046875
0 0.8359375 0.1015625 0.07421875 0.14765625
0 0.93671875 0.13828125 0.0859375 0.09453125
0 0.52890625 0.30859375 0.11484375 0.0796875
0 0.1765625 0.36015625 0.06796875 0.2296875
0 0.096875 0.359375 0.059375 0.2125
0 0.03125 0.4140625 0.0625 0.16640625
0 0.05 0.2703125 0.1 0.09453125
0 0.3859375 0.09609375 0.05859375 0.12421875
0 0.31484375 0.11484375 0.0640625 0.0984375
0 0.271875 0.27578125 0.125 0.1234375
0 0.478125 0.11484375 0.109375 0.07890625
0 0.5140625 0.21640625 0.115625 0.0609375