0 0.725 0.27421875 0.084375 0.1578125
0 0.6421875 0.58828125 0.10859375 0.146875
0 0.71015625 0.53984375 0.115625 0.15078125
0 0.82734375 0.60859375 0.10390625 0.15546875
0 0.9328125 0.5796875 0.08671875 0.184375
0 0.94765625 0.74296875 0.09765625 0.11640625
0 0.8625 0.7484375 0.12890625 0.0953125
0 0.87421875 0.86484375 0.12578125 0.1125
0 0.54375 0.74765625 0.09765625 0.109375
0 0.36953125 0.35625 0.08984375 0.0921875
0 0.2515625 0.4125 0.0953125 0.14609375
0 0.09765625 0.35703125 0.084375 0.10234375
0 0.09140625 0.2546875 0.11484375 0.10546875
0 0.0359375 0.196875 0.071875 0.13125
0 0.11875 0.5328125 0.065625 0.1359375
0 0.07421875 0.5953125 0.08203125 0.14765625
0 0.02578125 0.621875 0.0515625 0.171875
0 0.21171875 0.6078125 0.078125 0.1375
0 0.178125 0.803125 0.08671875 0.109375
0 0.04765625 0.8703125 0.0515625 0.13125
0 0.18984375 0.9453125 0.0796875 0.109375
0 0.32421875 0.95234375 0.071875 0.09453125
0 0.37109375 0.8546875 0.07421875 0.15625
0 0.41796875 0.78515625 0.08203125 0.1203125
0 0.44140625 0.58515625 0.06796875 0.11328125
0 0.43828125 0.503125 0.075 0.134375
0 0.42265625 0.4234375 0.0796875 0.12890625