0 0.25546875 0.59921875 0.05703125 0.09765625
0 0.2484375 0.49296875 0.05703125 0.11328125
0 0.79375 0.47890625 0.0734375 0.1046875
0 0.9 0.33671875 0.0640625 0.090625
0 0.2140625 0.74921875 0.0515625 0.11640625
0 0.08203125 0.82109375 0.0515625 0.115625
0 0.14296875 0.84453125 0.04296875 0.09375
0 0.18046875 0.85 0.04609375 0.0921875
0 0.23515625 0.85859375 0.05546875 0.0875
0 0.40859375 0.84296875 0.05625 0.1
0 0.728125 0.83671875 0.03125 0.07421875
0 0.78125 0.82890625 0.0609375 0.07421875
0 0.8109375 0.85234375 0.07890625 0.05859375