0 0.13828125 0.10078125 0.1125 0.1421875
0 0.35546875 0.06953125 0.11484375 0.13203125
0 0.35703125 0.190625 0.11484375 0.17265625
0 0.12421875 0.38125 0.0921875 0.17890625
0 0.284375 0.3859375 0.1125 0.16328125
0 0.5953125 0.5484375 0.08515625 0.22265625
0 0.04296875 0.5578125 0.08515625 0.203125
0 0.2421875 0.709375 0.08828125 0.2015625
0 0.6703125 0.496875 0.11015625 0.1546875
0 0.6625 0.88671875 0.0921875 0.22421875
0 0.56875 0.3375 0.10546875 0.18359375
0 0.32734375 0.75625 0.10234375 0.19140625
0 0.46640625 0.3125 0.1078125 0.14375
0 0.53828125 0.2421875 0.09765625 0.16796875
0 0.91328125 0.865625 0.09296875 0.18671875
0 0.9 0.3171875 0.0953125 0.1875
0 0.75625 0.51640625 0.08359375 0.21171875
0 0.96953125 0.3046875 0.06015625 0.20625
0 0.94140625 0.47265625 0.1171875 0.16953125
0 0.5609375 0.7484375 0.11171875 0.15078125
0 0.44765625 0.5015625 0.090625 0.21171875
0 0.0390625 0.73125 0.07734375 0.134375
0 0.915625 0.04765625 0.15078125 0.09140625
0 0.071875 0.8890625 0.0921875 0.20546875
0 0.8421875 0.3546875 0.134375 0.1265625
0 0.409375 0.8890625 0.07578125 0.1546875
0 0.1390625 0.5359375 0.11484375 0.13828125
0 0.8234375 0.48515625 0.1171875 0.1953125
0 0.10390625 0.675 0.0734375 0.15
0 0.471875 0.6015625 0.1296875 0.1640625
0 0.5390625 0.6703125 0.121875 0.1515625
0 0.16953125 0.6328125 0.10703125 0.109375
0 0.12109375 0.784375 0.125 0.146875
0 0.47421875 0.87265625 0.11015625 0.13046875
0 0.57734375 0.8890625 0.1109375 0.121875