0 0.2953125 0.325 0.0875 0.134375
0 0.328125 0.8140625 0.0703125 0.225
0 0.72109375 0.40390625 0.0953125 0.12890625
0 0.8734375 0.32578125 0.0703125 0.175
0 0.9140625 0.25703125 0.08515625 0.13671875
0 0.928125 0.17265625 0.0640625 0.08046875
0 0.646875 0.25703125 0.0828125 0.11328125
0 0.678125 0.21015625 0.06640625 0.13125
0 0.503125 0.21953125 0.06328125 0.115625
0 0.521875 0.14296875 0.10234375 0.0703125
0 0.20546875 0.14921875 0.09765625 0.1765625
0 0.04765625 0.14921875 0.07421875 0.146875
0 0.05625 0.0515625 0.06875 0.103125