0 0.21640625 0.1625 0.10078125 0.1625
0 0.040625 0.11484375 0.08125 0.18671875
0 0.44765625 0.30859375 0.0703125 0.2234375
0 0.84921875 0.70234375 0.0703125 0.1046875
0 0.65859375 0.9484375 0.05390625 0.103125
0 0.090625 0.51875 0.08125 0.21171875
0 0.14140625 0.29375 0.07734375 0.21484375
0 0.6265625 0.28125 0.0625 0.2015625
0 0.33203125 0.45546875 0.07421875 0.19609375
0 0.41328125 0.0609375 0.0859375 0.11875
0 0.678125 0.81171875 0.0734375 0.15703125
0 0.73828125 0.27109375 0.05625 0.18671875
0 0.6859375 0.31796875 0.06015625 0.17109375
0 0.03984375 0.2890625 0.078125 0.1484375
0 0.81171875 0.93515625 0.04453125 0.12109375
0 0.85234375 0.80859375 0.0625 0.153125
0 0.4703125 0.88984375 0.08359375 0.16015625
0 0.14609375 0.92265625 0.0828125 0.1546875
0 0.55 0.81171875 0.07890625 0.1171875
0 0.484375 0.05390625 0.0671875 0.10546875
0 0.19375 0.52109375 0.071875 0.1734375
0 0.6203125 0.059375 0.06484375 0.11796875
0 0.60859375 0.96796875 0.05390625 0.06328125
0 0.83125 0.14921875 0.065625 0.14296875
0 0.959375 0.9328125 0.05625 0.1046875
0 0.87421875 0.11796875 0.05546875 0.1796875
0 0.2515625 0.78984375 0.096875 0.16484375
0 0.07109375 0.7375 0.11015625 0.1359375
0 0.909375 0.24609375 0.07109375 0.15703125
0 0.984375 0.45078125 0.03125 0.15546875
0 0.79296875 0.4359375 0.0828125 0.11171875
0 0.25625 0.96171875 0.075 0.071875
0 0.8515625 0.41796875 0.059375 0.1125
0 0.92734375 0.8703125 0.06640625 0.1359375
0 0.246875 0.5171875 0.05546875 0.1890625
0 0.02578125 0.60390625 0.0515625 0.1390625
0 0.33203125 0.66328125 0.07578125 0.13515625
0 0.48203125 0.61015625 0.07734375 0.15078125
0 0.3453125 0.9640625 0.0734375 0.07109375
0 0.9671875 0.846875 0.06328125 0.1625
0 0.4484375 0.4859375 0.075 0.08359375
0 0.6421875 0.54609375 0.0671875 0.16953125
0 0.259375 0.665625 0.0828125 0.1109375
0 0.58203125 0.5609375 0.0765625 0.16328125
0 0.79765625 0.309375 0.075 0.11015625
0 0.5640625 0.0375 0.065625 0.075
0 0.85234375 0.26875 0.05234375 0.096875
0 0.63359375 0.40390625 0.05546875 0.06953125
0 0.5375 0.45625 0.053125 0.16875
0 0.22578125 0.90703125 0.10390625 0.1453125
0 0.740625 0.83515625 0.08125 0.13828125
0 0.73984375 0.93203125 0.0828125 0.1328125
0 0.85234375 0.909375 0.0609375 0.109375