0 0.7375 0.409375 0.05234375 0.140625
0 0.64140625 0.44140625 0.0734375 0.1234375
0 0.40859375 0.26171875 0.0578125 0.1171875
0 0.14765625 0.0859375 0.08515625 0.096875
0 0.125 0.1390625 0.096875 0.11328125
0 0.22578125 0.19921875 0.08359375 0.1078125
0 0.24140625 0.2875 0.05390625 0.10546875
0 0.28984375 0.29140625 0.05390625 0.12734375
0 0.3640625 0.38359375 0.065625 0.1859375
0 0.415625 0.3625 0.071875 0.109375
0 0.21796875 0.35859375 0.0671875 0.1265625
0 0.2953125 0.40390625 0.0765625 0.10546875
0 0.03671875 0.596875 0.0703125 0.13828125
0 0.03671875 0.71640625 0.0734375 0.1203125
0 0.115625 0.67734375 0.071875 0.16953125
0 0.1953125 0.93515625 0.075 0.1296875
0 0.18984375 0.70390625 0.08359375 0.17265625
0 0.240625 0.70234375 0.07265625 0.1796875
0 0.29921875 0.79609375 0.07109375 0.14453125
0 0.3109375 0.68671875 0.08203125 0.1546875
0 0.3203125 0.58671875 0.07265625 0.1140625
0 0.38359375 0.665625 0.0484375 0.13125
0 0.4328125 0.734375 0.078125 0.103125
0 0.3890625 0.84609375 0.08515625 0.1046875
0 0.4859375 0.7796875 0.06484375 0.11640625
0 0.515625 0.921875 0.06484375 0.1
0 0.5359375 0.84140625 0.05078125 0.1203125
0 0.57890625 0.81484375 0.0484375 0.1390625
0 0.6046875 0.74375 0.05625 0.13984375
0 0.6640625 0.8265625 0.090625 0.11171875
0 0.6625 0.74609375 0.07421875 0.0859375
0 0.60234375 0.92734375 0.04765625 0.1078125
0 0.72265625 0.94921875 0.0359375 0.1015625
0 0.77734375 0.928125 0.06484375 0.13046875
0 0.74140625 0.840625 0.0578125 0.090625
0 0.86484375 0.83203125 0.0609375 0.09765625
0 0.89296875 0.94375 0.04140625 0.1125
0 0.9359375 0.84453125 0.05625 0.08203125
0 0.83515625 0.96328125 0.0640625 0.0734375
0 0.878125 0.421875 0.05234375 0.08984375
0 0.021875 0.18671875 0.04375 0.1265625
0 0.4328125 0.44453125 0.05 0.0953125
0 0.49453125 0.47421875 0.0734375 0.0703125
0 0.7328125 0.56484375 0.07890625 0.13984375
0 0.79765625 0.52734375 0.0484375 0.13671875
0 0.84140625 0.55625 0.0421875 0.084375
0 0.88828125 0.58515625 0.0484375 0.1046875
0 0.96015625 0.58359375 0.05703125 0.10859375