0 0.0171875 0.6171875 0.034375 0.11875
0 0.065625 0.60078125 0.05078125 0.0625
0 0.07890625 0.65703125 0.07265625 0.11015625
0 0.134375 0.63984375 0.07265625 0.115625
0 0.18671875 0.6296875 0.07421875 0.10078125
0 0.2546875 0.66328125 0.03828125 0.09375
0 0.28203125 0.64453125 0.0421875 0.10390625
0 0.346875 0.7046875 0.06640625 0.11484375
0 0.3984375 0.6734375 0.05625 0.10390625
0 0.5515625 0.66171875 0.040625 0.0921875
0 0.5140625 0.68125 0.03828125 0.0953125
0 0.56953125 0.7484375 0.06640625 0.0734375
0 0.57890625 0.6765625 0.0421875 0.096875
0 0.628125 0.69140625 0.0484375 0.109375
0 0.75625 0.73984375 0.046875 0.05546875
0 0.7828125 0.79453125 0.05078125 0.109375
0 0.8734375 0.75703125 0.0578125 0.090625
0 0.89921875 0.796875 0.06640625 0.08828125