0 0.09296875 0.071875 0.08046875 0.14375
0 0.15703125 0.10078125 0.0734375 0.1359375
0 0.33671875 0.07109375 0.08671875 0.1375
0 0.41875 0.07734375 0.10546875 0.146875
0 0.25390625 0.2203125 0.08125 0.20703125
0 0.3265625 0.22109375 0.0796875 0.11875
0 0.946875 0.0640625 0.05703125 0.128125
0 0.96015625 0.57578125 0.0609375 0.1515625
0 0.86328125 0.07109375 0.08359375 0.09453125
0 0.5609375 0.11171875 0.078125 0.10546875
0 0.971875 0.4125 0.05625 0.1609375
0 0.228125 0.4359375 0.06484375 0.17265625
0 0.9203125 0.6375 0.0640625 0.11015625
0 0.80546875 0.0296875 0.084375 0.0578125
0 0.6515625 0.04609375 0.1046875 0.0921875
0 0.965625 0.24921875 0.06875 0.1359375
0 0.8375 0.615625 0.05703125 0.17421875
0 0.77265625 0.42890625 0.05078125 0.18828125
0 0.06328125 0.6109375 0.08046875 0.2421875
0 0.60234375 0.4015625 0.06484375 0.1578125
0 0.14765625 0.5828125 0.06875 0.221875
0 0.815625 0.46171875 0.05078125 0.1484375
0 0.7640625 0.6140625 0.07109375 0.16796875
0 0.76875 0.76484375 0.06015625 0.178125
0 0.31875 0.46484375 0.06484375 0.18046875
0 0.67265625 0.415625 0.0578125 0.14453125
0 0.18515625 0.49375 0.0640625 0.1703125
0 0.28046875 0.70703125 0.046875 0.1640625
0 0.96328125 0.70703125 0.0671875 0.1796875
0 0.346875 0.87890625 0.05546875 0.21015625
0 0.559375 0.46171875 0.05234375 0.15234375
0 0.86640625 0.80625 0.0546875 0.17578125
0 0.62421875 0.67265625 0.08203125 0.15
0 0.89375 0.10390625 0.06796875 0.12578125
0 0.1875 0.778125 0.0625 0.1765625
0 0.73515625 0.3296875 0.0578125 0.18984375
0 0.72734375 0.12265625 0.0515625 0.1296875
0 0.60234375 0.15390625 0.0609375 0.11796875
0 0.5328125 0.6125 0.053125 0.203125
0 0.66328125 0.17265625 0.08359375 0.22578125
0 0.86640625 0.38359375 0.0625 0.1296875
0 0.58125 0.61640625 0.04921875 0.2078125
0 0.4640625 0.70625 0.06171875 0.14921875
0 0.365625 0.3625 0.0734375 0.134375
0 0.38984375 0.696875 0.07421875 0.14296875
0 0.696875 0.54609375 0.059375 0.16171875
0 0.6359375 0.53359375 0.0671875 0.1265625
0 0.33359375 0.7390625 0.04140625 0.1453125
0 0.13125 0.88671875 0.0734375 0.16171875
0 0.228125 0.57890625 0.08515625 0.1640625
0 0.8765625 0.478125 0.06171875 0.15
0 0.4859375 0.63125 0.0765625 0.1421875
0 0.46796875 0.89765625 0.090625 0.184375
0 0.40859375 0.871875 0.0765625 0.24140625
0 0.06953125 0.89765625 0.07265625 0.12109375
0 0.0421875 0.7921875 0.084375 0.13125
0 0.1171875 0.771875 0.09765625 0.121875
0 0.365625 0.5875 0.1 0.153125
0 0.39140625 0.4484375 0.0734375 0.115625
0 0.28515625 0.8546875 0.06484375 0.1453125
0 0.23359375 0.95625 0.11171875 0.08671875
0 0.52890625 0.7796875 0.06796875 0.1234375