0 0.71171875 0.05859375 0.0921875 0.10703125
0 0.90546875 0.2171875 0.0859375 0.1625
0 0.3953125 0.0609375 0.09375 0.121875
0 0.47421875 0.140625 0.0859375 0.10703125
0 0.546875 0.16328125 0.07890625 0.1015625
0 0.64609375 0.14296875 0.05859375 0.11484375
0 0.478125 0.5421875 0.10234375 0.1671875
0 0.615625 0.24140625 0.07421875 0.1
0 0.2984375 0.17890625 0.06796875 0.1203125
0 0.25078125 0.4125 0.10234375 0.17421875
0 0.38671875 0.175 0.06484375 0.1296875
0 0.07265625 0.40625 0.121875 0.1890625
0 0.7453125 0.703125 0.10703125 0.1734375
0 0.03203125 0.48359375 0.0625 0.209375
0 0.30234375 0.51875 0.078125 0.15078125
0 0.746875 0.22890625 0.06953125 0.1703125
0 0.66328125 0.55 0.0578125 0.18359375
0 0.334375 0.16953125 0.05390625 0.11953125
0 0.8015625 0.6234375 0.05625 0.16328125
0 0.821875 0.2796875 0.07734375 0.0984375
0 0.69140625 0.18671875 0.05859375 0.1234375
0 0.9234375 0.51640625 0.08046875 0.09765625
0 0.41328125 0.53203125 0.05625 0.146875
0 0.4421875 0.2234375 0.06953125 0.0640625
0 0.425 0.6515625 0.1171875 0.11796875
0 0.98515625 0.19765625 0.0296875 0.1984375
0 0.478125 0.73671875 0.11640625 0.11953125
0 0.3546875 0.53515625 0.0703125 0.16796875
0 0.0453125 0.09296875 0.08671875 0.18125
0 0.7484375 0.58125 0.0546875 0.165625
0 0.88125 0.61171875 0.065625 0.18984375
0 0.50625 0.4484375 0.11640625 0.1734375
0 0.0265625 0.16953125 0.053125 0.0734375
0 0.3828125 0.91875 0.08671875 0.15546875
0 0.490625 0.32734375 0.12578125 0.07109375
0 0.14453125 0.69375 0.1140625 0.128125
0 0.478125 0.96640625 0.0875 0.0671875
0 0.53203125 0.91328125 0.0890625 0.10859375
0 0.66953125 0.93828125 0.0984375 0.1234375
0 0.90859375 0.8171875 0.1078125 0.140625
0 0.92734375 0.60234375 0.07890625 0.15234375