0 0.865625 0.63203125 0.09375 0.12421875
0 0.63984375 0.55 0.10078125 0.125
0 0.63359375 0.4640625 0.09296875 0.08515625
0 0.74765625 0.43203125 0.0546875 0.13984375
0 0.559375 0.3015625 0.059375 0.16171875
0 0.6234375 0.359375 0.06484375 0.12109375
0 0.87578125 0.26640625 0.07109375 0.17421875
0 0.80390625 0.30390625 0.07109375 0.1828125
0 0.696875 0.35859375 0.06484375 0.12578125
0 0.19140625 0.621875 0.053125 0.15625
0 0.93671875 0.28203125 0.065625 0.15078125
0 0.96328125 0.14375 0.0703125 0.171875
0 0.0375 0.68203125 0.06953125 0.1421875
0 0.39609375 0.71015625 0.0609375 0.1421875
0 0.23515625 0.55 0.07109375 0.1109375
0 0.240625 0.6640625 0.06640625 0.125
0 0.04375 0.1234375 0.06640625 0.1203125
0 0.5484375 0.909375 0.0625 0.17421875
0 0.35078125 0.49296875 0.0734375 0.11953125
0 0.571875 0.17421875 0.07265625 0.12734375
0 0.7640625 0.27265625 0.0515625 0.16171875
0 0.34765625 0.7484375 0.0609375 0.15625
0 0.4046875 0.3109375 0.046875 0.1296875
0 0.1390625 0.0984375 0.04453125 0.0953125
0 0.89609375 0.08125 0.0703125 0.11953125
0 0.5046875 0.45625 0.0703125 0.16796875
0 0.634375 0.2734375 0.06875 0.10078125
0 0.85078125 0.171875 0.078125 0.13125
0 0.3046875 0.596875 0.05546875 0.16484375
0 0.45859375 0.06328125 0.0859375 0.12421875
0 0.1515625 0.61796875 0.053125 0.15859375
0 0.3265625 0.33125 0.0453125 0.1296875
0 0.2109375 0.446875 0.05703125 0.14296875
0 0.29765625 0.10078125 0.08515625 0.1515625
0 0.23046875 0.884375 0.05390625 0.15078125
0 0.015625 0.528125 0.03125 0.11015625
0 0.6109375 0.19609375 0.05234375 0.140625
0 0.3640625 0.2921875 0.0421875 0.10546875
0 0.53359375 0.0484375 0.0625 0.096875
0 0.72421875 0.2640625 0.05234375 0.12265625
0 0.375 0.4125 0.05234375 0.1203125
0 0.1875 0.925 0.053125 0.14375
0 0.95625 0.0359375 0.059375 0.0703125
0 0.2640625 0.475 0.053125 0.15546875
0 0.58515625 0.04453125 0.05546875 0.08828125
0 0.31171875 0.38203125 0.08046875 0.06953125
0 0.7734375 0.02890625 0.08671875 0.0578125
0 0.7140625 0.1546875 0.08984375 0.096875
0 0.1953125 0.02734375 0.05546875 0.05390625
0 0.05 0.04765625 0.04453125 0.07890625