0 0.90703125 0.084375 0.14375 0.13125
0 0.8375 0.2546875 0.19375 0.121875
0 0.540625 0.06640625 0.13359375 0.1234375
0 0.3484375 0.04921875 0.125 0.096875
0 0.08515625 0.09375 0.1328125 0.17109375
0 0.29921875 0.34921875 0.1375 0.14140625
0 0.61796875 0.884375 0.14453125 0.1546875
0 0.41875 0.728125 0.11328125 0.25234375
0 0.2421875 0.9484375 0.1453125 0.1015625
0 0.94375 0.44375 0.1125 0.14765625
0 0.6109375 0.55546875 0.084375 0.1328125
0 0.1953125 0.71796875 0.0953125 0.209375
0 0.07109375 0.4046875 0.1078125 0.21875
0 0.459375 0.49453125 0.07578125 0.1515625
0 0.54140625 0.7140625 0.115625 0.19375
0 0.70078125 0.740625 0.08046875 0.2125
0 0.85078125 0.73125 0.07578125 0.26328125
0 0.7671875 0.72734375 0.0703125 0.23984375
0 0.9078125 0.7390625 0.08515625 0.259375
0 0.9515625 0.70234375 0.09453125 0.16796875
0 0.025 0.753125 0.04921875 0.25078125
0 0.071875 0.7453125 0.09453125 0.259375