0 0.63828125 0.13359375 0.1109375 0.1484375
0 0.62109375 0.27109375 0.11953125 0.11640625
0 0.48515625 0.30078125 0.10546875 0.1296875
0 0.55859375 0.5046875 0.13984375 0.13984375
0 0.50859375 0.39921875 0.1171875 0.1359375
0 0.3234375 0.15859375 0.09765625 0.1125
0 0.778125 0.52890625 0.09140625 0.178125
0 0.6140625 0.3875 0.10859375 0.12109375
0 0.2078125 0.70234375 0.13046875 0.16484375
0 0.10390625 0.33125 0.1140625 0.1859375
0 0.3109375 0.24921875 0.10703125 0.12265625
0 0.33515625 0.36875 0.08125 0.17890625
0 0.95546875 0.20859375 0.0890625 0.14921875
0 0.75859375 0.79609375 0.1203125 0.14765625
0 0.08203125 0.9015625 0.14375 0.1375
0 0.96953125 0.3921875 0.0609375 0.171875
0 0.1359375 0.55078125 0.1140625 0.1625
0 0.27578125 0.81328125 0.1390625 0.16171875
0 0.88125 0.52421875 0.09453125 0.19140625
0 0.30859375 0.5609375 0.090625 0.19453125
0 0.9625 0.71796875 0.071875 0.1203125
0 0.65390625 0.67265625 0.07578125 0.1453125
0 0.403125 0.0828125 0.11640625 0.11015625
0 0.4046875 0.2546875 0.08046875 0.14375
0 0.5140625 0.78671875 0.07734375 0.1921875
0 0.70703125 0.29921875 0.06796875 0.2046875
0 0.7640625 0.390625 0.1125 0.1375
0 0.8171875 0.32109375 0.11875 0.1546875
0 0.8328125 0.21171875 0.09296875 0.14296875
0 0.9046875 0.278125 0.06953125 0.16015625
0 0.759375 0.0875 0.10390625 0.153125
0 0.82578125 0.071875 0.08984375 0.14375
0 0.95 0.0796875 0.08984375 0.159375
0 0.04609375 0.48984375 0.0921875 0.17265625
0 0.1 0.66875 0.109375 0.16875
0 0.3171875 0.690625 0.1 0.13828125
0 0.16953125 0.95078125 0.1078125 0.0984375
0 0.3421875 0.95078125 0.08203125 0.0984375
0 0.41875 0.925 0.1 0.12109375
0 0.44921875 0.8296875 0.11640625 0.18125
0 0.5953125 0.771875 0.07109375 0.19453125
0 0.640625 0.82734375 0.09375 0.18828125
0 0.6953125 0.86484375 0.08125 0.1828125
0 0.8734375 0.6859375 0.10859375 0.19296875
0 0.93984375 0.56875 0.05703125 0.15
0 0.565625 0.65 0.10625 0.12578125