0 0.5359375 0.43671875 0.06328125 0.13515625
0 0.4609375 0.40546875 0.05390625 0.1203125
0 0.71796875 0.61171875 0.0796875 0.12265625
0 0.97890625 0.60546875 0.0421875 0.12890625
0 0.77421875 0.72421875 0.0734375 0.1328125
0 0.72734375 0.7828125 0.0578125 0.121875
0 0.6359375 0.82109375 0.07890625 0.15703125
0 0.51796875 0.65703125 0.0546875 0.1171875
0 0.4859375 0.59765625 0.08671875 0.096875
0 0.40390625 0.71171875 0.04609375 0.09609375
0 0.4453125 0.66015625 0.0484375 0.1
0 0.4578125 0.75390625 0.04453125 0.1234375
0 0.4953125 0.79453125 0.05234375 0.09921875
0 0.41796875 0.8125 0.04921875 0.08046875
0 0.36171875 0.83671875 0.04375 0.04453125
0 0.19765625 0.665625 0.0765625 0.10859375
0 0.15234375 0.78828125 0.046875 0.153125
0 0.0125 0.715625 0.025 0.09296875
0 0.0421875 0.74609375 0.05859375 0.1140625
0 0.07421875 0.7640625 0.05078125 0.09921875
0 0.09609375 0.82734375 0.05625 0.09296875
0 0.0375 0.83828125 0.0609375 0.07109375
0 0.2703125 0.93515625 0.05625 0.07265625
0 0.19296875 0.9734375 0.0625 0.053125
0 0.78828125 0.9671875 0.08203125 0.06484375
0 0.93984375 0.85078125 0.053125 0.1203125
0 0.80703125 0.878125 0.053125 0.1
0 0.28984375 0.36953125 0.05 0.09375
0 0.1015625 0.44375 0.05390625 0.12421875
0 0.53515625 0.3203125 0.04921875 0.0609375
0 0.4890625 0.31953125 0.04296875 0.05859375
0 0.42890625 0.32890625 0.0546875 0.053125
0 0.81328125 0.28046875 0.05625 0.05078125
0 0.9796875 0.83359375 0.040625 0.1421875
0 0.57421875 0.8859375 0.0734375 0.12109375
0 0.93828125 0.028125 0.07578125 0.05546875
0 0.659375 0.06484375 0.05546875 0.07578125
0 0.478125 0.03984375 0.046875 0.0796875
0 0.4140625 0.04140625 0.07734375 0.0828125
0 0.38515625 0.115625 0.053125 0.07265625
0 0.3453125 0.0703125 0.0578125 0.1109375
0 0.3125 0.07890625 0.04609375 0.109375
0 0.60078125 0.0296875 0.09609375 0.05859375