0 0.50078125 0.76171875 0.0671875 0.11328125
0 0.7390625 0.671875 0.07265625 0.07734375
0 0.6328125 0.84296875 0.05546875 0.1453125
0 0.5453125 0.5828125 0.078125 0.10546875
0 0.89765625 0.8078125 0.0671875 0.10546875
0 0.778125 0.8984375 0.0671875 0.08671875
0 0.1390625 0.8234375 0.103125 0.10859375
0 0.90859375 0.90546875 0.06015625 0.1140625
0 0.43671875 0.8890625 0.05859375 0.0859375
0 0.0203125 0.75390625 0.040625 0.1640625
0 0.3125 0.48984375 0.06796875 0.05703125
0 0.06875 0.4515625 0.05234375 0.0765625
0 0.21015625 0.17265625 0.06953125 0.1
0 0.33359375 0.17578125 0.0546875 0.1109375
0 0.45546875 0.515625 0.046875 0.0484375
0 0.8609375 0.4796875 0.0640625 0.0671875
0 0.4734375 0.36640625 0.03515625 0.06171875
0 0.14375 0.0734375 0.0765625 0.0875
0 0.95078125 0.38046875 0.05390625 0.0953125
0 0.9453125 0.290625 0.06328125 0.115625
0 0.03515625 0.0609375 0.0703125 0.11171875
0 0.12734375 0.93671875 0.0703125 0.1265625
0 0.50703125 0.96171875 0.04921875 0.06953125
0 0.03046875 0.9453125 0.0609375 0.109375
0 0.084375 0.959375 0.08125 0.08125
0 0.5765625 0.96640625 0.05390625 0.0671875
0 0.634375 0.9671875 0.059375 0.065625
0 0.6984375 0.971875 0.04375 0.05625
0 0.7375 0.96875 0.0375 0.0625
0 0.77265625 0.9796875 0.03671875 0.040625
0 0.39921875 0.96953125 0.0390625 0.06015625
0 0.746875 0.32265625 0.0515625 0.08046875
0 0.784375 0.45390625 0.0359375 0.07265625
0 0.96484375 0.50859375 0.053125 0.075
0 0.60390625 0.4140625 0.06484375 0.05
0 0.271875 0.31640625 0.0875 0.05546875
0 0.36953125 0.34296875 0.10625 0.05625
0 0.053125 0.2734375 0.10625 0.071875
0 0.6578125 0.19140625 0.06875 0.11875