0 0.65703125 0.08359375 0.0921875 0.1671875
0 0.7671875 0.0828125 0.10703125 0.15625
0 0.14609375 0.0859375 0.0796875 0.171875
0 0.55546875 0.07890625 0.11640625 0.13359375
0 0.32265625 0.15546875 0.09765625 0.1453125
0 0.07421875 0.1546875 0.0703125 0.15703125
0 0.825 0.17890625 0.06484375 0.2296875
0 0.4609375 0.2171875 0.08515625 0.18671875
0 0.5859375 0.184375 0.0671875 0.125
0 0.50546875 0.16015625 0.08984375 0.1421875
0 0.24375 0.33203125 0.09453125 0.1546875
0 0.21875 0.22109375 0.1265625 0.1171875
0 0.28515625 0.0921875 0.1109375 0.121875
0 0.78359375 0.33984375 0.1125 0.165625
0 0.0375 0.3078125 0.0734375 0.1578125
0 0.965625 0.23046875 0.065625 0.2296875
0 0.8890625 0.221875 0.0703125 0.18125
0 0.071875 0.03828125 0.1 0.0765625
0 0.61171875 0.3484375 0.0875 0.15078125
0 0.334375 0.721875 0.12421875 0.14453125
0 0.625 0.78984375 0.13125 0.1328125
0 0.7484375 0.74609375 0.11015625 0.11640625
0 0.7984375 0.86484375 0.07421875 0.15390625
0 0.87109375 0.875 0.0765625 0.159375
0 0.97109375 0.8546875 0.0578125 0.11796875
0 0.9234375 0.9484375 0.10078125 0.103125
0 0.8140625 0.9671875 0.10859375 0.065625
0 0.665625 0.959375 0.059375 0.08125