0 0.921875 0.15390625 0.10078125 0.1453125
0 0.65625 0.15625 0.1125 0.12734375
0 0.93828125 0.4421875 0.1109375 0.15625
0 0.95 0.33125 0.1 0.10390625
0 0.73125 0.440625 0.090625 0.1625
0 0.659375 0.52109375 0.07109375 0.22578125
0 0.4046875 0.303125 0.07421875 0.18125
0 0.55625 0.54765625 0.134375 0.12734375
0 0.878125 0.934375 0.103125 0.13125
0 0.33671875 0.440625 0.096875 0.15078125
0 0.1984375 0.93125 0.08203125 0.13671875
0 0.24921875 0.52421875 0.08046875 0.2203125
0 0.165625 0.5015625 0.0765625 0.1828125
0 0.4875 0.340625 0.109375 0.2328125
0 0.0515625 0.56875 0.0859375 0.2015625
0 0.040625 0.85625 0.075 0.22109375
0 0.39140625 0.9453125 0.1296875 0.10703125
0 0.03828125 0.2140625 0.075 0.16328125
0 0.621875 0.35546875 0.07265625 0.1359375
0 0.21171875 0.41015625 0.1 0.090625
0 0.303125 0.92890625 0.10390625 0.13671875
0 0.5203125 0.27734375 0.05625 0.1046875
0 0.171875 0.2421875 0.1140625 0.13671875
0 0.09375 0.10546875 0.0890625 0.19765625
0 0.03046875 0.3828125 0.06015625 0.17109375
0 0.22578125 0.13515625 0.0671875 0.22734375
0 0.09140625 0.36953125 0.05546875 0.21015625
0 0.15546875 0.1015625 0.07109375 0.14921875
0 0.21328125 0.03515625 0.11796875 0.0703125