0 0.62890625 0.1140625 0.09453125 0.203125
0 0.54296875 0.14453125 0.1046875 0.1265625
0 0.5984375 0.27109375 0.08671875 0.15078125
0 0.409375 0.2 0.128125 0.12890625
0 0.4375 0.065625 0.10625 0.13125
0 0.30390625 0.07109375 0.13515625 0.1390625
0 0.1109375 0.1171875 0.0890625 0.17890625
0 0.8015625 0.0765625 0.0984375 0.14921875
0 0.21875 0.146875 0.10625 0.14296875
0 0.41015625 0.5578125 0.103125 0.22109375
0 0.60859375 0.59609375 0.12421875 0.22421875
0 0.74296875 0.23046875 0.11484375 0.196875
0 0.740625 0.65390625 0.075 0.17890625
0 0.50078125 0.278125 0.09921875 0.09609375
0 0.4359375 0.48359375 0.103125 0.1546875
0 0.0375 0.59375 0.075 0.13828125
0 0.5609375 0.72421875 0.0953125 0.196875
0 0.04375 0.11796875 0.08671875 0.15625
0 0.74609375 0.81640625 0.09453125 0.21796875
0 0.11171875 0.2546875 0.0859375 0.16484375
0 0.1078125 0.5828125 0.08828125 0.18515625
0 0.8609375 0.13125 0.09765625 0.19921875
0 0.84375 0.7890625 0.10234375 0.17890625
0 0.93046875 0.73828125 0.08125 0.18203125
0 0.196875 0.803125 0.09765625 0.25
0 0.33125 0.68125 0.084375 0.24765625
0 0.95859375 0.1171875 0.0828125 0.19140625
0 0.41875 0.7296875 0.10234375 0.15859375
0 0.1078125 0.8109375 0.09453125 0.19375
0 0.0875 0.44296875 0.090625 0.12890625
0 0.6890625 0.5171875 0.0671875 0.1703125
0 0.13984375 0.946875 0.1015625 0.09765625
0 0.9265625 0.06015625 0.08359375 0.1203125
0 0.046875 0.7109375 0.09375 0.153125
0 0.42421875 0.88203125 0.10390625 0.21171875
0 0.81796875 0.94921875 0.10859375 0.1015625
0 0.9671875 0.634375 0.06484375 0.20078125
0 0.965625 0.27265625 0.06875 0.14765625
0 0.440625 0.3234375 0.13515625 0.078125
0 0.64921875 0.37734375 0.11328125 0.1703125