0 0.70234375 0.5171875 0.0671875 0.134375
0 0.6296875 0.509375 0.05625 0.15625
0 0.64765625 0.6125 0.0546875 0.10390625
0 0.72265625 0.62734375 0.0609375 0.09921875
0 0.790625 0.578125 0.0953125 0.1390625
0 0.496875 0.5671875 0.06015625 0.10390625
0 0.5765625 0.68359375 0.06328125 0.10625
0 0.94375 0.69609375 0.0578125 0.13671875
0 0.7359375 0.87421875 0.06171875 0.103125
0 0.49140625 0.9140625 0.06875 0.11171875
0 0.85625 0.71953125 0.075 0.14921875
0 0.5265625 0.8046875 0.078125 0.14609375
0 0.909375 0.55390625 0.04609375 0.084375
0 0.6609375 0.9171875 0.0640625 0.11171875
0 0.76015625 0.7796875 0.07109375 0.11015625
0 0.37890625 0.80546875 0.0890625 0.13671875
0 0.89375 0.91171875 0.06640625 0.11953125
0 0.79296875 0.759375 0.07578125 0.11953125
0 0.69375 0.81640625 0.0578125 0.11015625
0 0.53515625 0.515625 0.06640625 0.0984375
0 0.79375 0.6625 0.05 0.07890625
0 0.5765625 0.540625 0.0453125 0.0921875
0 0.89609375 0.6234375 0.05390625 0.1265625
0 0.97578125 0.77265625 0.04765625 0.13203125
0 0.97890625 0.57265625 0.0421875 0.15
0 0.97890625 0.89140625 0.0421875 0.1046875
0 0.34609375 0.96015625 0.078125 0.07109375
0 0.85546875 0.9703125 0.109375 0.05625