0 0.453125 0.57265625 0.12421875 0.13359375
0 0.7359375 0.83359375 0.071875 0.1078125
0 0.1046875 0.7890625 0.09140625 0.15703125
0 0.725 0.0546875 0.06875 0.10859375
0 0.77109375 0.05234375 0.0734375 0.1046875
0 0.8546875 0.1015625 0.05625 0.10546875
0 0.88984375 0.06640625 0.08515625 0.0890625
0 0.91640625 0.1671875 0.0671875 0.109375
0 0.696875 0.92734375 0.08515625 0.0671875
0 0.75859375 0.89765625 0.0515625 0.11953125
0 0.809375 0.89609375 0.05859375 0.10703125
0 0.85 0.82578125 0.090625 0.0796875
0 0.91640625 0.8828125 0.0515625 0.13125
0 0.2671875 0.8875 0.0765625 0.07890625
0 0.3015625 0.8671875 0.06328125 0.11328125
0 0.47734375 0.87265625 0.09140625 0.090625
0 0.40546875 0.8625 0.05625 0.1203125
0 0.35078125 0.86328125 0.03671875 0.10546875
0 0.4359375 0.7734375 0.08671875 0.08671875
0 0.34375 0.778125 0.09765625 0.08359375