0 0.54765625 0.040625 0.07421875 0.08125
0 0.4109375 0.05078125 0.10859375 0.1015625
0 0.1796875 0.121875 0.06015625 0.165625
0 0.80234375 0.08203125 0.11171875 0.15859375
0 0.2296875 0.7390625 0.1078125 0.15234375
0 0.63984375 0.753125 0.128125 0.11484375
0 0.1265625 0.49375 0.12421875 0.1828125
0 0.2578125 0.4390625 0.07109375 0.13515625
0 0.9734375 0.06953125 0.053125 0.1234375
0 0.13671875 0.29609375 0.06640625 0.115625
0 0.5828125 0.30625 0.10390625 0.10859375
0 0.74765625 0.03515625 0.0828125 0.06640625
0 0.0359375 0.7515625 0.07109375 0.14453125
0 0.71953125 0.94375 0.15703125 0.11171875
0 0.353125 0.528125 0.0609375 0.17109375
0 0.475 0.56015625 0.07265625 0.20234375
0 0.41015625 0.5484375 0.06171875 0.18359375
0 0.8671875 0.53828125 0.0703125 0.2046875
0 0.6375 0.40859375 0.07109375 0.13515625
0 0.4 0.19296875 0.05390625 0.11484375
0 0.63046875 0.53046875 0.12109375 0.11796875
0 0.3234375 0.403125 0.08671875 0.09921875
0 0.94140625 0.51015625 0.0625 0.17734375
0 0.459375 0.1734375 0.05078125 0.11875
0 0.51875 0.5171875 0.09140625 0.16875
0 0.54765625 0.4453125 0.0921875 0.12890625
0 0.81640625 0.4359375 0.12265625 0.09921875
0 0.7875 0.36171875 0.11796875 0.11484375
0 0.7984375 0.2171875 0.08046875 0.12890625
0 0.83984375 0.1578125 0.0640625 0.075
0 0.91796875 0.11875 0.0859375 0.11953125
0 0.5140625 0.1609375 0.05625 0.13515625
0 0.29765625 0.8890625 0.11796875 0.15625
0 0.40703125 0.94140625 0.11171875 0.1171875
0 0.0453125 0.6234375 0.090625 0.08984375