0 0.7859375 0.06015625 0.11796875 0.1203125
0 0.6921875 0.3984375 0.084375 0.18125
0 0.39609375 0.21015625 0.1234375 0.14296875
0 0.475 0.06328125 0.1265625 0.12109375
0 0.6015625 0.06484375 0.10546875 0.128125
0 0.81171875 0.42890625 0.09140625 0.165625
0 0.22265625 0.1015625 0.12890625 0.17578125
0 0.26171875 0.40625 0.165625 0.1546875
0 0.05859375 0.084375 0.11640625 0.1609375
0 0.46484375 0.478125 0.1109375 0.21875
0 0.22265625 0.534375 0.1265625 0.17265625
0 0.91171875 0.5765625 0.11484375 0.1265625
0 0.04296875 0.21328125 0.0859375 0.1703125
0 0.33671875 0.0328125 0.1109375 0.065625
0 0.4671875 0.81328125 0.115625 0.18828125
0 0.8609375 0.7015625 0.12578125 0.17265625
0 0.03984375 0.8875 0.07890625 0.14453125
0 0.9234375 0.9265625 0.134375 0.1296875
0 0.04296875 0.4234375 0.08046875 0.1546875