0 0.7015625 0.146875 0.04609375 0.08359375
0 0.64375 0.27890625 0.065625 0.0953125
0 0.85703125 0.51015625 0.0828125 0.10234375
0 0.8515625 0.56640625 0.05234375 0.1234375
0 0.96640625 0.67578125 0.0484375 0.1203125
0 0.9453125 0.721875 0.04921875 0.07890625
0 0.91015625 0.76015625 0.04765625 0.1015625
0 0.4 0.3125 0.06796875 0.103125
0 0.84375 0.74375 0.05703125 0.07734375
0 0.66015625 0.4625 0.05390625 0.121875
0 0.85078125 0.84453125 0.0578125 0.0953125
0 0.6671875 0.675 0.0484375 0.09921875
0 0.24453125 0.26015625 0.0625 0.128125
0 0.678125 0.7703125 0.06796875 0.09140625
0 0.68515625 0.8890625 0.07578125 0.128125
0 0.82109375 0.93046875 0.06953125 0.12421875
0 0.90703125 0.95078125 0.05390625 0.09453125
0 0.16953125 0.37734375 0.0625 0.08828125
0 0.084375 0.3671875 0.0671875 0.09765625
0 0.2984375 0.55 0.11171875 0.1109375
0 0.38359375 0.475 0.05546875 0.1046875
0 0.521875 0.45390625 0.06953125 0.12890625
0 0.95234375 0.96640625 0.05859375 0.06640625
0 0.1203125 0.35234375 0.053125 0.12421875
0 0.221875 0.746875 0.0734375 0.184375
0 0.721875 0.5796875 0.08671875 0.1421875
0 0.27734375 0.853125 0.0921875 0.146875
0 0.62890625 0.71953125 0.05234375 0.08984375
0 0.96640625 0.0359375 0.06328125 0.07109375
0 0.62734375 0.86953125 0.0546875 0.13046875
0 0.1765625 0.8625 0.0703125 0.11875
0 0.465625 0.46953125 0.078125 0.12890625
0 0.303125 0.67265625 0.059375 0.1140625
0 0.20078125 0.3453125 0.06796875 0.1375
0 0.46953125 0.81484375 0.075 0.16328125
0 0.5359375 0.81875 0.0578125 0.15859375
0 0.31171875 0.7921875 0.05703125 0.14453125
0 0.0390625 0.48046875 0.07734375 0.109375
0 0.3875 0.67421875 0.0515625 0.12265625
0 0.3796875 0.5671875 0.0765625 0.0859375
0 0.35390625 0.73359375 0.06015625 0.15625
0 0.28671875 0.3578125 0.0796875 0.1109375
0 0.06171875 0.603125 0.06484375 0.0984375
0 0.61328125 0.9625 0.0515625 0.075
0 0.5875 0.85390625 0.053125 0.11171875
0 0.6 0.74375 0.0625 0.13515625
0 0.0703125 0.7203125 0.08125 0.16953125
0 0.29296875 0.42265625 0.0859375 0.09140625