0 0.77421875 0.80859375 0.1125 0.12578125
0 0.7890625 0.95 0.1125 0.1
0 0.5578125 0.8421875 0.109375 0.12421875
0 0.61015625 0.728125 0.05390625 0.171875
0 0.0546875 0.89921875 0.05 0.11640625
0 0.4859375 0.53359375 0.0546875 0.08515625
0 0.0859375 0.84765625 0.0625 0.11171875
0 0.36484375 0.80625 0.0765625 0.1328125
0 0.02265625 0.9109375 0.0453125 0.11875
0 0.93125 0.61796875 0.071875 0.19296875
0 0.23671875 0.7015625 0.05 0.096875
0 0.978125 0.628125 0.04296875 0.18203125
0 0.2671875 0.871875 0.05703125 0.19765625
0 0.45703125 0.9734375 0.06953125 0.0515625
0 0.6921875 0.6484375 0.07109375 0.1984375
0 0.21171875 0.86328125 0.06953125 0.15234375
0 0.046875 0.61875 0.03828125 0.08671875
0 0.23671875 0.7859375 0.059375 0.09453125
0 0.63828125 0.6671875 0.0796875 0.20625
0 0.42421875 0.4859375 0.06953125 0.1265625
0 0.89375 0.5609375 0.08203125 0.1890625
0 0.68828125 0.35 0.053125 0.09296875
0 0.02109375 0.596875 0.0421875 0.11953125
0 0.640625 0.37421875 0.05 0.096875
0 0.15078125 0.5734375 0.05390625 0.07578125
0 0.11640625 0.803125 0.075 0.115625
0 0.1515625 0.91328125 0.06953125 0.16796875
0 0.56953125 0.04375 0.12265625 0.084375
0 0.3328125 0.4671875 0.059375 0.13125
0 0.97890625 0.74765625 0.0421875 0.1171875
0 0.740625 0.5421875 0.10703125 0.171875
0 0.59921875 0.69765625 0.0390625 0.11953125
0 0.10703125 0.5765625 0.053125 0.09765625
0 0.396875 0.70703125 0.07578125 0.1453125
0 0.07890625 0.5796875 0.0515625 0.10234375
0 0.02421875 0.45 0.0484375 0.10859375
0 0.7296875 0.35703125 0.07265625 0.10390625
0 0.57109375 0.46484375 0.06640625 0.0921875
0 0.4703125 0.60625 0.07421875 0.08203125
0 0.3828125 0.4578125 0.059375 0.121875
0 0.3109375 0.34296875 0.08203125 0.07109375
0 0.5296875 0.390625 0.07734375 0.1015625
0 0.32421875 0.875 0.0796875 0.19453125
0 0.2328125 0.49765625 0.06953125 0.09375
0 0.171875 0.48515625 0.05859375 0.11171875