0 0.49609375 0.478125 0.0765625 0.17734375
0 0.30859375 0.359375 0.07890625 0.14296875
0 0.28046875 0.48984375 0.08125 0.1328125
0 0.18359375 0.57421875 0.090625 0.10703125
0 0.04609375 0.553125 0.0703125 0.14140625
0 0.59609375 0.7234375 0.06796875 0.1890625
0 0.4765625 0.81015625 0.0796875 0.14140625
0 0.175 0.68828125 0.0578125 0.14921875
0 0.30234375 0.59921875 0.05078125 0.134375
0 0.2546875 0.60625 0.06171875 0.08984375
0 0.2734375 0.71796875 0.075 0.1296875
0 0.3046875 0.79921875 0.08046875 0.134375
0 0.33671875 0.834375 0.05625 0.165625
0 0.4640625 0.70390625 0.08046875 0.1140625
0 0.4046875 0.7546875 0.08203125 0.1125
0 0.4046875 0.865625 0.08125 0.1046875
0 0.54609375 0.88984375 0.05859375 0.0953125
0 0.6734375 0.8484375 0.0734375 0.11171875
0 0.72578125 0.90859375 0.1109375 0.10234375
0 0.84140625 0.875 0.0828125 0.08515625
0 0.90234375 0.80703125 0.0671875 0.146875
0 0.9671875 0.815625 0.06484375 0.1359375
0 0.96484375 0.921875 0.0703125 0.1
0 0.19453125 0.85 0.07734375 0.0921875
0 0.14296875 0.871875 0.0890625 0.0734375
0 0.053125 0.82421875 0.059375 0.12734375
0 0.04609375 0.72265625 0.0375 0.10546875
0 0.11796875 0.7046875 0.06484375 0.10859375
0 0.5671875 0.47265625 0.0578125 0.12421875
0 0.9328125 0.4234375 0.06484375 0.07890625
0 0.94609375 0.03046875 0.04296875 0.0609375
0 0.77578125 0.03359375 0.05859375 0.0671875
0 0.91328125 0.15 0.0484375 0.05546875
0 0.484375 0.0515625 0.075 0.103125
0 0.38046875 0.04296875 0.05703125 0.0859375
0 0.28984375 0.0375 0.0828125 0.075
0 0.2125 0.0265625 0.075 0.053125
0 0.1875 0.0296875 0.059375 0.059375
0 0.11796875 0.02890625 0.09609375 0.05703125
0 0.8234375 0.05703125 0.06484375 0.09453125