0 0.32421875 0.5859375 0.06796875 0.14609375
0 0.38125 0.58046875 0.0671875 0.13203125
0 0.52265625 0.609375 0.05390625 0.109375
0 0.521875 0.7296875 0.06953125 0.11328125
0 0.89921875 0.72578125 0.04765625 0.09375
0 0.62578125 0.565625 0.07265625 0.06875
0 0.2171875 0.79921875 0.0625 0.1546875
0 0.59609375 0.86015625 0.071875 0.09609375
0 0.14609375 0.79140625 0.07109375 0.1109375
0 0.83515625 0.959375 0.04140625 0.0765625
0 0.659375 0.871875 0.0453125 0.10546875
0 0.12265625 0.934375 0.07578125 0.11796875
0 0.24921875 0.89609375 0.08671875 0.0703125
0 0.190625 0.95546875 0.06796875 0.0890625
0 0.63984375 0.96328125 0.05078125 0.0734375
0 0.71015625 0.9265625 0.05234375 0.12734375
0 0.01875 0.13828125 0.0375 0.10859375
0 0.03515625 0.1015625 0.0703125 0.1125
0 0.13125 0.09140625 0.04375 0.0859375
0 0.2171875 0.12265625 0.05 0.15234375
0 0.81953125 0.465625 0.03984375 0.071875
0 0.86796875 0.4765625 0.05390625 0.0875
0 0.915625 0.4859375 0.04609375 0.084375
0 0.940625 0.3390625 0.040625 0.084375
0 0.85 0.1828125 0.05 0.1
0 0.74765625 0.309375 0.03984375 0.090625
0 0.66015625 0.29375 0.0484375 0.0875
0 0.9546875 0.28359375 0.03984375 0.0796875
0 0.796875 0.03203125 0.03984375 0.0640625
0 0.85234375 0.0359375 0.0453125 0.071875
0 0.8484375 0.1125 0.04140625 0.07890625
0 0.91484375 0.2640625 0.04609375 0.071875
0 0.94609375 0.18515625 0.0453125 0.1015625