0 0.028125 0.165625 0.05625 0.21953125
0 0.07890625 0.146875 0.07109375 0.23125
0 0.1421875 0.21171875 0.1125 0.13984375
0 0.24765625 0.178125 0.0859375 0.19375
0 0.184375 0.071875 0.075 0.1375
0 0.26484375 0.04765625 0.07421875 0.0953125
0 0.38828125 0.10078125 0.065625 0.19765625
0 0.49375 0.078125 0.05859375 0.15546875
0 0.45 0.08984375 0.06875 0.1796875
0 0.35078125 0.4265625 0.10078125 0.15703125
0 0.96953125 0.0953125 0.0609375 0.18515625
0 0.11953125 0.5984375 0.10625 0.13828125
0 0.97109375 0.24765625 0.05703125 0.115625
0 0.7453125 0.3328125 0.06875 0.1109375
0 0.9796875 0.684375 0.03984375 0.20703125
0 0.8765625 0.1421875 0.05859375 0.1703125
0 0.971875 0.5109375 0.053125 0.16328125
0 0.378125 0.48515625 0.08125 0.16640625
0 0.51015625 0.53125 0.07421875 0.12265625
0 0.05390625 0.790625 0.10234375 0.159375
0 0.2765625 0.09765625 0.0359375 0.10546875
0 0.084375 0.93671875 0.09453125 0.11875
0 0.684375 0.4453125 0.0640625 0.17890625
0 0.83984375 0.63203125 0.06328125 0.1484375
0 0.9390625 0.5578125 0.04375 0.121875
0 0.4796875 0.67421875 0.08203125 0.1609375
0 0.07890625 0.84765625 0.1109375 0.10390625
0 0.5359375 0.80859375 0.06796875 0.1671875
0 0.62578125 0.7140625 0.06171875 0.13515625
0 0.59375 0.88203125 0.07109375 0.1328125
0 0.73203125 0.9046875 0.0734375 0.134375
0 0.62734375 0.96796875 0.07890625 0.0640625
0 0.771875 0.715625 0.05390625 0.146875
0 0.74453125 0.7875 0.0671875 0.15
0 0.69921875 0.68515625 0.06796875 0.1296875
0 0.64140625 0.85546875 0.0390625 0.13984375
0 0.91953125 0.17265625 0.0640625 0.1984375