0 0.6703125 0.0765625 0.07578125 0.14765625
0 0.7984375 0.0359375 0.096875 0.071875
0 0.93515625 0.1125 0.10078125 0.13046875
0 0.76953125 0.2046875 0.09140625 0.1875
0 0.61796875 0.18515625 0.1328125 0.1453125
0 0.18125 0.44609375 0.12109375 0.16953125
0 0.78828125 0.446875 0.075 0.1734375
0 0.95390625 0.80625 0.0921875 0.2
0 0.18046875 0.2984375 0.09765625 0.1609375
0 0.62265625 0.5 0.12578125 0.18828125
0 0.9453125 0.43203125 0.09296875 0.12421875
0 0.33984375 0.4453125 0.11796875 0.17421875
0 0.79609375 0.73125 0.1234375 0.1421875
0 0.8609375 0.47109375 0.09140625 0.21875
0 0.5359375 0.33515625 0.0703125 0.1640625
0 0.21953125 0.75703125 0.1578125 0.17109375
0 0.27734375 0.5015625 0.08046875 0.25546875
0 0.0734375 0.428125 0.12421875 0.18046875
0 0.4609375 0.4359375 0.11875 0.16484375
0 0.9171875 0.53984375 0.134375 0.1234375
0 0.6421875 0.3796875 0.128125 0.09296875