0 0.58359375 0.0890625 0.08203125 0.15546875
0 0.43203125 0.253125 0.09296875 0.15625
0 0.88125 0.2078125 0.0765625 0.178125
0 0.77421875 0.08046875 0.09609375 0.15625
0 0.2 0.32890625 0.10703125 0.1234375
0 0.525 0.63203125 0.09296875 0.17265625
0 0.1875 0.1140625 0.10859375 0.12734375
0 0.6734375 0.071875 0.12734375 0.13984375
0 0.0921875 0.165625 0.1015625 0.11171875
0 0.1859375 0.21640625 0.1265625 0.12109375
0 0.9296875 0.753125 0.09296875 0.14140625
0 0.93828125 0.859375 0.11953125 0.10390625
0 0.84453125 0.8609375 0.08046875 0.13828125
0 0.77109375 0.94375 0.07421875 0.1125
0 0.91328125 0.95078125 0.0640625 0.0984375
0 0.846875 0.9578125 0.06640625 0.084375