0 0.421875 0.06796875 0.08046875 0.096875
0 0.690625 0.0875 0.059375 0.10390625
0 0.75390625 0.08359375 0.06640625 0.10078125
0 0.8046875 0.05546875 0.0625 0.1046875
0 0.63515625 0.18125 0.0609375 0.13984375
0 0.1984375 0.3265625 0.071875 0.103125
0 0.53203125 0.66796875 0.0890625 0.16015625
0 0.4125 0.7359375 0.05390625 0.109375
0 0.415625 0.60234375 0.07421875 0.1328125
0 0.646875 0.7375 0.0875 0.1390625
0 0.6609375 0.26640625 0.090625 0.11484375
0 0.88984375 0.5453125 0.08515625 0.14453125
0 0.7484375 0.3140625 0.06953125 0.11015625
0 0.6015625 0.3734375 0.05546875 0.10703125
0 0.7546875 0.48828125 0.10546875 0.12421875
0 0.73515625 0.8890625 0.06875 0.17109375
0 0.75390625 0.71328125 0.06875 0.12265625
0 0.93046875 0.7703125 0.1046875 0.128125
0 0.6921875 0.3640625 0.05703125 0.08828125
0 0.540625 0.42578125 0.0703125 0.075
0 0.8734375 0.275 0.07421875 0.1109375
0 0.8703125 0.8921875 0.1125 0.1296875
0 0.8234375 0.64375 0.0921875 0.11640625
0 0.88984375 0.740625 0.0875 0.115625
0 0.921875 0.21328125 0.08671875 0.12109375
0 0.33046875 0.8015625 0.08203125 0.1078125
0 0.83125 0.54375 0.0609375 0.11328125
0 0.7640625 0.60078125 0.09609375 0.109375
0 0.01953125 0.3046875 0.0390625 0.08125
0 0.1015625 0.89921875 0.05 0.1234375
0 0.3578125 0.43984375 0.0796875 0.1609375
0 0.26640625 0.8390625 0.053125 0.0984375
0 0.41171875 0.50078125 0.078125 0.09140625
0 0.4984375 0.22265625 0.09609375 0.14140625
0 0.55859375 0.86796875 0.071875 0.11640625
0 0.86171875 0.425 0.0953125 0.090625
0 0.0859375 0.58515625 0.04375 0.08515625
0 0.36875 0.94921875 0.06640625 0.09609375
0 0.12109375 0.0484375 0.07734375 0.09375
0 0.22265625 0.45546875 0.0640625 0.1328125
0 0.04765625 0.60390625 0.0546875 0.0921875
0 0.06171875 0.51875 0.04921875 0.08125
0 0.025 0.95546875 0.05 0.0890625
0 0.16328125 0.94921875 0.05703125 0.1015625
0 0.21953125 0.90078125 0.05546875 0.1234375
0 0.26796875 0.94296875 0.07734375 0.1140625
0 0.31015625 0.96171875 0.06796875 0.0765625
0 0.5328125 0.94453125 0.084375 0.10078125
0 0.42109375 0.8484375 0.0734375 0.07734375
0 0.48125 0.80625 0.07890625 0.07890625
0 0.71328125 0.68359375 0.05703125 0.1640625
0 0.2140625 0.63828125 0.08515625 0.0734375