0 0.77265625 0.56484375 0.065625 0.10078125
0 0.8078125 0.6484375 0.10078125 0.08203125
0 0.953125 0.58203125 0.05 0.07578125
0 0.925 0.6921875 0.065625 0.08359375
0 0.85390625 0.759375 0.071875 0.12265625
0 0.71171875 0.71015625 0.0609375 0.1421875
0 0.8859375 0.86640625 0.059375 0.1140625
0 0.98515625 0.5640625 0.0296875 0.08828125
0 0.553125 0.66484375 0.08359375 0.0921875
0 0.628125 0.76640625 0.08203125 0.11015625
0 0.97578125 0.775 0.0484375 0.09453125
0 0.97109375 0.659375 0.0578125 0.10625
0 0.6765625 0.59453125 0.08984375 0.125
0 0.4140625 0.56328125 0.090625 0.11484375
0 0.8625 0.95 0.059375 0.0890625
0 0.59375 0.55078125 0.10078125 0.14375
0 0.834375 0.57734375 0.05546875 0.08046875
0 0.540625 0.78515625 0.0671875 0.1296875
0 0.44765625 0.7828125 0.0609375 0.1328125
0 0.05 0.8234375 0.06484375 0.11640625
0 0.71171875 0.846875 0.10390625 0.1109375
0 0.69609375 0.940625 0.071875 0.11796875
0 0.478125 0.5609375 0.075 0.1390625
0 0.659375 0.65546875 0.06796875 0.0828125
0 0.3890625 0.85390625 0.078125 0.13359375
0 0.4875 0.6421875 0.05859375 0.1171875
0 0.51796875 0.8859375 0.06875 0.10234375
0 0.60234375 0.95078125 0.06953125 0.09453125
0 0.325 0.96484375 0.07265625 0.0703125
0 0.4890625 0.8 0.05859375 0.140625
0 0.37734375 0.9453125 0.06640625 0.109375
0 0.25390625 0.8875 0.1109375 0.11953125
0 0.84375 0.81484375 0.0546875 0.0953125
0 0.1125 0.928125 0.0765625 0.13046875
0 0.95 0.9296875 0.0765625 0.1015625
0 0.33125 0.746875 0.0859375 0.09921875
0 0.16640625 0.9546875 0.09765625 0.078125
0 0.74140625 0.9609375 0.07265625 0.07734375
0 0.96171875 0.86015625 0.0703125 0.0953125
0 0.78203125 0.65078125 0.04609375 0.0609375
0 0.03046875 0.93671875 0.0609375 0.11484375
0 0.53515625 0.9421875 0.08671875 0.10859375
0 0.8734375 0.5703125 0.0703125 0.0859375
0 0.92109375 0.9640625 0.04296875 0.06328125
0 0.478125 0.9703125 0.05625 0.04921875
0 0.35390625 0.6234375 0.08671875 0.13671875
0 0.53125 0.62421875 0.053125 0.1234375