0 0.228125 0.4171875 0.05703125 0.09140625
0 0.17890625 0.465625 0.0453125 0.09140625
0 0.6859375 0.68203125 0.06015625 0.15859375
0 0.7859375 0.6765625 0.08203125 0.15625
0 0.5515625 0.65625 0.0578125 0.14765625
0 0.78125 0.57265625 0.08046875 0.1578125
0 0.43671875 0.78671875 0.0765625 0.134375
0 0.4171875 0.7140625 0.0578125 0.12890625
0 0.26875 0.48828125 0.0671875 0.1078125
0 0.46875 0.646875 0.0609375 0.1390625
0 0.24140625 0.6984375 0.0453125 0.09140625
0 0.3828125 0.46171875 0.0765625 0.10625
0 0.1234375 0.9015625 0.08203125 0.1234375
0 0.1875 0.753125 0.05390625 0.11640625
0 0.05234375 0.609375 0.03828125 0.06796875
0 0.82421875 0.3453125 0.08515625 0.07734375
0 0.453125 0.340625 0.07109375 0.078125
0 0.03203125 0.94375 0.0640625 0.11015625
0 0.44375 0.57734375 0.0890625 0.12109375
0 0.9734375 0.6703125 0.053125 0.11875
0 0.2328125 0.96171875 0.0625 0.0734375
0 0.171875 0.590625 0.05390625 0.09453125
0 0.53125 0.52421875 0.0828125 0.08984375
0 0.9 0.5 0.08671875 0.1484375
0 0.25546875 0.821875 0.06484375 0.09609375
0 0.15234375 0.80390625 0.05859375 0.11015625
0 0.24296875 0.89921875 0.07578125 0.10859375
0 0.93359375 0.61953125 0.0515625 0.0859375
0 0.8515625 0.13203125 0.05390625 0.11015625
0 0.753125 0.45546875 0.0625 0.0734375
0 0.940625 0.27578125 0.0625 0.11484375