0 0.75625 0.5375 0.09921875 0.159375
0 0.5359375 0.55859375 0.10390625 0.12734375
0 0.134375 0.5125 0.08125 0.16953125
0 0.253125 0.37109375 0.1046875 0.1453125
0 0.44375 0.58984375 0.0875 0.19375
0 0.0640625 0.44375 0.10703125 0.14296875
0 0.26484375 0.86953125 0.09765625 0.18125
0 0.3203125 0.48046875 0.10546875 0.13203125
0 0.68125 0.3828125 0.1171875 0.1375
0 0.046875 0.796875 0.09296875 0.20234375
0 0.9234375 0.5046875 0.0875 0.17265625
0 0.53515625 0.39296875 0.10625 0.1546875
0 0.54765625 0.26328125 0.078125 0.11875
0 0.47734375 0.0984375 0.0671875 0.1265625
0 0.61640625 0.290625 0.07890625 0.12734375
0 0.059375 0.271875 0.11015625 0.12265625
0 0.778125 0.37109375 0.12265625 0.1625
0 0.72421875 0.11953125 0.1140625 0.1046875
0 0.5921875 0.0625 0.1203125 0.12421875
0 0.8453125 0.9109375 0.075 0.17578125
0 0.19921875 0.3125 0.1046875 0.11484375
0 0.290625 0.56171875 0.08984375 0.1671875
0 0.7515625 0.04921875 0.053125 0.0984375
0 0.8265625 0.065625 0.075 0.13046875
0 0.84375 0.1359375 0.05 0.096875
0 0.95703125 0.1421875 0.0859375 0.096875
0 0.89375 0.071875 0.06796875 0.14375
0 0.98203125 0.4859375 0.0359375 0.2
0 0.4078125 0.04765625 0.059375 0.0953125
0 0.346875 0.03984375 0.07890625 0.0796875
0 0.22109375 0.12734375 0.0921875 0.07578125
0 0.28671875 0.05859375 0.06484375 0.1171875
0 0.23984375 0.0375 0.0828125 0.075