0 0.70625 0.4265625 0.05625 0.11875
0 0.17890625 0.4671875 0.07265625 0.14375
0 0.034375 0.7125 0.06875 0.159375
0 0.46328125 0.3265625 0.0640625 0.10703125
0 0.53671875 0.31328125 0.04765625 0.17421875
0 0.52578125 0.41328125 0.06484375 0.1015625
0 0.8640625 0.27109375 0.06640625 0.121875
0 0.325 0.434375 0.07578125 0.11484375
0 0.25078125 0.32265625 0.08203125 0.14453125
0 0.27890625 0.375 0.07578125 0.13046875
0 0.6609375 0.23203125 0.07890625 0.1265625
0 0.57421875 0.35703125 0.0546875 0.14765625
0 0.321875 0.25625 0.06328125 0.140625
0 0.38515625 0.178125 0.07578125 0.1109375
0 0.709375 0.20625 0.06640625 0.10078125
0 0.76953125 0.50703125 0.05234375 0.11484375
0 0.92890625 0.359375 0.06328125 0.16171875
0 0.58671875 0.246875 0.0546875 0.12734375
0 0.80625 0.39765625 0.07421875 0.103125
0 0.93828125 0.26171875 0.07109375 0.11875
0 0.8171875 0.48984375 0.0546875 0.1375
0 0.04296875 0.1875 0.059375 0.1328125
0 0.10859375 0.209375 0.0703125 0.17265625
0 0.83359375 0.35703125 0.05234375 0.10546875
0 0.2703125 0.19140625 0.05546875 0.14140625
0 0.021875 0.27734375 0.04296875 0.14296875
0 0.85078125 0.1875 0.05234375 0.08359375
0 0.971875 0.3703125 0.0515625 0.096875
0 0.9546875 0.04453125 0.0546875 0.07421875
0 0.84375 0.459375 0.03984375 0.128125
0 0.28515625 0.08515625 0.0828125 0.08515625
0 0.7984375 0.0328125 0.0484375 0.06484375
0 0.03515625 0.0703125 0.06328125 0.1046875
0 0.64140625 0.121875 0.06875 0.08203125
0 0.4265625 0.0875 0.090625 0.06953125