0 0.27421875 0.35234375 0.10703125 0.19296875
0 0.62109375 0.76484375 0.0828125 0.1890625
0 0.69765625 0.73125 0.08671875 0.14296875
0 0.690625 0.84921875 0.10390625 0.1421875
0 0.45625 0.2609375 0.06171875 0.21015625
0 0.36484375 0.240625 0.06953125 0.196875
0 0.4125 0.24921875 0.05390625 0.209375
0 0.54453125 0.121875 0.0640625 0.17578125
0 0.49453125 0.18515625 0.084375 0.14375
0 0.68046875 0.175 0.0640625 0.1640625
0 0.28828125 0.20546875 0.09140625 0.14921875
0 0.91953125 0.1640625 0.09375 0.16171875
0 0.1609375 0.59375 0.13671875 0.1640625
0 0.16953125 0.9265625 0.1046875 0.128125
0 0.76171875 0.2125 0.05703125 0.17734375
0 0.05 0.89375 0.096875 0.153125
0 0.05078125 0.090625 0.090625 0.1203125
0 0.97421875 0.2046875 0.05078125 0.1515625
0 0.22890625 0.13125 0.07578125 0.1625
0 0.29921875 0.83046875 0.11953125 0.16640625
0 0.13046875 0.815625 0.0734375 0.18359375
0 0.03828125 0.20546875 0.0734375 0.17890625
0 0.1578125 0.08828125 0.0796875 0.1734375
0 0.85 0.28203125 0.07578125 0.14921875
0 0.2546875 0.06015625 0.09765625 0.1015625
0 0.68125 0.046875 0.09609375 0.09375