0 0.7796875 0.7125 0.078125 0.11875
0 0.6671875 0.72265625 0.071875 0.1015625
0 0.92109375 0.7390625 0.04375 0.09296875
0 0.56328125 0.7109375 0.06015625 0.13359375
0 0.4875 0.71484375 0.06171875 0.1171875
0 0.3390625 0.73203125 0.0859375 0.14140625
0 0.24921875 0.69921875 0.04921875 0.1390625
0 0.8140625 0.86484375 0.05390625 0.10546875
0 0.15390625 0.72578125 0.05625 0.13125
0 0.49921875 0.85 0.06640625 0.13359375
0 0.315625 0.8375 0.059375 0.134375
0 0.584375 0.834375 0.05703125 0.10234375
0 0.2609375 0.84375 0.071875 0.1328125
0 0.48359375 0.54375 0.06328125 0.08984375
0 0.6203125 0.58515625 0.10859375 0.11953125
0 0.94375 0.653125 0.05078125 0.07109375
0 0.13046875 0.82265625 0.071875 0.13125
0 0.72109375 0.8765625 0.0578125 0.1140625
0 0.20234375 0.72578125 0.06328125 0.1171875
0 0.334375 0.94375 0.05625 0.10625
0 0.82734375 0.2796875 0.0640625 0.14453125
0 0.90078125 0.2109375 0.0578125 0.1546875
0 0.0796875 0.75625 0.05625 0.13046875
0 0.1171875 0.28203125 0.075 0.078125
0 0.3796875 0.2375 0.05859375 0.1
0 0.4234375 0.91015625 0.0609375 0.1734375
0 0.7796875 0.29921875 0.05078125 0.10078125
0 0.4734375 0.96015625 0.05859375 0.07421875
0 0.1234375 0.9390625 0.06328125 0.10234375
0 0.63203125 0.2421875 0.05078125 0.11015625
0 0.2234375 0.1015625 0.06796875 0.09296875
0 0.6875 0.30703125 0.053125 0.07890625
0 0.87421875 0.25625 0.04609375 0.1046875
0 0.69140625 0.93125 0.06953125 0.12890625
0 0.0296875 0.77421875 0.05859375 0.1625
0 0.78828125 0.9609375 0.0515625 0.07734375
0 0.94140625 0.2640625 0.06328125 0.13828125
0 0.7609375 0.125 0.06796875 0.1296875
0 0.52109375 0.96171875 0.0515625 0.0765625
0 0.97109375 0.259375 0.04921875 0.11640625
0 0.8453125 0.09765625 0.075 0.17109375
0 0.9125 0.9546875 0.05390625 0.07578125
0 0.32734375 0.1875 0.05703125 0.1171875
0 0.25625 0.92890625 0.0625 0.13359375
0 0.2546875 0.11796875 0.0546875 0.09765625
0 0.72421875 0.26015625 0.05078125 0.09765625
0 0.9046875 0.36640625 0.04765625 0.09765625
0 0.94921875 0.39765625 0.05078125 0.084375
0 0.1015625 0.21484375 0.0953125 0.1
0 0.8796875 0.05859375 0.04765625 0.1140625
0 0.6390625 0.8296875 0.0484375 0.10703125
0 0.62421875 0.9125 0.06484375 0.0875
0 0.0796875 0.85546875 0.071875 0.11796875
0 0.03984375 0.89453125 0.07578125 0.14609375