0 0.61171875 0.6484375 0.08671875 0.175
0 0.3265625 0.7609375 0.09375 0.14375
0 0.321875 0.47578125 0.11015625 0.13671875
0 0.23203125 0.48203125 0.0734375 0.1640625
0 0.38125 0.12890625 0.11171875 0.16328125
0 0.5984375 0.3046875 0.078125 0.1734375
0 0.209375 0.29140625 0.0609375 0.20234375
0 0.6625 0.1640625 0.06953125 0.1703125
0 0.74140625 0.06875 0.08984375 0.134375
0 0.15078125 0.06328125 0.084375 0.125
0 0.8140625 0.1453125 0.075 0.19453125
0 0.10078125 0.10625 0.07109375 0.13515625
0 0.115625 0.37109375 0.078125 0.10703125
0 0.87890625 0.1828125 0.06796875 0.2078125
0 0.3578125 0.04296875 0.08671875 0.084375
0 0.27109375 0.29453125 0.05546875 0.16328125
0 0.03359375 0.25703125 0.0671875 0.1296875
0 0.5 0.2421875 0.109375 0.2265625
0 0.59375 0.1828125 0.07421875 0.1390625
0 0.6640625 0.0640625 0.1046875 0.12421875
0 0.978125 0.23671875 0.04375 0.14765625
0 0.090625 0.2671875 0.071875 0.17890625
0 0.2875 0.03046875 0.0796875 0.06015625
0 0.153125 0.3015625 0.0734375 0.215625
0 0.04765625 0.18125 0.0703125 0.08984375