0 0.20546875 0.07578125 0.0640625 0.1515625
0 0.1609375 0.04765625 0.059375 0.08984375
0 0.13359375 0.10703125 0.046875 0.109375
0 0.09375 0.1328125 0.0375 0.121875
0 0.05 0.1328125 0.0625 0.11796875
0 0.03984375 0.0625 0.05546875 0.1015625
0 0.15390625 0.24609375 0.0734375 0.1
0 0.04765625 0.5796875 0.0703125 0.11875
0 0.86875 0.32265625 0.096875 0.13359375
0 0.5828125 0.05625 0.08125 0.11171875
0 0.4 0.13203125 0.05390625 0.1515625
0 0.28671875 0.11875 0.0484375 0.1203125
0 0.90390625 0.19375 0.06796875 0.16875
0 0.9375 0.04609375 0.075 0.0921875
0 0.71171875 0.128125 0.05390625 0.18203125
0 0.2859375 0.0390625 0.06171875 0.078125
0 0.775 0.075 0.071875 0.14921875
0 0.34921875 0.2015625 0.05625 0.10859375
0 0.05234375 0.28359375 0.05546875 0.12109375
0 0.65234375 0.15078125 0.07734375 0.1671875
0 0.95859375 0.14453125 0.06796875 0.1546875
0 0.45625 0.03984375 0.0734375 0.0796875
0 0.32734375 0.13046875 0.06171875 0.1390625
0 0.553125 0.18515625 0.08046875 0.15234375
0 0.5953125 0.1359375 0.0453125 0.10078125
0 0.2609375 0.5015625 0.053125 0.16015625
0 0.171875 0.921875 0.078125 0.12890625
0 0.1359375 0.74375 0.06953125 0.134375
0 0.2890625 0.72265625 0.0796875 0.13828125
0 0.55546875 0.8625 0.09375 0.221875
0 0.21328125 0.49453125 0.06171875 0.12265625