0 0.75390625 0.1421875 0.11171875 0.140625
0 0.23984375 0.1109375 0.11640625 0.12578125
0 0.090625 0.41953125 0.10546875 0.153125
0 0.1859375 0.26796875 0.0828125 0.1828125
0 0.8796875 0.18125 0.1203125 0.1578125
0 0.95625 0.2765625 0.08515625 0.171875
0 0.56875 0.68828125 0.1046875 0.16640625
0 0.8703125 0.475 0.09765625 0.17734375
0 0.0828125 0.04375 0.121875 0.0875
0 0.3890625 0.478125 0.0765625 0.2171875
0 0.33515625 0.60625 0.08671875 0.13359375
0 0.91171875 0.85859375 0.10859375 0.15234375
0 0.8296875 0.6015625 0.10078125 0.171875
0 0.68671875 0.74140625 0.1046875 0.1859375
0 0.70859375 0.56875 0.0765625 0.146875
0 0.4703125 0.79140625 0.06953125 0.2390625
0 0.38515625 0.81875 0.1015625 0.203125
0 0.421875 0.6734375 0.09296875 0.08203125
0 0.09375 0.96328125 0.103125 0.0734375
0 0.03359375 0.790625 0.0671875 0.20078125
0 0.10703125 0.72109375 0.0515625 0.14296875
0 0.20546875 0.6953125 0.0703125 0.09453125
0 0.25 0.59296875 0.06640625 0.12734375
0 0.09140625 0.61484375 0.0609375 0.1546875