0 0.546875 0.08515625 0.05546875 0.12109375
0 0.54453125 0.2359375 0.0765625 0.1
0 0.5484375 0.35078125 0.08046875 0.1140625
0 0.70234375 0.2359375 0.08515625 0.1109375
0 0.68125 0.4234375 0.0703125 0.1234375
0 0.56015625 0.48125 0.06796875 0.14296875
0 0.83515625 0.23828125 0.0671875 0.1078125
0 0.8890625 0.52421875 0.0546875 0.10390625
0 0.08046875 0.26640625 0.0875 0.16796875
0 0.396875 0.35703125 0.0890625 0.0953125
0 0.340625 0.42578125 0.078125 0.11796875
0 0.9484375 0.60234375 0.0484375 0.0828125
0 0.36171875 0.63203125 0.07421875 0.17109375
0 0.82109375 0.353125 0.07421875 0.11953125
0 0.0703125 0.4875 0.09453125 0.12421875
0 0.0859375 0.36796875 0.07421875 0.11015625
0 0.8390625 0.43359375 0.06171875 0.1078125
0 0.2859375 0.64609375 0.07109375 0.1046875
0 0.13125 0.7953125 0.12109375 0.16015625
0 0.86171875 0.6359375 0.05859375 0.1265625
0 0.484375 0.9484375 0.08671875 0.09921875
0 0.26171875 0.403125 0.05234375 0.10234375
0 0.1828125 0.3890625 0.06640625 0.1140625
0 0.6921875 0.746875 0.0609375 0.08828125
0 0.6296875 0.92265625 0.059375 0.14609375
0 0.05859375 0.059375 0.08125 0.11796875
0 0.11328125 0.628125 0.07265625 0.10625
0 0.14140625 0.68203125 0.059375 0.12421875
0 0.18125 0.7140625 0.04609375 0.14375
0 0.22734375 0.71640625 0.05234375 0.15859375
0 0.26953125 0.71875 0.07265625 0.17578125
0 0.42734375 0.640625 0.0703125 0.075
0 0.440625 0.71640625 0.078125 0.1109375
0 0.47265625 0.76640625 0.05 0.14375
0 0.5796875 0.7578125 0.084375 0.10625
0 0.56484375 0.84375 0.0484375 0.1390625
0 0.51171875 0.81015625 0.04453125 0.14296875
0 0.715625 0.81484375 0.046875 0.1
0 0.7390625 0.871875 0.03828125 0.08125
0 0.4328125 0.4625 0.046875 0.10078125
0 0.79453125 0.6296875 0.03828125 0.08515625
0 0.75703125 0.59609375 0.034375 0.09765625
0 0.71875 0.57421875 0.040625 0.109375
0 0.8546875 0.81796875 0.05625 0.121875
0 0.9 0.8609375 0.0484375 0.14375
0 0.940625 0.871875 0.05859375 0.1109375
0 0.97265625 0.95625 0.0515625 0.0828125
0 0.87109375 0.959375 0.03359375 0.08125
0 0.8375 0.875 0.04140625 0.10546875
0 0.771875 0.91953125 0.0484375 0.1140625
0 0.7953125 0.928125 0.04921875 0.13203125
0 0.8234375 0.9265625 0.04921875 0.12734375
0 0.98125 0.7125 0.02890625 0.0828125