0 0.628125 0.48671875 0.1390625 0.17421875
0 0.834375 0.44296875 0.1390625 0.28125
0 0.4578125 0.2984375 0.13125 0.20859375
0 0.30390625 0.271875 0.17578125 0.17421875
0 0.15859375 0.17421875 0.13515625 0.31015625
0 0.35546875 0.60625 0.1171875 0.24375
0 0.50546875 0.75625 0.0859375 0.21484375
0 0.7765625 0.815625 0.15 0.1890625
0 0.3109375 0.746875 0.09609375 0.209375
0 0.59296875 0.75078125 0.1109375 0.2625
0 0.16328125 0.7203125 0.11015625 0.2046875
0 0.43671875 0.72578125 0.09375 0.2546875
0 0.39375 0.06796875 0.10234375 0.13515625
0 0.05078125 0.70234375 0.1015625 0.18046875
0 0.3203125 0.13359375 0.1140625 0.1671875