0 0.553125 0.48984375 0.071875 0.18515625
0 0.428125 0.32578125 0.078125 0.10703125
0 0.3640625 0.61015625 0.07421875 0.10546875
0 0.84609375 0.43359375 0.07265625 0.11953125
0 0.196875 0.3046875 0.1015625 0.12734375
0 0.0734375 0.50625 0.07421875 0.15078125
0 0.896875 0.29453125 0.05234375 0.1046875
0 0.915625 0.16015625 0.04140625 0.1359375
0 0.96640625 0.53515625 0.0671875 0.0984375
0 0.878125 0.6109375 0.05234375 0.13125
0 0.9578125 0.8328125 0.05078125 0.103125
0 0.903125 0.8734375 0.0484375 0.125
0 0.8625 0.9015625 0.0765625 0.084375